1
512
0.153168
-0.039108
-0.103347
-0.043974
-0.056182
0.043534
-0.015625
-0.114406
0.102150
-0.113995
0.058429
0.018199
0.125701
0.045325
-0.085368
0.054785
0.042447
-0.086412
0.043112
-0.014017
-0.021761
-0.052419
-0.102848
0.053581
0.011041
0.182603
0.044023
-0.201995
-0.117241
0.144822
0.203825
-0.090945
0.011401
0.031119
0.190583
-0.050235
-0.127097
-0.034185
-0.006761
-0.082010
-0.001305
-0.228716
0.000923
0.004927
-0.085405
0.001910
0.115167
-0.095075
-0.157086
-0.076878
0.094210
-0.010769
-0.073223
0.015139
-0.027984
-0.002745
0.021646
-0.089468
-0.042319
0.025176
-0.125355
0.107243
0.021339
0.025882
-0.055504
-0.014812
0.073988
0.020715
-0.019386
-0.036003
0.045416
-0.022286
0.031477
-0.093896
0.148107
0.081058
-0.128371
-0.024258
-0.068310
0.151668
-0.162760
0.033685
0.148891
-0.146349
-0.113729
-0.064693
-0.022947
0.118442
0.007077
0.096150
-0.120450
-0.073491
-0.047970
-0.186295
-0.085408
-0.113953
-0.138640
0.009277
0.069241
0.074948
-0.040612
0.163254
0.007692
0.140232
-0.179562
-0.044728
0.008537
0.121464
-0.049539
0.003164
-0.087749
-0.001970
-0.240964
0.020978
0.056942
-0.008014
0.017072
0.064523
-0.244509
0.078648
-0.018265
-0.046831
0.040364
0.024582
0.051697
0.028617
-0.098906
-0.062478
-0.063005
0.046844
-0.003541
0.006206
-0.055067
-0.176750
-0.078935
0.027607
0.044905
-0.035060
0.135681
-0.209525
0.050580
0.122782
0.109412
-0.169563
-0.077671
0.072304
0.148894
-0.028936
0.016418
-0.099498
0.157023
0.014323
-0.127829
0.116144
0.121800
0.015131
0.051747
0.051372
0.041847
0.065308
0.179724
0.231515
0.081343
-0.001879
-0.071798
0.131352
-0.063467
-0.023479
-0.023936
-0.093406
0.025536
0.063187
-0.039060
0.108138
-0.094666
-0.109309
-0.055278
0.103396
0.166919
0.070571
-0.034305
0.061882
0.101692
-0.048683
-0.054348
-0.057830
0.051586
0.010403
0.034647
0.083061
0.038822
-0.069720
0.160898
-0.008476
-0.117303
-0.104855
-0.060035
0.002145
-0.043569
-0.012131
0.006587
0.076008
-0.164446
0.047780
-0.136857
-0.005707
0.003679
-0.089405
-0.208717
-0.074672
0.033195
-0.009229
-0.012535
-0.034808
-0.082264
-0.057958
0.044535
0.026602
-0.028245
0.025078
0.072909
0.089506
-0.082733
0.033077
0.147347
0.212460
0.133640
-0.079332
-0.048854
-0.068713
0.073650
0.102633
0.006869
0.071967
-0.021812
-0.036512
0.058292
-0.155430
0.043904
-0.130928
0.027223
0.111161
-0.063607
0.083414
-0.140683
-0.188431
0.032303
0.070732
0.087449
0.131838
-0.008222
0.061446
-0.023677
0.017570
0.070928
-0.142474
-0.024739
-0.131839
0.054712
0.077712
0.089208
0.144589
0.046402
0.027755
0.120789
-0.050178
-0.050975
-0.035790
0.103094
0.001757
-0.023140
0.085461
-0.060122
0.066636
0.066875
-0.078640
-0.077855
0.079843
0.037624
0.024067
-0.068136
0.089971
-0.109928
0.047824
-0.021041
-0.035570
-0.020204
0.039517
0.166972
0.065115
-0.002287
0.005942
-0.022886
-0.062121
0.089328
0.226564
-0.076445
-0.021881
-0.015009
-0.059908
0.155998
0.009121
0.094424
-0.093245
0.025532
-0.016467
0.082722
-0.025546
-0.182143
-0.012043
0.026499
-0.010904
-0.019715
-0.019656
0.025047
-0.101875
-0.184980
0.157893
-0.028469
0.138927
0.050718
0.088440
-0.117099
0.060113
-0.182170
0.009658
0.079488
0.139901
-0.126601
-0.115993
0.215435
-0.076615
-0.098844
-0.013976
0.008738
0.012691
0.069792
0.119110
0.047190
-0.115387
-0.181089
-0.061999
0.079882
-0.025231
0.005478
-0.111764
-0.124580
-0.056386
-0.173868
-0.102936
0.039894
-0.076805
0.021115
0.055312
-0.010828
-0.044411
-0.116017
0.020754
-0.074611
0.047475
0.077189
0.060453
0.075004
0.036520
-0.214832
-0.054776
0.153602
0.016532
-0.011834
-0.032486
0.091612
-0.064387
0.084990
0.081155
-0.100328
-0.020435
0.197931
-0.048590
0.007778
0.049618
-0.007429
0.173513
-0.008012
-0.123838
-0.006158
0.071314
0.077654
0.044752
-0.007232
0.035742
0.098101
0.003144
-0.001648
-0.010017
0.092379
-0.036138
0.172637
-0.072457
0.087573
0.153274
0.073202
-0.028799
0.053335
-0.196621
-0.039258
-0.032636
-0.087099
-0.073775
-0.025494
-0.186618
0.001477
-0.032407
0.160798
0.047964
0.070059
-0.046604
-0.150280
-0.162846
-0.114717
-0.046028
-0.097432
-0.064605
-0.054489
-0.066611
-0.008396
0.181354
0.043317
0.004064
0.169018
0.135212
0.041168
0.182059
-0.258179
-0.028974
-0.023009
0.008998
-0.076330
0.062913
0.114407
-0.065845
-0.018531
0.051462
-0.003346
-0.025644
0.084639
-0.029790
-0.011298
0.002340
0.029178
-0.044545
0.024508
-0.085437
-0.104314
0.125935
-0.005625
-0.016600
-0.099363
-0.027651
-0.144098
0.137152
-0.007517
-0.047102
-0.030103
0.121496
0.007335
0.029422
0.124839
0.160247
0.114917
0.015270
0.059507
0.117512
-0.111746
0.031453
0.065706
-0.197631
0.013283
0.093813
-0.083239
-0.013793
0.092259
-0.011515
-0.056253
0.124260
0.051316
-0.018336
0.001259
0.131318
-0.008470
-0.073578
-0.001324
0.047994
-0.003203
-0.059593
-0.033939
-0.000340
0.009812
0.041463
0.020314
0.095010
-0.013005
0.047926
0.122636
-0.087098
-0.083398
-0.047769
-0.013503
0.058667
-0.024473
-0.054676
-0.037338
-0.085985
