1
512
-0.206870
0.193309
0.352280
-0.031073
-0.254174
-0.149924
-0.771672
0.465004
0.792179
0.382242
0.368543
-0.020097
0.312800
0.267042
-0.009620
-0.164720
-0.063566
-0.310033
-0.280513
-0.063745
-0.095707
0.283078
-0.162180
-0.524136
-0.403823
0.016003
0.711342
0.442654
0.291010
0.588781
-0.057451
-0.103552
-0.231340
-0.762942
0.228117
0.129231
-0.184945
-0.240275
-0.195326
-0.019175
-0.136620
-0.960246
-0.073945
0.206004
-0.568040
-0.174286
0.204553
0.697773
0.088404
-0.125103
-0.421386
-0.367265
-0.002855
-0.240543
0.293372
-0.000774
-0.204565
-0.455195
0.265917
0.325310
0.455614
0.003158
0.536961
0.061079
0.049031
-0.275726
-0.136276
-0.032970
-0.048479
-0.549497
0.459432
-0.010596
0.171259
-0.373086
0.295743
-0.067225
-0.025625
0.642398
0.308646
-0.192003
0.021993
-0.161288
0.266754
0.162230
0.071243
-0.167732
0.156260
0.056896
-0.301594
-0.251757
-0.093548
-0.560782
-0.214780
0.294078
-0.147970
0.586766
-0.119835
-0.211764
0.353184
-0.278691
-0.579206
-0.035872
-0.255982
0.039112
0.321028
0.628081
0.166804
-0.632934
-0.206167
0.700906
-0.149516
0.842597
0.026398
1.074913
-0.585612
0.217223
0.285913
0.026905
-0.616883
0.000890
0.054164
-0.122040
0.225507
0.363656
-0.690946
-0.433077
0.116284
0.300158
0.035211
-0.446623
-0.500492
-0.088602
-0.298150
-0.646469
0.128892
-0.481642
0.170866
-0.152357
-0.123417
0.766936
-0.464968
0.189952
-0.170293
-0.033936
0.481502
-0.143047
-0.071889
-0.302051
-0.350658
0.204303
0.337288
0.057373
-0.413900
-0.162418
-0.080845
0.062445
0.329862
0.117623
0.400821
-0.153463
0.605459
-0.535385
-0.921577
-0.923488
0.487126
-0.204927
-0.575441
-0.525503
0.063560
0.154108
0.187011
-0.136695
0.147652
0.309002
-0.084932
0.015809
0.458480
0.078586
-0.230062
-0.341212
-0.011317
-0.885965
0.376613
0.069169
0.116271
-0.163966
-0.612434
0.818209
-0.176448
-0.235128
-0.028478
-0.420315
0.124298
0.905278
-0.413517
0.274011
-0.497073
0.009847
0.133996
0.360574
0.581003
-0.282377
-0.199461
0.285135
0.105749
0.114822
-0.171903
1.476117
-0.345963
-0.649581
0.241985
-0.023730
-0.368648
-0.178347
-0.776482
-0.250666
-0.161581
0.275159
-0.046150
0.562158
0.133617
0.207569
-0.068792
0.413023
0.117555
-0.849125
-0.068070
0.464361
0.432173
0.227398
-0.211049
-0.092583
-0.001855
0.440931
0.386992
0.364899
0.488477
0.368761
0.287346
0.430227
-0.246050
-0.407869
-0.073556
0.788090
0.489131
-0.064787
0.333920
0.205058
0.337074
0.627110
-0.409556
0.711943
-0.031112
0.277940
-0.139733
0.385160
0.146423
0.087069
0.384962
-0.020923
-0.382516
0.498650
0.726100
1.508741
-0.355885
0.299732
-0.133737
0.741439
0.548365
0.097545
-0.016675
0.218170
0.120723
0.291285
-0.135386
0.106118
0.271009
-0.192177
0.612144
-0.187510
0.449195
0.490883
0.405036
-0.446826
0.300515
-0.306773
0.353465
0.646932
0.104783
0.068481
1.109821
-0.650459
0.569363
-0.351434
0.209952
-0.009808
-0.535454
0.851879
-0.255460
0.654716
0.415885
0.040320
-0.373543
-0.236207
-0.159421
-0.400823
0.014915
0.064939
-0.336402
0.561262
-0.092859
0.011966
0.270706
0.170318
-0.016655
-0.030333
-0.451543
-0.599469
-0.029911
0.390351
0.479585
0.004386
0.257711
0.154374
0.226480
0.208077
-0.026528
-0.148081
0.248316
-0.204479
0.317963
-0.393156
-0.097309
-0.091608
-0.587917
0.299776
0.328034
0.047205
-0.147891
-0.527109
0.486760
-0.289611
-0.946394
0.103156
-0.211700
-0.010684
-0.144574
0.273253
0.090645
-0.001815
-0.631287
0.266730
0.291855
-0.390860
0.674084
0.844415
-0.142696
0.267876
-0.540148
-0.214902
-0.076316
-0.520581
-0.332788
-0.327570
-0.040610
-0.333089
0.257419
-0.133509
-0.884620
0.135170
0.185613
0.152426
-0.047319
0.161706
-0.028508
-0.017617
-0.051088
-0.610950
0.248415
0.538149
1.006950
-0.493669
0.126387
-0.457103
0.182949
-0.290661
0.249697
0.656290
0.318928
-0.401397
0.027160
-0.159187
0.040643
-0.026233
0.197947
0.648831
-0.038642
-0.023266
-0.440690
0.142133
0.083946
-0.045156
0.780487
0.279139
-0.033519
-0.181361
0.245277
-0.067799
0.739052
-0.319717
0.512114
0.301684
-0.322068
-0.576482
0.232074
-0.087533
-0.437112
0.173511
0.138184
0.292495
-0.491194
-0.515239
-0.130128
-0.394876
0.245743
-0.561826
-0.162454
0.041197
-0.058812
0.394002
-0.131336
-0.034746
-0.726407
-0.472697
-0.182616
0.853050
0.002477
-0.381247
0.273161
-0.165746
-0.097074
0.392997
0.282604
0.337492
0.186619
-0.101688
-0.718668
-0.107479
0.167523
0.030166
0.115182
-0.245791
0.139959
-0.115322
0.262043
-0.103170
-0.391650
0.187389
0.099545
-0.160593
-0.022848
-0.015639
0.120632
0.339770
-0.019629
0.479581
-0.077570
-0.210856
-0.379208
-0.417761
0.499893
0.428577
0.096614
-0.133209
0.500517
-0.900083
-0.081051
-0.051489
0.133747
-0.204884
-0.201123
0.097859
-0.345763
0.128130
0.332409
-0.723958
-0.308520
0.016603
-0.197709
0.300783
0.106634
0.426529
0.358199
0.653736
-0.030330
-1.039279
-0.072989
-0.200738
0.046113
0.281380
-0.113824
-0.398692
-0.087523
0.739347
0.002616
0.091728
0.483957
0.428106
0.900705
0.385222
0.288611
-0.076408
