1
512
0.265163
-0.150660
-0.237552
0.368457
-0.025604
0.150685
0.367152
-0.378877
-0.387714
-0.427595
0.247230
-0.063570
0.149257
0.270103
-0.349389
0.268489
-0.098948
-0.125061
0.538738
0.560061
0.125091
-0.035178
-0.267063
-0.475996
0.033459
-0.252838
0.228574
-0.471717
-0.383110
0.278903
-0.312080
0.180700
-0.680219
-0.491009
-0.292562
-0.018040
-0.144028
-0.002034
0.296971
-0.297540
0.213648
0.021092
0.003143
-0.815803
-0.135817
0.125242
0.199997
-0.201733
-0.387702
-0.268757
-0.377727
0.683670
0.245708
-0.424616
0.541580
0.015400
0.200011
0.057991
-0.162038
-0.438571
-0.014591
-0.482699
-0.564373
-0.940622
-0.595071
-0.355361
0.260566
-0.174060
-0.127077
0.445101
-0.030064
0.265561
-0.046206
-0.193404
0.060119
-0.130434
-0.164786
0.133797
-0.411447
-0.062374
0.508838
0.499860
0.229153
0.033893
0.040652
0.223179
-0.161546
0.514032
-0.853298
-0.445310
-0.513209
0.036730
0.316294
0.390114
0.060381
0.429173
-0.122666
0.902216
-0.154366
0.043274
-0.523261
-0.272078
0.432515
-0.071266
0.114000
0.156794
0.457621
-1.232970
-0.402907
-0.158359
-0.337010
-0.696030
0.379446
0.030594
-0.340736
0.142140
0.549534
-0.453215
-0.063436
-0.147748
0.134294
-0.123828
-0.206940
-0.378203
-0.124477
0.488530
-0.356789
0.142208
-0.172365
0.509851
0.407845
0.361347
-0.420545
-0.324620
0.285707
0.359418
0.180510
-0.218813
-0.300371
-0.005810
0.300956
0.289652
-0.296490
-0.588917
-0.129982
0.211610
0.020122
0.204017
0.176953
0.306065
-0.476888
0.069021
-0.573369
-0.066416
0.429985
0.396714
0.308767
0.261465
0.167171
-0.175179
-0.614475
0.515041
0.024198
-0.057962
-0.114881
0.295463
-0.025973
-0.005946
-0.180379
0.432770
0.090109
0.122460
0.198492
0.653414
0.382762
0.016420
0.004099
-0.343691
0.027107
0.243122
-0.177859
-0.567603
0.511543
-0.136256
0.062615
0.209279
-0.439852
0.526662
-0.596628
-0.561994
-0.140890
0.032680
-0.431767
-0.519721
0.721138
0.411960
0.012202
0.267351
-0.043304
0.133709
-0.353568
0.251091
0.004795
-0.132695
0.150933
-0.226088
-0.383482
0.517733
0.121351
-1.099909
-0.011020
0.015972
-0.559728
-0.320435
0.273089
0.238497
-0.196912
0.778135
-0.357123
0.198227
0.170170
-0.319579
0.232857
-0.280777
-0.056618
0.205702
-0.126799
0.653075
-0.521092
0.339372
-0.144156
0.230886
-0.141745
0.358976
0.185292
-0.475263
0.155647
0.052437
0.556145
0.400545
-0.612470
0.137541
0.115279
-0.383552
-0.098420
0.011471
-0.344810
-0.496978
-0.270426
-0.220376
0.074950
-0.248455
-0.303044
-0.017414
-0.032459
-0.167388
0.240482
0.072599
0.164155
0.024279
0.184524
-0.166434
0.334018
0.189874
-0.169308
-0.300783
-0.153714
-0.344927
-0.005566
-0.012007
-0.495342
0.670928
-0.239144
-0.303841
-0.584153
0.095921
0.620422
0.304099
-0.138742
-0.130173
-0.306661
-0.211709
0.151072
-0.419358
0.081320
0.293954
-0.092038
-0.072115
0.006483
0.493637
-0.475306
0.108410
0.050466
-0.155691
0.218704
-0.548080
0.081581
-0.249400
-0.146106
0.089506
0.010473
-0.146296
-0.347643
-0.601545
0.472010
0.221135
-0.129074
0.145376
0.243394
0.021697
0.125419
0.030231
0.216540
0.226926
-0.410483
-0.060328
-0.324786
0.001858
-0.361464
0.047730
-0.118377
0.568098
0.705884
-0.109242
-0.722316
0.268685
0.286235
0.043164
-0.302244
0.046072
0.338296
-0.071914
0.008071
0.085494
-0.143255
0.286335
-0.191842
-0.323850
0.172476
0.081505
0.176061
-0.095790
-0.256272
0.059440
0.007517
0.176536
-0.563968
0.221141
0.216534
0.226851
0.249033
0.244582
0.779951
0.143561
-0.117596
-0.844736
0.131707
0.038508
-0.205051
0.312082
0.313107
0.064532
-0.416932
0.016686
-0.255004
-0.273435
0.575685
0.165402
-0.033839
0.350945
0.324481
-0.009491
0.650988
-0.170565
0.318829
0.311878
0.126152
0.471037
0.055056
-0.071392
0.799152
0.007864
-0.139950
0.131623
0.156421
0.195683
-0.228082
-0.147714
0.287355
0.107236
-0.289946
1.160675
0.396554
-0.044235
-0.241851
0.328129
0.218456
0.448742
0.159145
0.139245
0.327979
-0.176011
-0.032872
-0.498094
-0.199219
0.045115
0.203376
-0.441977
-0.182732
-0.209300
-0.662315
0.044238
0.069803
-0.387436
-0.068000
-0.392449
-0.076603
-0.112329
0.409201
0.127510
0.221315
-0.452462
0.103961
0.446962
-0.219338
-0.372350
0.635564
0.261020
0.001058
0.029841
-0.298005
0.451371
-0.002066
0.071798
-0.446123
-0.258009
-0.536853
-0.077708
-0.065739
0.286480
-0.239567
-0.297451
0.734274
-0.723690
0.111651
0.284650
0.586951
-0.039429
0.511099
0.272578
0.332781
0.129263
-0.239844
0.332369
0.831434
-0.510766
-0.335458
-0.548688
0.105253
-0.148133
-0.140683
-0.275959
0.674470
-0.537752
-0.080673
0.195105
-0.122672
-0.445058
0.233703
-0.260011
0.233281
-0.227510
-0.123849
1.338932
-0.157937
-0.062402
0.106288
-0.298812
-0.303746
-0.123503
0.399434
-0.050486
-0.054381
-0.062747
-0.287878
-0.119430
0.270341
0.182228
-0.198228
0.070514
0.061513
-0.401646
-0.158990
-0.059211
-0.157162
0.088873
-0.037765
0.051141
-0.170956
-0.018833
0.174324
0.052638
0.321126
0.264473
0.101150
0.138352
-0.351300
0.238415
-0.191294
0.096638
0.277385
0.167251
