1
512
1.145367
0.522461
0.990653
0.705284
0.365514
0.200321
0.720862
0.290228
0.983555
0.011744
0.538047
0.238119
0.602595
0.098823
0.537740
0.630318
0.876476
0.220280
0.634604
1.019681
1.213172
0.171472
1.106273
0.834995
0.585380
0.932326
0.523875
-0.446904
1.205185
-0.859188
0.655403
-0.436130
0.339650
0.697058
0.213360
0.684014
0.368624
0.005880
-0.007944
0.393505
0.405347
-0.094597
0.009841
0.156212
0.932246
0.508708
0.424152
-0.037554
-0.154118
0.622764
0.636821
-0.329592
0.987377
0.398703
0.023504
0.951410
0.627822
0.228114
0.900613
0.197081
-0.523981
0.738776
0.917308
0.903488
0.506460
0.804398
0.516206
-0.841736
0.049427
0.324986
-0.187274
0.597208
-0.460173
0.553513
-0.153539
0.822061
0.149566
0.214985
0.685166
0.464745
0.031360
1.009696
0.585306
0.504105
1.397246
0.343763
0.408699
0.402747
1.121886
0.627837
-0.467513
0.470740
0.242397
-0.218119
-0.383754
-0.077285
0.962151
-0.167159
0.407534
0.761761
1.072954
-0.677367
0.480481
0.220961
0.086635
0.522665
0.114469
0.041631
-0.260567
0.477190
0.887932
0.741307
-0.371884
0.157580
-0.086476
0.366695
0.655698
0.917096
0.387627
0.307178
0.056320
0.846394
-0.209984
-0.573505
0.798637
-0.366837
0.588185
0.815217
0.947847
0.493321
0.032879
-0.625825
0.392234
0.320488
0.199692
0.379601
0.672082
0.647809
0.319159
-0.025279
0.943273
0.732785
0.882959
0.532952
0.338127
0.500929
-0.119072
-0.238072
0.351337
0.749952
0.123523
-0.161901
1.148030
0.793717
0.349969
0.540546
-0.047333
0.865081
0.485104
0.846707
0.680514
0.446302
-0.077763
0.824554
0.247378
-0.802178
0.891243
0.696120
0.383575
0.314305
0.130396
1.162487
0.431574
0.618886
0.626369
0.536941
0.297723
1.292573
0.629546
0.291676
0.990579
-0.633843
0.552178
0.483038
0.686984
1.099397
-0.328384
0.262859
0.495304
0.414417
0.405526
-0.254815
0.735615
0.423908
0.031960
0.256691
0.274513
-0.467888
1.094470
-0.332571
0.875001
0.817069
0.726493
0.499792
0.903755
0.177417
0.067554
0.265956
0.853783
0.422044
-1.079566
0.371490
0.489945
0.695057
0.505041
0.825165
0.742065
1.075809
0.316068
0.663754
0.695811
0.383331
-0.613814
0.399045
0.492839
-0.006039
-0.699444
0.959524
-0.190585
0.718504
0.230453
0.044813
0.313463
-0.199674
-0.012133
1.000120
0.765090
-0.688986
1.270267
0.109653
0.441987
0.493234
0.523003
0.772082
1.237233
0.278226
0.672300
0.950683
0.513506
0.653799
0.244590
-0.386608
-0.259606
0.952838
0.626808
0.749682
0.226897
-0.158064
0.608089
0.375508
0.303134
-0.872617
0.536181
0.240499
0.200443
0.158446
0.269038
0.256054
0.840062
0.677518
0.781403
0.486082
1.029601
0.551973
-0.169875
-0.113772
0.520652
-0.727345
0.543771
0.596723
0.158714
0.693253
0.641406
-0.415478
0.314522
0.818375
0.771015
0.587512
0.424867
0.325219
0.193231
0.248188
-0.219022
0.153476
0.455140
0.003764
0.174427
-0.220309
0.410526
0.487854
0.411528
0.143308
0.905172
1.006077
1.061056
-0.025469
0.779428
-0.672037
-1.061140
-0.053213
0.603863
0.633334
0.338530
0.254008
0.265303
0.221745
0.707559
0.316994
-0.189618
-0.240752
0.725529
0.908374
1.046195
-0.808503
-0.334552
-0.394886
0.659964
0.100120
0.371754
0.453376
0.532723
0.517182
-0.251509
0.229581
0.627717
0.704032
-0.027440
0.953241
0.306488
0.087619
0.657517
0.217382
-0.139694
0.181105
0.681610
-0.626222
0.682997
0.337992
0.442571
0.293679
0.332398
0.662985
0.857868
0.542346
0.156625
-0.112121
0.569089
0.541211
0.011721
0.039133
0.131193
0.996595
-0.911195
0.124638
0.151717
0.503410
0.917715
0.853728
0.956755
0.278847
0.286567
0.535303
0.272908
1.109666
0.582034
0.742998
-0.624836
0.290312
0.461739
0.562163
0.802226
0.796215
0.298507
0.435019
-0.706858
0.821382
0.135107
0.581227
0.441212
0.486001
0.575940
0.814278
-0.244700
0.369109
0.028085
0.768816
-0.024806
1.031666
0.426263
0.349152
0.463805
0.383149
0.601492
0.164402
0.489558
0.586966
-0.258535
0.824186
0.214384
-0.302609
0.445923
0.160215
-0.173199
1.036107
0.534169
0.286565
0.243165
0.329899
-0.128226
-0.030954
0.330673
0.370756
0.559852
0.979591
0.170718
0.267952
-0.068625
0.375488
1.107106
0.298548
0.967251
-0.506280
-1.126339
0.904778
-0.064433
0.791385
0.626360
0.930264
0.930216
0.542427
0.316822
-0.002927
0.569980
0.910981
0.444228
0.503659
-0.399959
-0.144078
0.205494
0.450855
0.408314
0.343108
0.915219
0.675076
0.008570
0.359001
0.313206
0.582371
0.797530
0.715763
0.474848
0.707854
0.095420
-1.151084
0.672059
0.809559
-0.110605
-0.150912
0.309843
-0.162861
-0.637729
-0.544733
0.653929
0.524161
-0.166557
-0.874864
0.651223
0.620546
-0.621324
0.110534
0.399747
0.386992
0.148729
0.279659
0.880864
1.114080
0.341820
-0.014286
0.432661
0.429324
-0.233083
0.934595
0.835648
-0.151637
0.653292
0.462325
0.482595
0.100353
0.427626
0.198925
0.211443
0.104594
0.340649
1.070876
1.032821
0.664494
0.448311
0.055186
0.126122
0.066694
0.569425
0.654343
