1
512
1.067910
1.196903
0.819587
0.888420
0.508072
0.015585
0.387624
0.846857
0.072152
0.191464
1.434538
1.101567
1.196105
0.508348
0.853552
0.747541
1.174518
0.971610
0.718634
-0.621538
1.045098
0.414375
-0.260487
-0.511134
0.903367
1.154142
0.422943
-0.182273
1.174245
0.128663
0.953248
0.613504
-1.145076
-0.035489
1.067716
-0.094873
1.357728
0.997096
0.721308
0.873751
0.773059
0.635484
1.109939
0.018929
0.668544
0.996980
0.843890
0.941433
0.765744
1.115251
1.209731
1.172508
0.991153
0.956885
1.071827
0.529598
0.184609
0.209515
0.078107
0.172660
1.063890
1.113166
1.179907
0.947297
-0.158806
1.107548
1.078410
0.977451
0.983477
0.966141
-0.221149
-0.832435
0.667798
0.700562
1.201061
-0.091799
0.334991
-0.127934
-0.059928
0.974006
0.448221
1.256249
0.290789
0.980686
1.105759
1.061077
1.211137
0.528133
1.272224
1.336584
0.001458
-0.423836
1.241679
0.638428
0.908583
1.240764
1.185902
1.217837
0.614877
1.193848
-0.070253
0.769227
1.134461
1.024996
0.441298
0.928538
1.196207
0.865703
0.212083
0.472125
1.038425
-0.574165
0.613893
0.310743
-0.215344
0.937966
1.088362
1.078592
0.679358
0.900843
0.842579
-0.715590
1.080519
-0.258796
0.651185
-0.346328
-0.171877
0.254007
0.907266
-0.430530
-0.683376
1.003199
1.186140
0.964624
1.162384
1.191421
0.866852
0.795200
1.261063
-0.378543
0.686374
0.531318
-0.298130
0.725484
0.178079
0.451444
-0.582237
-0.289505
0.980960
0.830290
0.994122
0.438960
1.165905
1.275553
0.495287
0.676371
1.010741
0.379826
-0.732328
-0.726422
-0.685739
0.765745
0.819674
0.911485
0.460671
1.111002
0.723644
0.489270
1.051087
1.261077
-0.345987
0.485357
0.935256
-0.341659
0.619611
-0.730321
1.092137
0.525504
0.680352
0.839664
0.629166
0.275304
0.900951
-0.170337
1.265876
0.932061
0.933684
-0.743377
0.654884
0.864833
0.412857
0.677541
1.081875
0.695322
-0.462569
0.843014
0.821844
0.700218
1.196755
0.419599
0.971207
1.052921
-0.315906
1.256670
1.127507
0.816775
1.199962
-0.171911
-0.634719
0.802269
0.621238
1.130051
1.056610
0.910047
-0.308055
1.140781
1.109731
0.490518
0.916797
0.917921
0.517265
0.625784
1.106035
0.944937
1.020847
0.509558
1.015355
1.112008
1.279224
1.136565
0.387243
0.891943
0.689947
-0.244592
-0.185966
-0.593702
-0.989602
1.157779
1.249365
1.021284
1.211959
1.077385
-0.258627
0.680722
0.969937
0.930612
1.208960
0.993696
0.755492
-0.510591
0.982691
0.348140
-1.140855
1.131506
1.095875
-0.240359
1.185894
0.852328
1.065216
-0.418486
0.930892
0.383740
-0.313927
0.101144
1.354039
-1.024640
-0.123601
-0.776996
-0.436879
0.916010
0.885928
0.761781
0.847678
-0.716531
0.009480
1.210315
-0.193960
1.127988
0.439816
0.124701
-0.291520
1.110271
1.153556
1.080807
0.595737
0.317025
0.768843
0.505411
0.928950
0.635779
-0.480535
1.116238
-0.640526
1.167181
-0.349693
1.006757
-0.462581
-0.298848
0.316312
-0.240100
-0.178780
0.693204
1.187003
-1.303671
0.982963
1.155967
1.179533
0.867466
1.230654
0.842540
0.987332
0.810419
1.240121
0.860517
0.512830
1.151659
0.184830
0.845481
0.971909
0.850173
0.120050
-0.490367
-0.366577
0.985494
0.720837
1.143890
0.742156
0.605040
0.933092
1.212688
0.081098
0.815473
1.244148
0.948943
0.821107
1.348736
1.105903
1.008244
0.840568
0.974419
0.148002
1.020039
-0.005661
1.201800
0.919108
0.912975
0.743533
1.060201
1.153370
-0.354293
0.439095
-0.222069
1.346162
0.868664
-0.728360
-0.051357
-0.333309
0.345452
1.067021
1.195472
1.019154
0.936166
0.496724
-1.124949
0.924228
0.949870
1.121386
-0.019549
-0.632326
0.729223
1.053637
0.667940
1.152944
0.416551
0.800238
0.870752
-0.234785
-0.257149
-0.297606
-0.521585
0.786917
0.461436
0.772399
-0.688439
1.209319
1.310594
0.556217
-0.693468
0.174499
0.500384
0.999144
0.943546
0.805638
-0.691191
0.808120
0.772042
1.046890
1.167119
0.497608
0.914646
1.068417
1.035643
0.551765
1.256384
1.265636
1.030193
0.984404
-0.290246
0.510905
-0.033920
1.398533
1.139889
1.162855
-0.545863
-0.833454
0.485127
0.762436
1.279111
0.360679
-0.572734
1.083570
0.957467
0.885230
1.178712
1.108881
1.257226
1.216702
0.643750
1.092691
-0.188703
1.068435
1.000650
-0.297501
0.951590
0.591496
0.366943
-0.485896
0.710751
0.759763
1.529978
-0.161686
1.115938
1.130727
1.337590
1.189311
0.658089
1.122370
0.762286
0.925837
0.660444
1.101579
1.063660
1.061601
1.289414
0.337074
0.736963
0.367946
1.170392
0.853565
1.185847
0.972383
0.626266
1.068102
-0.623010
0.657597
-0.577406
1.088891
1.184552
1.119243
0.603224
0.960993
0.057929
0.653627
0.269831
0.950237
0.315757
1.064694
-0.202826
-0.680739
1.172439
1.192759
0.819600
0.833582
-0.008584
-0.635248
-0.300021
0.719019
0.908218
0.558729
1.090971
0.710144
0.589705
0.064852
0.712992
0.844978
-0.060866
0.825986
1.024144
1.170097
0.919898
1.115170
0.991688
0.843211
-0.336303
1.103686
0.990374
0.756145
1.043347
0.534009
0.955620
1.269006
-0.439874
