1
512
0.453434
0.935792
0.490403
0.539917
1.067256
0.970670
0.150864
0.720452
0.358284
0.578540
0.318237
0.608870
0.827932
0.650379
0.471077
0.161384
0.844576
1.023044
0.224394
0.524395
0.311387
0.778444
0.449451
0.508094
0.748711
1.008415
0.449376
0.295698
0.642529
0.391028
0.323999
1.138863
0.010395
0.334469
0.450968
0.883005
0.944716
-0.091550
0.689145
0.053544
0.369800
0.485720
0.974867
0.076627
0.942854
0.350622
0.886702
0.558606
0.493780
0.509824
0.514032
-0.119535
0.702419
-0.015644
0.231663
0.218060
0.675378
0.819770
0.865277
0.245230
0.768928
0.299610
0.890382
-0.019812
0.165582
0.543665
0.542529
0.180332
0.818081
0.810122
0.357065
0.718699
0.525738
0.330494
0.984389
0.864475
0.731607
0.624825
0.670549
0.669267
0.423043
0.504493
0.353993
0.667489
1.019766
0.180534
0.607955
0.295647
0.170864
0.182002
0.423828
0.999685
-0.334707
0.153181
0.959602
0.305416
0.193119
-0.311139
0.640849
0.952434
0.491860
0.635528
0.585312
0.924525
0.397682
0.766186
0.390903
-0.466304
0.271643
0.326387
0.859653
0.380055
0.465853
1.020214
0.581652
0.977793
0.278101
0.562035
0.521484
0.830242
1.090735
1.001946
0.371229
0.786506
0.859156
0.526518
0.627381
-0.159422
0.715027
0.655887
0.619959
0.532423
0.722942
0.479769
0.115418
0.275224
0.811376
0.293354
0.102302
0.881046
0.712676
0.297805
0.753348
0.092506
0.036645
0.665300
-0.248670
0.547390
0.428485
0.381904
0.306593
0.493177
0.504091
0.059312
0.673490
0.589336
0.508553
0.675756
0.712192
0.805174
0.406555
0.421619
0.481871
0.444120
0.581455
0.594480
0.154066
0.772292
0.589423
0.947882
0.880753
0.791897
0.960148
0.195596
0.453885
0.206800
0.215957
0.596857
0.385339
0.488844
0.608091
-0.166341
0.387834
0.957014
0.159398
0.897854
0.343979
0.311563
-0.350185
0.339732
0.698928
0.412315
0.497406
0.416616
-0.025750
-0.128775
0.863394
0.842470
0.907844
0.722859
0.940985
-0.144671
0.494424
0.662869
0.743068
0.649269
0.599161
-0.030853
0.895052
-0.419952
0.693140
0.119873
-0.134967
0.765603
0.978998
0.095518
0.356013
0.283054
0.407469
0.231631
0.637688
0.456492
0.261265
0.253055
1.012010
0.744765
0.177569
0.400286
0.406482
0.764734
0.640238
0.637504
1.018764
0.747971
0.402508
0.586833
0.543289
0.473032
0.472086
0.444236
0.426676
0.734128
0.786211
0.666847
0.712960
0.478575
0.694018
0.321634
0.254499
0.823273
0.731952
0.273891
0.574456
1.137920
0.022979
0.855075
0.253580
1.001859
0.858854
0.880306
0.354851
0.758807
0.660135
0.479058
0.442905
0.573694
0.898267
-0.080550
0.529115
0.948038
0.463201
-0.157564
1.000985
0.251562
-0.205533
0.330868
0.148683
0.091899
1.025331
0.621339
0.648162
-0.062355
0.567306
0.503329
0.149326
0.322742
0.428703
0.191708
0.171275
0.435937
0.319808
0.185213
0.997716
1.026697
0.794850
0.525282
0.780408
0.931986
0.665225
0.700070
0.148541
0.244924
0.657432
0.385135
0.599891
0.548728
1.189884
0.370665
0.824064
0.556976
0.628793
0.586590
0.436120
0.474188
-0.090121
0.327029
0.660603
0.737344
0.112200
-0.094537
0.768961
0.490713
0.207241
0.401679
0.083195
0.567151
0.657626
0.376943
0.706743
0.820626
0.488405
0.456186
0.522298
0.386209
0.137628
0.618172
0.179416
0.459869
0.436620
1.074903
0.093818
0.971771
-0.195740
0.577417
0.399764
0.827914
-0.302787
0.088265
0.013354
0.518059
0.942216
0.878817
-0.067122
0.722168
0.573666
0.013577
0.769647
0.681531
0.937983
0.651967
0.503081
0.755977
-0.126281
0.543248
0.375815
0.425893
0.382301
0.784562
0.350280
0.280451
-0.021768
0.866872
0.453115
0.618087
0.098991
0.399828
0.191706
0.464012
0.908791
0.012605
0.190282
0.390891
0.509780
0.935117
0.761437
0.760557
0.784309
0.653544
0.728632
0.467569
0.367321
-0.099350
0.609439
0.251631
1.035500
0.315553
0.682978
0.484904
0.592633
0.910301
0.122144
0.627072
1.121862
0.425725
-0.221174
0.864569
0.743373
0.326044
0.140709
0.803297
0.570506
0.816270
0.716210
0.274696
0.617185
0.632131
0.223459
0.039127
0.825660
0.794963
0.501428
0.637983
0.984898
0.415183
0.385819
0.620491
0.140934
0.959728
0.405857
0.990848
0.718463
0.661468
-0.279168
0.669000
0.460260
0.650813
0.618507
1.324204
0.690998
0.051118
0.903686
0.557626
-0.013642
0.227029
0.203098
0.673308
0.086511
0.571692
0.277914
0.837272
0.216600
0.523102
0.302306
-0.373336
0.263000
0.631973
0.573840
0.224773
0.471086
0.734460
0.849442
0.614099
0.190170
0.417848
0.695660
-0.254638
0.268871
0.164389
0.508786
0.753632
0.879829
0.083649
0.631192
-0.281441
0.811527
0.591340
0.957430
-0.339969
0.214674
0.657841
0.382431
0.590629
0.408387
0.820162
0.632228
0.350998
0.847545
0.737056
0.173594
-0.028006
0.462360
0.041462
0.388273
-0.076710
0.468430
0.542318
1.267455
1.175746
0.450759
0.168206
0.724148
0.543012
0.316774
-0.002266
0.543212
0.995147
0.550664
0.465591
0.303765
0.251975
0.611692
0.545637
