1
512
-0.404010
0.749127
-0.312929
-0.059614
0.043776
-0.159423
-0.156461
0.378484
-0.223633
-0.112893
-0.168198
0.103487
-0.418691
-0.071117
-0.174092
-0.165660
-0.397083
-0.179230
-0.152999
-0.051781
-0.563922
0.117936
-0.418586
-0.358493
-0.279831
-0.392180
-0.062301
0.542139
-0.508824
0.252019
0.186972
0.098582
-0.200637
0.027610
-0.130271
-0.300655
-0.070664
-0.192922
0.039039
-0.164770
-0.036972
0.898367
0.047001
-0.123530
-0.149075
-0.341956
0.061509
0.122194
0.614657
-0.362828
0.123194
0.170593
-0.219107
-0.224385
0.249103
-0.385853
-0.026199
-0.075156
-0.071133
0.703047
0.479284
-0.389592
-0.187702
-0.438084
-0.060755
-0.166024
-0.174384
0.383573
0.195297
-0.065574
0.539776
-0.116185
0.432931
-0.058569
0.161719
-0.149831
0.134120
-0.106198
-0.345298
0.149885
0.385572
-0.074901
-0.039622
0.130764
-0.651006
0.263411
-0.112843
-0.130978
-0.256643
-0.094054
0.461734
-0.113262
-0.130929
0.294091
0.380676
0.223008
-0.519387
0.575790
0.000878
-0.184388
-0.259164
0.500857
-0.310602
0.382642
0.079220
-0.442848
0.861855
0.149145
0.975773
-0.164452
-0.203159
-0.168742
0.454496
-0.030401
0.144929
0.587038
-0.203464
-0.302185
-0.011904
-0.246049
0.096991
-0.024380
0.460833
0.832157
-0.216149
0.706406
-0.232554
-0.533351
-0.109900
0.006950
0.240493
0.454440
-0.044101
0.238376
0.069437
-0.365300
-0.114855
-0.295547
-0.368677
0.328220
-0.739589
-0.073241
-0.020849
-0.107935
-0.022035
-0.172001
0.382025
0.541709
-0.167940
-0.250922
0.137583
0.540077
-0.250098
0.085475
-0.144853
0.264099
0.409372
-0.289584
0.236574
-0.168450
-0.141334
-0.214812
0.421093
-0.173346
0.215689
0.685921
-0.176883
-0.289539
0.253028
0.425708
-0.079679
-0.399847
-0.277333
-0.324626
-0.222628
-0.020494
-0.140629
-0.831652
0.051650
-0.272228
-0.442480
0.316185
0.039000
-0.123127
-0.239190
-0.516716
0.510570
0.075588
-0.001681
0.000722
-0.223061
0.443498
0.082871
0.342656
0.131509
0.233311
-0.233230
0.718291
-0.295052
0.474459
-0.135656
-0.136035
-0.308986
-0.125276
-0.297151
-0.252279
0.689685
-0.332712
-0.337539
0.423109
0.355090
0.193342
-0.136404
-0.337052
-0.068344
-0.169131
-0.158175
-0.534373
0.239808
-0.498523
-0.371414
-0.255952
0.571496
0.126554
-0.162064
0.495450
0.582672
-0.492233
0.160829
-0.251357
0.341412
0.063824
-0.151829
0.128906
0.088317
-0.526794
-0.276583
0.090451
-0.517338
0.617263
0.020381
-0.169443
0.012749
-0.191663
-0.687377
0.101772
-0.028657
-0.274777
-0.090381
-0.191388
-0.028769
0.197700
0.670182
-0.214938
-0.019265
-0.222934
-0.392297
0.020202
-0.051933
0.123877
-0.045431
0.571989
-0.488283
0.153799
0.169527
-0.008122
0.186327
0.226093
0.072065
0.166084
0.058466
0.028312
-0.542157
-0.179204
0.225905
0.052920
-0.064542
0.558987
0.015595
0.068825
0.223262
-0.314928
-0.092282
0.126449
0.049481
0.226087
-0.304735
0.068596
0.190339
0.149481
1.123517
0.294846
-0.018380
-0.115497
-0.164513
0.138513
-0.284319
0.637740
0.129526
-0.379480
-0.106401
0.112313
-0.366249
-0.339422
-0.477144
-0.108461
-0.260727
0.342961
0.538069
0.453295
-0.286140
0.049376
-0.486132
0.042770
0.181850
0.157670
-0.272543
-0.127053
0.836143
0.221644
-0.488991
-0.116234
-0.053894
0.305992
0.401013
0.277100
0.104515
0.221784
-0.121781
-0.045292
0.250751
0.048283
0.869644
0.258274
-0.043772
-0.417248
0.192448
-0.444333
0.022021
0.217785
-0.304071
0.247202
-0.163994
0.072133
-0.449240
0.461235
-0.101285
-0.130045
-0.161420
0.094301
-0.179697
-0.226826
0.140311
-0.066094
0.187595
0.673017
-0.059617
-0.296193
-0.172513
0.140427
-0.241802
-0.072858
0.503028
-0.031217
-0.008437
0.026827
-0.312221
0.028995
-0.579832
-0.124828
0.001419
-0.008790
0.245523
-0.295817
-0.226913
0.501250
0.743801
-0.148865
-0.020203
0.011405
0.035176
-0.142125
-0.060243
-0.204982
0.485478
-0.346959
0.217483
0.029261
-0.267055
-0.142776
-0.225578
-0.297956
0.421354
-0.179794
0.320466
-0.252035
0.240224
-0.266050
0.114138
0.186087
0.129561
-0.047712
-0.089826
0.198650
0.403465
0.065383
0.249650
-0.342687
0.062502
0.441755
-0.114328
0.068407
0.237797
-0.309487
-0.125702
-0.174967
-0.016950
0.100539
0.313248
0.180881
0.349294
-0.137201
-0.098544
-0.313081
0.181145
0.151090
0.002076
0.032112
-0.174327
0.170881
-0.155375
0.513410
0.790444
-0.391002
0.293905
-0.334149
0.089243
-0.123678
-0.508079
0.160735
0.241649
-0.067918
-0.007567
-0.359101
-0.230599
-0.015777
-0.029419
0.376940
-0.011581
-0.285338
0.077369
-0.007787
-0.268955
0.024537
1.109472
-0.047294
0.060069
0.118464
-0.491884
-0.142879
-0.183679
-0.360663
0.120532
0.615094
-0.413705
-0.645457
0.517730
0.121196
0.211240
0.167290
0.290011
0.583252
-0.290721
-0.028346
0.104913
0.360187
-0.308203
-0.249414
0.033378
0.154023
0.086901
-0.072104
0.272440
-0.098265
-0.354914
-0.370588
-0.181866
0.032290
0.085822
0.102149
0.145779
-0.385165
-0.216051
0.046748
-0.507846
0.109061
0.134186
0.116051
0.046174
0.323567
0.282245
0.292145
-0.117254
-0.536083
-0.346048
-0.217345
0.196660
0.223286
0.478583
0.282528
-0.063396
-0.214387
