1
512
0.034634
-0.078285
-0.239233
0.424435
-0.036100
1.528646
0.559807
0.068261
1.512313
-0.259396
-0.538506
0.024782
-0.379705
-0.218931
-0.227751
0.206120
-0.211928
0.169715
-0.321056
-0.545365
0.162421
-0.495500
0.067756
-0.377633
0.159270
-0.233992
-0.173263
0.440106
-0.378858
-0.490614
-0.283211
-0.228021
-0.073134
0.727132
-0.290308
0.287545
-1.134132
-0.400829
-0.166370
-0.110999
0.022869
0.909395
0.033936
0.050712
-0.028600
-0.114122
0.090666
-0.346450
-0.003907
0.125726
-0.429730
-0.059760
0.100983
0.078035
-0.467248
-0.058166
-0.266081
0.477396
-0.281505
-0.514759
-0.098803
0.470272
-0.248601
0.005389
-0.036171
-0.025305
0.093778
-0.042744
-0.371332
0.863111
0.465507
-0.018669
-0.061154
-0.021259
-0.306591
0.137876
-0.577123
0.860944
-0.392119
-0.021734
-0.535080
0.196387
0.092523
0.119653
-0.269708
-0.147171
-0.453732
-0.073996
-0.550216
-0.057238
-0.162598
-0.412121
-0.031890
0.003593
0.058472
-0.254333
-0.359758
-0.095683
-0.070792
0.122185
0.126695
-0.116634
0.296794
-0.112460
-0.066023
-0.261662
-0.360156
-0.101844
0.152899
0.252335
-0.421980
0.335069
-0.539284
-0.099487
-0.179709
-0.063135
-0.123204
0.108914
0.692476
0.189186
0.048995
-0.108714
-0.696378
0.480400
0.732574
0.372312
-0.283058
-0.962207
0.129182
0.151191
-0.768893
0.574317
-0.528831
-0.207408
-0.250393
0.121977
0.094701
-0.201118
-0.153586
-0.132238
-0.195165
0.181402
-0.160494
-0.106239
-0.376961
-0.209781
0.114226
-0.251848
-0.098477
-0.054395
-0.647210
0.142090
-0.392576
-0.457915
-0.252018
-0.412611
0.040573
-0.527500
-0.759835
-0.788690
-0.309413
0.217051
0.069135
0.067175
0.002149
-0.242309
-0.238873
0.592923
0.298886
0.091795
-0.355298
0.208165
-0.582085
-0.056384
-0.422553
0.277460
-0.202647
-0.238479
0.107136
0.114687
-0.158780
0.379098
0.354917
-0.842988
-0.315675
-0.017935
-0.348057
-0.019362
-0.442160
0.328381
-0.148753
-0.007901
0.023881
0.292412
-1.078465
-0.520390
-0.088782
-0.490068
-0.398342
-0.586378
-0.253607
-0.032597
-0.667776
-0.747508
0.155914
0.394607
-0.102109
1.444921
-0.046292
-0.023687
-0.016352
-0.306774
0.034579
-0.224996
0.699323
0.139832
0.020892
0.122410
-0.218207
0.038084
0.266806
-0.253729
0.011671
0.056147
0.069938
0.718595
-0.110703
-0.139979
0.133995
0.127371
-0.197260
0.099849
-0.303488
0.915458
-0.042821
-0.568451
0.494863
0.214631
-0.214091
-0.352371
-0.032915
0.178547
-0.221403
0.087430
-0.162307
0.141555
-0.055592
-0.269710
-0.139052
-0.260216
0.116774
0.591021
-1.036340
-0.120403
-0.110056
0.082009
0.288525
-0.386883
-0.014108
-0.477258
-0.247219
0.107008
0.250108
-0.311494
-0.593137
-0.168452
-0.278581
0.332316
-0.085142
-0.311432
0.023235
-0.198031
-0.210327
-0.208305
-0.014502
0.041441
-0.550797
-0.136846
0.422537
0.256796
-0.060789
-0.103538
0.079777
0.293954
0.150577
0.110065
0.105129
0.663645
0.106413
-0.078926
-0.125330
0.049370
0.078917
-0.457608
-0.601435
0.087451
0.083388
-0.596244
-0.083926
-0.481099
0.454619
0.201073
0.032882
-1.369246
-0.316469
-0.064193
-0.158673
0.003094
-0.027779
0.319240
0.245325
-0.197489
-0.212450
-0.211329
-0.070728
0.145272
-0.881834
0.042630
-0.293251
-0.350029
-0.296271
-0.263348
-0.360491
-0.061311
-0.360631
0.074003
0.148834
-0.048294
0.001792
-0.229609
-0.798515
-0.168204
-0.253998
0.168333
-0.558358
-0.017801
-0.213670
0.033226
0.329560
-0.148884
0.000901
0.095098
-0.100816
0.514277
-0.422080
-0.146005
0.107511
-0.169400
-0.018324
-0.628115
-0.770731
-0.700721
0.130676
-0.439534
-0.027039
-0.544142
0.026723
-0.180760
-0.140169
-0.261548
0.046548
0.469176
0.218878
0.060821
-0.333514
-0.070325
0.457158
0.397835
0.403750
-0.108735
0.004724
-0.258951
-0.279444
0.243231
-0.143378
-0.140905
-0.124537
-0.170620
0.295560
-0.314064
0.823093
0.695641
-0.253314
0.473976
-0.330885
-0.541019
0.180277
0.004911
0.071356
-0.093377
-0.132424
0.080278
-0.419168
-0.287747
-0.162510
0.149726
0.112324
-0.095625
-0.306941
-0.067997
-0.062239
-0.289932
-0.801026
0.022271
-0.093677
-0.146276
0.032410
-0.452282
0.968769
0.130416
-0.623632
-0.078327
-0.016148
-0.494334
-0.208209
0.773189
-0.456973
-0.190844
-0.307988
-0.651382
0.207198
-0.007876
-0.504183
0.163779
-0.507664
0.011513
-0.407770
-0.413908
-0.046366
0.050680
0.270412
0.005424
0.131787
0.073090
-0.154160
-0.350230
-0.427436
0.287074
0.176475
0.429800
0.664927
-0.530610
-0.241637
-0.180890
-0.089990
0.278258
0.076368
0.100640
-0.240092
-0.028849
-0.345688
0.236997
0.244834
0.400848
-0.351812
0.226124
0.441449
-0.115842
-0.033628
-0.294701
-0.060971
-0.072746
-0.069872
-0.138719
0.023493
-0.377139
-0.362648
-0.021836
-0.079300
0.067590
0.200151
-0.261334
0.223047
0.595596
-0.043848
0.019318
-0.301812
-0.314163
-0.087814
-0.064444
-0.254020
-0.302185
0.367728
0.151231
0.039112
0.137579
-0.280246
-0.042889
0.011826
0.030651
-0.191455
0.033318
-0.334000
0.043766
-0.164379
-0.221000
-0.662263
-0.562413
-0.167952
-0.117096
-0.449630
0.202414
0.082286
-0.680466
0.430207
0.128483
0.190031
-0.675395
-0.214619
-0.133000
-0.217352
-0.645422
