1
512
0.230290
-0.042619
-0.307276
-0.548974
0.107573
-0.332145
-0.616499
0.092513
-0.630184
-0.429135
-0.219757
-0.332376
0.028480
-0.162557
-0.505296
-0.151131
0.029222
0.304809
-0.411054
-0.479300
-0.686442
-0.182596
-0.393024
-0.005687
-0.608379
-0.076106
-0.088879
0.085176
-0.165041
-0.176479
-0.342318
-0.148609
-0.659312
-0.425601
-0.476425
-0.330255
-0.050355
-0.764355
0.039466
-0.591642
-1.175339
-0.258739
-0.168342
-0.689396
-0.289513
-0.212344
0.117280
-0.734978
-0.758309
-0.635469
-0.622284
-0.775326
0.111844
-0.693822
-0.269740
-0.821356
0.179417
-0.298634
-0.193392
-0.379844
0.137212
-0.567192
0.261228
-0.925766
-0.851223
-0.841373
-0.177147
-0.323219
0.165672
-0.062310
0.079493
-0.141415
-0.428035
0.273083
-0.392197
-0.280730
0.136366
-0.409657
0.116464
-0.760608
0.339683
0.146763
0.012812
-0.768560
0.023536
-0.773185
-0.238268
-0.209094
0.367118
-0.680434
-0.031032
-0.830556
-0.436476
-0.708422
-0.083430
-0.206587
-1.013280
0.605967
0.056632
-0.182418
0.056082
-0.260467
-0.172455
-0.002778
-0.677634
-0.106951
-0.245477
-0.345459
0.078659
-1.038229
-0.165105
-0.366551
-0.093813
0.461166
0.200037
-0.871427
-0.646716
-0.305435
-0.687877
0.232097
-0.654224
-0.013002
-0.293947
0.116687
-0.562523
0.159100
0.093358
-0.784409
-0.018503
-0.130427
-0.096363
-0.069831
-0.173069
-0.151834
-0.403817
-0.645063
-0.253083
-0.422491
-1.446069
0.310050
0.069975
-0.676678
-0.376182
-0.532012
-0.618585
0.291786
-1.144785
-0.436037
-0.602055
-0.051293
-0.251685
0.127770
-0.249625
-0.569858
-0.078403
0.240249
-0.056624
-0.404848
-0.176369
0.321489
-0.212186
-0.286549
-0.163720
-0.893611
-0.059915
0.040399
-0.995306
-0.594895
-0.382463
-0.042918
-0.086896
-0.122473
0.405648
-0.394072
0.065408
-0.088663
-0.338255
0.175989
-0.507769
-1.094433
-0.189285
0.138756
0.125712
-0.344604
-0.425731
-0.546638
-0.252571
-0.312410
-0.453214
-0.370660
-0.277685
-0.952316
0.026802
0.006797
-0.061791
-0.780109
-0.177678
-0.169527
0.130572
-0.610488
-0.200661
-1.045399
-0.103642
0.104060
-1.037672
-0.107449
-0.089722
-0.615252
-0.189685
0.083314
-0.470429
-0.032720
-0.661249
-0.003632
-0.021534
-0.495192
-0.268100
-0.325251
-0.532238
-0.619964
0.122955
-0.734513
-0.718857
-0.201077
-0.406697
-0.423992
-0.446784
-1.034595
0.018670
-0.058892
-0.122331
0.012004
0.233904
-0.216701
0.100693
-0.212277
-0.334790
-0.309486
0.004472
0.083508
0.157277
0.240617
-0.373786
-0.170433
0.214794
-1.245510
-0.300709
-0.499227
-0.402520
0.492091
0.219877
-1.038607
-0.751943
0.284437
-0.908018
-0.034031
-0.797785
-0.082234
-0.201802
0.064817
0.026686
-0.051895
0.416776
-0.257763
-0.538092
0.111916
-0.260293
-0.677430
-1.558364
-0.404451
-0.000112
-0.053008
-0.416417
-0.484566
-0.742863
-0.338763
-0.056536
-0.179638
-0.075365
-0.443620
-0.060390
-0.522427
-0.014760
-0.222059
-0.743430
-0.133350
-1.000634
0.003124
0.244983
0.147321
-0.440430
-0.485936
0.145874
-0.000320
0.049774
-0.263576
0.035190
-0.024198
-0.339129
-0.060049
-0.792095
-0.883001
0.001746
0.218916
-0.234142
0.016537
0.118653
-0.141775
-0.134215
-0.592961
-0.338367
0.135076
-0.816483
-0.443284
-1.263621
-1.039802
-0.171547
-0.156897
-0.196982
-0.674116
0.130696
-0.223454
0.060194
0.127974
0.091274
-0.145051
-0.074507
-0.734881
-0.108095
-0.415001
-0.433360
-0.452836
-0.382268
0.158051
-0.666772
-0.413505
-0.347149
0.131119
-0.657341
-0.004549
-0.567203
-0.020827
-2.127320
0.093262
-0.124638
0.235183
-0.294669
-0.240006
-0.182661
-0.698012
-0.273725
-0.274697
0.019519
-0.659615
-0.386737
-0.621351
-0.584098
-0.536963
-0.520009
-0.339882
-0.495917
-0.502956
-0.837020
-0.241544
0.097485
-0.604057
0.067643
-0.339740
-0.503089
-0.432693
-0.214554
0.168916
-0.486884
-0.460064
-0.296562
-0.432298
-0.792302
-0.363259
0.340522
-0.753182
-0.662347
-0.212866
-0.255095
-0.771552
-0.449794
-0.418781
-0.146966
-0.265371
-0.118621
-0.732374
-0.297956
-0.593145
-0.030484
-0.809967
0.316519
-0.715405
-0.256646
0.044194
-0.333445
-0.382350
-0.193236
-0.941285
-0.679834
-0.144688
-0.284671
-0.190607
-0.166314
-0.463735
-0.597734
-0.579613
0.558431
0.004810
-0.488469
-0.068980
-1.057867
0.043524
-0.774076
-0.461941
0.060963
-0.336022
-0.593897
-0.379546
0.208318
-0.391594
-0.427168
-0.232211
0.144106
0.061475
-0.595162
-0.012547
-0.097178
-0.117572
-1.330991
-0.286213
-0.193640
0.068903
-0.369015
-0.405279
0.086610
-0.553516
-0.095497
0.226302
-0.543099
-0.213116
0.177981
-0.595410
-0.879776
-0.408186
-0.311130
-0.155620
-0.743397
-0.148555
-0.147894
-0.386569
-0.544788
-0.331557
-0.430440
-0.117703
-0.788473
-0.021222
-0.039418
0.074695
-0.116093
0.101056
0.279912
-1.456886
-1.078389
0.437875
-0.470796
-0.085468
-0.080515
-0.567340
-0.157743
-0.017836
-0.214279
-0.313616
-0.791979
-0.393201
-0.426063
-0.351069
-0.452719
-0.079843
-0.518915
-0.832358
-0.262525
-0.807700
-0.174693
0.135920
-0.901955
-0.390155
-0.683055
-0.172032
-0.987939
0.213596
-0.618186
-0.113147
0.201477
-0.753967
-0.394039
-0.489999
0.148840
-0.036044
-1.241109
-0.726550
-1.116189
-0.514267
-0.371423
0.061722
-0.503847
-0.428769
-0.169826
-0.233683
