1
512
-0.801495
-0.507574
-0.600234
-0.750004
-0.721132
-0.694614
-0.623781
-0.435527
-0.592208
-0.238865
-0.437606
-0.390920
-0.395671
-0.285824
-0.720086
-0.663331
-0.720694
-0.384969
-0.636539
-0.696456
-0.986232
-0.188384
-0.491383
-0.726372
-0.562642
-0.391447
-0.353610
-0.247273
-0.736815
-0.347115
-0.586958
-0.553579
-0.417229
-0.715519
-0.326293
-0.526475
-0.706745
-0.118230
-0.439127
-0.722809
-0.634001
-0.502141
-0.793580
-0.402187
-0.614199
-0.778585
-0.350978
-0.486007
-0.341240
-0.445979
-0.581262
-0.218813
-0.470134
-0.546833
-0.508648
-0.812770
-0.592179
-0.526514
-0.649994
-0.489613
-0.245449
-0.820459
-0.728850
-0.691812
-0.417084
-0.684416
-0.556245
-0.410556
-0.342033
-0.450971
-0.219831
-0.818273
-0.237103
-0.403622
-0.285531
-0.457831
-0.575408
-0.463663
-0.591915
-0.544128
-0.318499
-0.805982
-0.573149
-0.348509
-0.892960
-0.349907
-0.470096
-0.453001
-0.878945
-0.624242
-0.159760
-0.470907
-0.315141
-0.588410
-0.340448
-0.448608
-0.689611
-0.365716
-0.523405
-0.783863
-0.753797
-0.461601
-0.755952
-0.739600
-0.469906
-0.632641
-0.616174
-0.458897
-0.116594
-0.526579
-0.857934
-0.547203
-0.454542
-0.493995
-0.388744
-0.689633
-0.526274
-0.988366
-0.676129
-0.432742
-0.305310
-0.985204
-0.438330
-0.510225
-0.594725
-0.679993
-0.481063
-0.389179
-0.776751
-0.485258
-0.193827
-0.459871
-0.656317
-0.404027
-0.665121
-0.177954
-0.804579
-0.562314
-0.025408
-0.600348
-0.728740
-0.780226
-0.318265
-0.525065
-0.435039
-0.633101
-0.475664
-0.485420
-0.486568
-0.637674
-0.308088
-0.478342
-0.870473
-0.569468
-0.559407
-0.412670
-0.246301
-0.610450
-0.463207
-0.687380
-0.570474
-0.618767
-0.526468
-0.736941
-0.512223
-0.243109
-0.697715
-0.751094
-0.423774
-0.413455
-0.298300
-0.737699
-0.353496
-0.761105
-0.572172
-0.659174
-0.394317
-0.761680
-0.611868
-0.433524
-0.536562
-0.224444
-0.395568
-0.288142
-0.609475
-0.687316
-0.457303
-0.457715
-0.594651
-0.610493
-0.503988
-0.340889
-0.514032
-0.379246
-0.254090
-0.694744
-0.469431
-0.392415
-0.548686
-0.296463
-0.510161
-0.672476
-0.675479
-0.532740
-0.629792
-0.527525
-0.492230
-0.580197
-0.676073
-0.630037
-0.269685
-0.374620
-0.472342
-0.681230
-0.666306
-0.770508
-0.655341
-0.450348
-0.086756
-0.530189
-0.417358
-0.397672
-0.401347
-0.439003
-0.507959
-0.417207
-0.247468
-0.586140
-0.655302
-0.749985
-0.320655
-0.243455
-0.595617
-0.406571
-0.565718
-0.747055
-0.563102
-0.016528
-0.971888
-0.548375
-0.489472
-0.418247
-0.443763
-0.717639
-0.698072
-0.572658
-0.455657
-0.700967
-0.902168
-0.319928
-0.651687
-0.286507
-0.512785
-0.594131
-0.563375
-0.524998
-0.579644
-0.198538
-0.481288
-0.499618
-0.402770
-0.263157
-0.744062
-0.502644
-0.397484
-0.468745
-0.730339
-0.397981
-0.542199
-0.661761
-0.477036
-0.506987
-0.868075
-0.266375
-0.543054
-0.164707
-0.531206
-0.412793
-0.756711
-0.452184
-0.369917
-0.663451
-0.602851
-0.363575
-0.653507
-0.809982
-0.570638
-0.781817
-0.628071
-0.549339
-0.767909
-0.245877
-0.563813
-0.628652
-0.441584
-0.529454
-0.498768
-0.414330
-0.487824
-0.815565
-0.524103
-0.421196
-0.863099
-0.532095
-0.643174
-0.413353
-0.564716
-0.400968
-0.400613
-0.334330
-0.457449
-0.633268
-0.561625
-0.637265
-0.745583
-0.526085
-0.554657
-0.547303
-0.282851
-0.133850
-0.589677
-0.439582
-1.199346
-0.149268
-0.176110
-0.601476
-0.477891
-0.502306
-0.563828
-0.642557
-0.633079
-0.379799
-0.480100
-0.421269
-0.381896
-0.832502
-0.282332
-0.771665
-0.513806
-0.303156
-0.317616
-0.711910
-0.418144
-0.374843
-0.560003
-0.699178
-0.397749
-0.446661
-0.539003
-0.329842
-0.603508
-0.645643
-0.815671
-0.691788
-0.301374
-0.445709
-0.739539
-0.596469
-0.513302
-0.355068
-0.567084
-0.845097
-0.554320
-0.402327
-0.628011
-0.764375
-0.621556
-0.995792
-0.756880
-0.310955
-0.435034
-0.548210
-0.227704
-0.884810
-0.587260
-0.778546
-0.543067
-0.369585
-0.293209
-0.352666
-0.540755
-0.788357
-0.639975
-0.494380
-0.476612
-0.619775
-0.364639
-0.761299
-0.645851
-0.423357
-0.574692
-0.546013
-0.355849
-0.545731
-0.624913
-0.762487
-0.345113
-0.809258
-0.274120
-0.559800
-0.488490
-0.571734
-0.446921
-0.398012
-0.305939
-0.424160
-0.631711
-0.732390
-0.753987
-0.577631
-0.529823
-0.365655
-0.510048
-0.474268
-0.538092
-0.382275
-0.409754
-0.160591
-0.390120
-0.466509
-0.516943
-0.523936
-0.646705
-0.726012
-0.300780
-0.300952
-0.326320
-0.269066
-0.600500
-0.281012
-0.861398
-0.834376
-0.424113
-0.769583
-0.661378
-0.701027
-0.691680
-0.821074
-0.515761
-0.533027
-0.492714
-0.701294
-0.422428
-0.831443
-0.462513
-0.738835
-0.420100
-0.544168
-0.539248
-0.421278
-0.316452
-0.574197
-0.645301
-0.283859
-0.504162
-0.457493
-0.347670
-0.606045
-0.703777
-0.569816
-0.676794
-0.595459
-0.424910
-0.412605
-0.479157
-0.572584
-0.616877
-0.204289
-0.146178
-0.329499
-0.718181
-0.543668
-0.726258
-0.430467
-0.320173
-0.171782
-0.640856
-0.639672
-0.240705
-0.414407
-0.495439
-0.308503
-0.421899
-0.569243
-0.850323
-0.673976
-0.546842
-0.488365
-0.677437
-0.683544
-0.460502
-0.870352
-0.859341
-0.441078
-0.700289
-0.529992
-0.453818
-0.586446
-0.701221
-0.383900
-0.400121
-0.334718
-0.623787
-0.755249
-0.622619
-0.587745
-0.602416
-0.309610
-0.406751
-0.261070
-0.773076
-0.501182
