1
512
-1.859665
-1.756583
-0.632114
-2.103657
-0.130095
1.195730
-0.623556
-0.509801
-0.516569
-0.053107
-0.658933
-1.915249
-0.943530
-1.069215
-1.170086
-1.413804
-1.641962
-0.794354
-0.509549
-0.401558
-1.059155
-1.265769
-0.748494
-0.327108
-0.536231
-1.485881
-0.186042
-0.385422
-1.163101
-0.842904
-1.756234
-1.320707
-0.617440
-0.458181
-0.970450
-0.234392
-0.787557
-1.650265
-1.322600
-1.534430
-1.914739
0.432278
-1.591148
-0.165993
-0.613931
-1.310515
-1.269929
-0.274116
0.074400
-1.212106
-1.057559
-0.457036
-1.358519
-0.620323
-0.969562
-0.792625
-0.685070
-0.313455
-0.696030
-0.120245
-0.542119
-1.336840
-0.573958
-1.733728
-0.116776
-0.754700
-2.477466
-2.043072
-1.797464
-0.022073
-0.578770
-1.192827
-1.203590
-0.039526
-0.790637
-0.544737
-1.857262
0.320209
-0.866310
-2.488621
-0.518008
-1.127898
-0.904934
-1.268812
-1.145318
-1.713367
-1.092538
-1.439190
-1.001127
-1.276308
-1.071610
-0.729421
-1.269123
-0.435302
-0.870652
-0.230016
-1.073611
-1.954173
-0.798252
-0.923125
-0.932985
-0.877316
-1.450816
-1.131418
-0.964378
-1.346017
-0.951529
-0.350897
-0.188163
0.416473
-0.799720
-0.333661
-0.654522
-0.147918
-0.227884
-1.714207
-0.832315
-0.740147
-0.139134
-1.905793
-1.532153
-0.875590
-0.684857
0.017115
-1.230189
-0.031823
-0.792569
-1.423614
-1.224539
-1.015139
-0.800464
-1.963285
-0.754641
-0.310980
-1.272457
-0.143151
-0.782483
-1.174270
-1.127990
-0.383090
-0.334156
-0.168323
-0.464797
-1.059341
-1.037704
0.174908
-0.731586
-0.696980
-1.009961
-1.444786
0.041700
-0.164330
-0.616241
-1.256213
-1.562660
-0.849338
-1.297973
-0.795759
-0.491355
-0.742688
-0.704404
0.042548
-0.545915
0.465158
-0.855437
-0.483354
0.180426
-0.608638
-1.478088
-1.320521
-0.757656
-0.207184
-0.809632
-0.146535
-1.071590
-0.586845
0.206008
-0.810439
-1.783432
-1.074604
-1.414970
-0.769895
-0.758980
-0.794186
-1.065656
-0.985724
-0.381496
-0.143121
-2.343183
-1.341215
-0.754207
-1.001456
-1.698818
0.009856
-1.089972
-0.709280
-0.588150
-2.054710
-0.995589
-1.225332
-0.541692
-1.598412
-1.153675
-1.344893
-1.569440
-2.322752
-0.939694
0.731510
-0.594111
-0.390137
-0.325410
-1.478835
-0.832068
-0.850978
-0.548227
-0.360738
-1.933222
-1.821289
-1.427508
-0.292577
-1.545434
-1.204706
-1.888987
-0.912017
-1.443369
-0.315067
-1.589033
-1.129983
-0.915920
-0.894050
-0.649778
-1.274128
-1.689820
0.368733
-0.271361
-0.818650
-1.139667
-0.847287
-1.179607
-0.729583
-0.342078
-0.900484
-0.452441
-0.106207
-1.134708
-2.059573
-0.871921
-1.153938
-0.766002
-0.166553
-0.666845
0.382410
-0.664195
-1.308180
-0.934104
-0.980237
-1.810475
-1.218980
-0.356614
-0.886960
-0.761673
-0.301589
-0.190451
0.086369
-0.264104
-0.842117
-0.576687
-0.629394
-0.870496
-0.849218
-1.013815
-0.733123
-1.328040
-0.569401
0.358122
-1.703349
-0.506588
-1.275487
-0.645136
-0.057013
-0.587410
-0.655974
-0.021159
-0.737809
-0.777680
0.164281
-0.826379
-0.782636
-1.098630
0.099656
-0.262506
-0.046776
-1.029753
-1.188092
-0.594473
-1.479193
-0.678423
-0.572376
-1.201412
-0.298595
-0.111768
-0.892438
-0.873465
-0.775267
-1.498596
-0.859927
-1.952638
-0.830024
-1.247761
-0.674255
-1.683949
-2.099001
-1.466255
-0.494806
-0.869786
-2.498018
-0.673196
-0.459450
-1.397737
-1.173438
0.046314
-1.204608
0.056045
-1.464975
-1.166541
-1.411756
-2.112483
-1.230015
-0.506613
-1.922361
-0.675086
-0.681036
-2.136915
-1.792226
-0.378353
-0.269028
-1.169678
-2.074007
-2.114486
-0.975350
-0.319752
-0.823309
0.197801
-1.877907
-1.353447
-1.670123
-0.833889
-1.019095
-1.248919
-0.948352
-0.253577
-0.752446
-2.872633
-0.500564
-0.682480
-1.203969
-0.442048
-1.229379
-0.397592
-1.450720
-1.962904
-0.989207
-0.896806
-1.248498
-1.000521
-1.397303
-0.736570
0.110997
-0.221082
-1.419853
-1.379660
-1.127127
-1.089653
-0.059644
-1.238490
-1.591748
-0.572724
-0.139878
-0.205925
-0.955365
0.591659
-1.054471
-1.464902
-1.244206
-0.945678
0.039100
-0.168690
-0.424478
-0.823893
-0.735084
-0.891036
-0.315752
-2.329956
-1.238606
-1.091824
-1.052204
-0.839780
-1.213145
-1.266811
-1.110116
-1.078472
-1.445808
0.011118
-1.097562
-1.385206
-0.838941
-1.455745
-1.117645
0.369648
-0.360153
-0.547930
-1.144959
-0.978582
-0.701935
-0.597201
-1.227051
-0.825754
-1.090706
-1.604140
-1.347416
-0.464345
-0.637430
-1.805084
0.114542
-0.787968
-0.130618
-1.108967
-0.788235
-1.172442
-0.318481
-1.451967
-1.940639
-0.523575
-0.434008
-0.921750
-0.688953
-0.635221
-0.473145
-0.418861
-1.977781
-0.747907
-0.345851
0.047473
-0.414968
-0.366934
-2.115807
-0.864882
-0.973535
-1.083058
-1.389596
-1.609600
-0.936145
-1.537012
-1.553167
-0.622179
-2.038688
-1.427206
-2.149649
-0.939232
-1.593543
-1.574399
-0.978293
-1.934114
-0.939052
-1.376994
-0.630361
-1.737877
-1.168357
-0.232952
-1.813003
-0.117367
-0.612238
-2.617244
-1.242754
-0.247058
-0.091215
-1.318585
-0.590150
-0.829004
-0.886052
-1.059422
-1.209860
-0.618607
0.445257
-0.399642
-0.788203
-0.976721
-1.312525
-1.168987
-0.794037
-0.832772
-0.804144
0.140968
-0.366730
-0.278602
-0.067659
-1.886405
-0.481804
-1.301971
-0.779115
-1.018903
-0.583883
-0.525047
-0.374916
-1.370286
-2.238294
-0.328149
-1.336669
0.387420
-0.855540
-1.261652
-0.984626
