1
512
-1.267852
-2.419465
-1.073573
-0.786552
-2.449305
-0.148527
-1.347311
-2.134441
-0.426027
-1.757447
-0.927127
-0.301576
-0.621881
-1.976068
-0.883148
-0.730028
-1.480724
-2.310074
-0.827789
-2.142460
-1.117358
-0.690397
-0.767204
-1.359442
-0.098988
-2.016136
-1.024407
-1.125901
-1.530009
-0.738745
-0.544926
-0.249720
-0.851178
-1.473117
-0.568987
-0.844602
-1.525198
-0.195642
-1.941615
-0.774997
-0.672062
-0.810320
-2.169032
-2.053836
-0.731741
-1.284278
-2.048268
-0.918969
-1.355798
-1.805707
-0.884377
-1.170634
-1.607838
-1.205641
-1.634682
-1.154471
-0.135966
-0.379135
-0.540637
-1.489551
-1.009434
-1.975570
-2.044789
-1.880907
-1.186563
-1.597330
-1.463753
-1.004388
-1.859414
-2.426104
-0.359831
-2.131536
-1.110949
-0.576554
-0.470723
-1.520666
-0.930210
-0.278034
-2.387394
-1.136710
-2.053189
-0.830891
0.008398
-1.088575
0.151772
-1.183529
-1.196642
-1.348208
-2.095520
-1.462183
-2.165492
-1.118161
-0.923249
-0.699799
-1.974295
-1.377143
-2.043572
-1.852924
-0.697882
-0.072921
-2.120802
-0.976473
-2.402270
-2.086912
-0.875416
-1.961929
-2.843540
-1.644813
-1.113597
-0.902413
-1.741771
-1.590245
-2.298830
-2.314500
-1.699853
-1.179725
-1.829610
-2.332866
-1.567407
-2.321984
0.064204
-0.589346
-1.051061
-2.115538
-0.365123
-1.420718
-1.382815
-1.675461
-1.363572
-1.851196
-0.677315
-1.059873
-1.975523
-1.481575
-0.260150
-0.792995
-0.975013
-0.857541
-1.562346
-2.114057
-2.511286
-0.759732
-1.361617
-2.065213
-0.316419
-1.056767
-1.703994
-0.690462
-0.853317
-1.065527
-1.797468
-0.289951
-1.462005
-1.335953
-1.967118
-1.827606
-1.336233
-1.316565
-0.452280
-0.507257
-1.328071
-1.836354
-1.233846
-0.674193
-1.925034
-1.950055
-0.921833
-1.138955
-1.489725
-1.337935
-2.206552
-1.679026
-2.509257
-1.956640
-2.636704
-0.706252
-1.366163
-0.909452
-1.203938
-1.748116
-1.345625
-1.568709
-1.752609
-1.991272
-1.108081
-0.194901
-1.538604
-1.374212
-1.219754
-1.886626
-1.671483
-1.481291
-2.240236
-2.128305
-2.015077
-0.994555
-0.565090
-2.183321
-0.180038
0.023345
-1.181188
-0.903854
-0.943181
-1.195593
-0.949907
0.005179
-1.777010
-1.223426
-1.378731
-1.461176
-0.742200
-1.178661
-1.532643
-1.943596
-1.061709
-1.128639
-1.145507
-2.339713
-0.070430
-0.126058
-1.284982
-0.702512
-1.550969
-1.564493
-0.935010
-0.942676
-0.643502
-1.356449
-1.895956
-1.152245
-1.340351
-1.875976
-2.086022
-1.438393
-0.880580
-2.059455
-1.014275
-1.009755
-1.769871
-1.305216
-1.729134
-0.795797
-0.179500
-1.561002
-2.504386
-1.127599
-1.745696
-1.313512
-1.268904
-2.376291
-0.498836
-0.979776
-1.186442
-2.550673
-0.645082
-0.668433
-1.125035
-0.606758
0.052221
-0.456418
-1.282735
-1.936312
-1.797135
-0.617457
-0.832184
-1.488581
-0.409935
-0.942038
-1.406729
-0.390329
-1.926746
-1.765665
-0.558095
-0.885037
-1.160915
-0.288570
-1.800477
-1.186851
-1.752435
-0.458729
-1.034162
-0.974311
-0.570855
-2.149561
-0.516604
-1.699970
-1.413879
-0.610604
-0.364488
-1.764466
-1.849019
-0.710591
-0.934113
-2.054166
-1.365149
-1.181246
-1.776446
-1.800263
-0.896211
-0.620251
-0.859081
-1.182268
-0.487696
-1.979125
-1.561002
-0.623060
-2.324481
-1.364040
-2.312686
-0.938764
-1.336571
-0.337865
-0.693941
-0.717712
-1.632425
-1.373041
-1.012961
-2.103631
-0.629500
-1.085320
-1.277664
-1.714720
-1.727176
-1.124171
-2.014180
-1.206174
-2.312356
-1.200487
-2.052148
-0.206369
-1.380262
-1.128451
-0.461623
-1.007087
-1.164054
-2.548750
-0.720905
-1.086853
-0.508783
-0.398593
-0.876660
-1.999659
-1.507319
-0.727492
-0.985174
-1.023917
-1.213010
-1.548496
-0.897137
-0.118901
-1.051640
-1.287960
-1.858628
-0.855683
-0.532538
-2.065769
-1.223845
-0.644536
-0.949603
-2.200049
-1.182867
-1.170667
-1.865908
-0.900245
-1.096051
-0.518063
-1.630076
-0.977950
-0.398666
-1.375869
-1.223334
-1.952260
-2.300201
-1.665919
-1.462724
-0.709248
-0.842361
-1.359568
-2.575602
-1.172576
-2.416994
-1.124878
-1.314594
-0.594885
-1.127079
-0.754632
-0.861159
-1.598281
-2.767634
-0.336714
-1.660878
-1.828663
-2.283442
-1.039686
-1.461144
-1.109116
-1.534217
-1.514627
-1.241300
-0.291232
-1.355953
-0.776416
-0.093623
-1.807725
-1.285168
-0.921429
-1.036746
-1.625430
-0.959777
-0.676886
-2.270281
-1.029334
-0.342110
-1.923721
-0.818714
-2.351207
-1.294896
-0.411096
-1.094766
-0.991114
-0.584961
-0.852800
-2.486525
-1.694494
-0.856907
-1.047055
-2.256412
-0.849252
-0.673062
0.416074
-0.692331
-0.769310
-0.783021
-1.301734
-1.961373
-1.818052
-2.235819
0.083264
-1.637671
-0.951358
-0.852091
-1.492164
-1.698422
-1.983595
-0.604378
-1.252866
-1.390396
-0.615137
-1.126107
-0.947122
-1.541409
-0.745331
-1.017105
-1.458634
-1.108729
-2.242367
-1.643808
-1.721685
-0.937581
-1.231137
-1.294809
-2.238309
-1.958246
-1.330943
-0.734943
-1.799102
-1.260663
-1.934039
-0.469899
-1.149046
-1.698028
-0.048866
-1.692854
-1.870563
-0.960827
-0.963981
-0.475053
-0.553981
-1.610420
-2.158527
-1.369809
-0.055331
-0.797145
-0.911514
-2.128199
-1.199101
-1.357952
-1.475752
-1.231180
-0.854333
-0.392094
-1.350066
-0.917149
-0.788861
-0.318651
-0.471473
-2.312019
0.051662
-0.240485
-0.742904
-2.473350
-0.241312
-1.207874
-0.729675
-0.714799
-0.810860
-1.300433
-0.876878
-0.499026
-0.671591
-0.752233
-0.894573
