1
119
-0.974340
0.611886
-1.086648
-0.472398
-0.185720
-0.555984
-0.289325
-0.850876
-0.197781
-0.384248
-0.578136
0.411746
-0.410090
-0.452475
0.575352
-0.566675
-0.224645
-1.830806
0.079435
0.275946
-0.745913
-1.153685
0.481505
-0.793299
-0.580041
-1.027674
-0.031599
-0.131403
-0.156264
-0.366787
0.841592
-0.268211
-0.553639
-0.137296
0.688414
0.651588
1.022333
2.842551
0.039014
-0.341289
0.720499
0.605579
0.258014
0.422390
0.380436
0.600622
1.008464
-0.571339
0.847793
0.271397
0.643824
0.127781
0.840900
0.263965
0.220029
0.681315
0.645942
1.045442
0.375788
0.845803
0.237693
-0.886280
-1.497293
0.176503
1.347323
0.808277
-0.039076
-1.671351
-2.105659
-0.012502
1.570045
-0.567697
1.095785
0.314634
1.632956
1.627993
1.183860
1.753327
-0.068850
2.292149
-1.205023
-1.253629
-2.027323
-1.017558
-0.999252
-3.389929
-2.285469
-2.882395
-2.629840
-2.822619
-4.824879
-4.258611
-4.455512
-0.401489
-2.409463
1.418248
-1.153837
-0.958945
-5.662110
2.729483
-2.292943
-1.226275
1.129380
1.105415
-4.247172
-0.874160
-5.047815
-4.422557
-5.097589
-6.567303
-4.513153
-3.595551
-5.127558
-2.299816
-4.789010
-0.333341
-1.409337
-3.030239
-5.067153
