1
1024
-0.055355
0.028291
-0.024294
0.021876
0.052989
0.050712
0.030136
-0.010196
0.007957
0.103778
-0.001398
0.070756
0.017970
0.039237
0.070011
-0.000666
0.066088
0.001302
0.049535
0.013634
-0.016314
-0.074988
-0.021938
0.010543
-0.032082
-0.023753
0.003588
-0.000477
-0.002239
-0.009553
0.017123
-0.030199
0.074646
-0.049598
-0.023825
-0.020704
-0.020467
-0.064983
-0.015655
0.046829
-0.058682
0.062718
0.030250
0.035961
0.015917
-0.080536
-0.034219
0.095345
-0.023013
-0.015828
-0.013634
-0.070173
0.058721
0.013101
-0.134310
-0.062756
0.004859
-0.056481
-0.074391
0.050047
-0.016365
-0.004602
0.074843
0.065767
0.102868
-0.008443
-0.059221
0.075789
0.042671
-0.035494
-0.010366
-0.003508
0.025089
0.086565
0.040952
0.028618
0.104615
-0.000731
0.053821
0.065977
0.055897
0.002278
-0.018283
0.006231
0.027899
-0.016549
-0.055609
-0.031532
0.051714
-0.016379
-0.050415
-0.012387
-0.010617
0.031819
0.030623
-0.009719
-0.021208
0.011466
0.039539
-0.032527
0.030889
0.025493
0.041424
-0.056794
-0.046924
0.001854
-0.053835
0.014902
-0.065544
0.022597
-0.042982
-0.050800
0.038830
0.005162
0.007562
-0.029529
0.020742
-0.001325
0.023679
0.056720
-0.023332
0.004841
-0.047826
0.010589
-0.094624
-0.092556
-0.030008
-0.069274
-0.033082
-0.062095
0.067222
-0.002357
0.007633
0.109073
0.032266
0.054085
-0.008041
-0.001967
-0.022717
-0.082844
0.061305
-0.011489
-0.080366
-0.014831
-0.074047
-0.035794
-0.000654
-0.012630
0.067421
0.055604
-0.013733
-0.039550
-0.005183
0.060853
-0.028288
-0.018976
0.003707
-0.000337
-0.011109
0.058960
0.042216
-0.116959
-0.022052
0.017655
-0.075410
0.037653
-0.000176
-0.007805
0.031359
-0.044735
-0.043697
-0.012668
-0.015834
-0.034096
-0.095577
0.020791
0.025679
-0.021898
0.021273
-0.056732
0.033429
-0.042547
0.027204
0.030749
0.020133
-0.024550
-0.021321
0.102816
0.076753
0.027570
0.002875
-0.003449
-0.009083
-0.089846
0.068311
0.036349
-0.038048
-0.021596
-0.000616
-0.027082
-0.030696
0.017774
-0.015585
-0.026350
-0.078235
0.001877
0.014417
0.082820
0.049375
0.033896
-0.045621
-0.006020
-0.028911
-0.079779
0.024957
0.016017
0.019102
-0.008007
0.003402
-0.033711
0.012786
-0.014952
0.071334
0.037744
0.027901
0.050426
0.019630
0.045939
-0.066550
-0.024013
-0.041129
0.051886
0.015257
0.049579
0.011581
0.022080
-0.081422
-0.052372
-0.051509
-0.010420
-0.074369
0.119557
-0.105247
0.001844
-0.139112
0.078670
0.023512
0.001389
-0.000640
-0.043465
-0.032609
-0.017940
0.026087
-0.020605
-0.069393
-0.122163
0.068142
-0.002771
-0.047331
-0.016671
-0.003687
0.032466
-0.044937
0.049390
-0.014021
-0.031703
-0.043630
-0.005973
-0.009817
0.071438
0.019326
0.031066
-0.009501
-0.081600
-0.057740
0.066108
-0.038165
-0.023309
0.045613
0.034774
0.073335
-0.045921
-0.001689
-0.020876
0.023320
0.004956
0.001795
-0.027180
-0.055412
-0.035307
-0.006636
-0.029431
-0.061454
-0.026963
0.021281
0.044530
0.049236
-0.049178
0.092143
-0.082919
-0.038863
0.024221
0.002081
0.031333
-0.078168
0.022079
0.022807
-0.032602
-0.040146
0.022344
0.025304
0.087663
0.006632
0.067041
0.039954
0.034729
-0.090624
-0.011832
-0.000231
-0.033395
0.081911
0.042131
0.062759
-0.010204
-0.045511
-0.054108
0.008657
-0.005733
0.041171
-0.018003
0.019857
0.013733
0.017165
0.087228
0.017676
-0.150442
0.062281
-0.005116
0.041841
0.001904
-0.011630
-0.026318
0.085338
-0.017466
-0.020665
0.082824
0.039928
0.032686
0.043663
-0.036072
0.037259
0.022401
-0.007725
0.064137
0.079565
-0.053844
0.032147
0.119103
-0.024639
-0.054507
0.070264
0.008989
-0.050590
-0.073109
0.042588
-0.060190
-0.004460
-0.011201
-0.008230
-0.058372
-0.034519
0.018973
0.070607
0.088658
0.020173
-0.033395
-0.006977
0.059889
-0.026984
-0.011392
0.057917
-0.028002
0.059066
0.007494
0.052374
-0.005239
0.003220
-0.038928
-0.045187
0.026930
-0.016391
-0.040332
-0.045210
-0.017465
-0.010176
0.010338
-0.034320
0.060305
-0.079674
-0.028539
0.087324
0.043674
0.017609
-0.031747
-0.033208
0.003175
0.033724
0.003557
-0.028871
0.034961
-0.005839
-0.029361
0.044618
-0.081851
0.047706
-0.017391
-0.021054
-0.030485
0.035966
-0.010034
0.031679
0.001979
-0.103588
0.038023
0.006509
-0.058876
-0.055298
0.000106
-0.035760
0.037268
-0.027817
0.020822
-0.028251
0.027253
-0.010125
0.057655
0.014761
0.007178
-0.043670
0.013292
0.000333
-0.055461
-0.043565
-0.035819
0.126024
0.060219
-0.062771
0.020611
-0.034258
0.076323
0.099348
-0.145134
-0.020414
0.021972
0.031614
-0.006507
0.041766
0.098720
0.026541
-0.003008
-0.067284
0.057133
0.039313
-0.028623
0.034174
0.063733
0.048567
-0.023396
0.005625
0.009634
-0.041880
-0.053634
0.001293
-0.056017
0.066999
0.008060
0.007784
0.030094
-0.020075
0.058347
0.050654
0.048251
-0.016439
0.015731
0.075506
-0.032201
0.004766
0.013196
0.085226
0.039484
0.086172
-0.046160
-0.071064
0.096150
-0.046924
-0.013610
-0.017721
0.085295
-0.093379
0.027849
-0.055941
0.098540
0.004911
-0.021581
0.008077
-0.042116
0.088502
-0.003671
-0.093185
-0.097641
0.016908
-0.081002
-0.025528
-0.119777
0.030267
0.034249
-0.065235
0.047525
0.010009
0.012433
-0.080993
-0.028689
0.012305
0.024477
-0.038238
-0.062586
-0.019270
-0.088557
-0.063475
0.038868
0.022469
-0.020707
0.002849
-0.060135
0.036076
0.035755
-0.018922
0.001034
0.034623
-0.016918
-0.020354
-0.031625
0.000032
0.065264
-0.046618
-0.063722
-0.046952
0.128385
0.033076
0.046550
0.023495
0.012579
0.080960
0.037714
0.032622
-0.031903
-0.030382
0.032513
0.002537
-0.065720
-0.009473
0.054339
0.017439
-0.033698
0.037515
0.046595
-0.012204
0.041333
0.031544
0.004250
0.001449
0.091246
-0.022279
0.011242
0.015898
0.039763
-0.116586
0.028101
-0.045827
0.089842
0.050245
0.060927
0.032843
0.008006
-0.007676
-0.019547
0.009467
0.033557
-0.125592
0.077674
-0.010547
-0.076949
-0.003234
-0.056799
-0.003234
0.049315
0.027492
-0.081870
-0.008178
0.056693
0.034114
-0.019815
-0.016672
-0.054905
0.008489
-0.053572
0.035724
0.047925
0.018017
0.068482
0.040027
-0.045432
-0.067675
0.053841
0.014044
0.003198
-0.006337
-0.020581
0.070610
0.091383
0.008951
0.061556
0.033141
0.019534
0.046682
-0.053046
0.036173
0.046499
-0.010447
-0.046133
0.098430
-0.098651
0.070016
-0.036122
-0.017246
-0.004749
0.035919
-0.001904
0.085047
0.044400
0.018714
-0.074136
0.015690
0.072706
-0.029112
-0.060986
0.016030
-0.016983
0.020316
0.016478
0.012066
0.044554
0.093869
0.045780
-0.005414
0.032209
0.061678
-0.034026
0.011810
-0.066448
-0.045620
-0.070951
0.006872
-0.009523
-0.028106
-0.029186
0.054967
0.056800
0.028580
-0.027771
-0.008898
-0.123571
0.071955
-0.023867
-0.049206
0.043874
0.036136
-0.010136
-0.044171
-0.012853
-0.037730
-0.046133
0.049811
0.074081
-0.056806
0.018980
-0.017146
0.096934
-0.008271
-0.048257
-0.005616
-0.009861
-0.020522
0.053304
-0.025808
0.043784
0.008527
-0.046550
-0.040051
-0.001996
-0.026874
0.031795
-0.053839
-0.066884
-0.034404
-0.062630
0.092754
0.069833
0.142653
-0.032718
-0.005440
0.020939
-0.058950
0.087185
0.013731
0.040326
-0.029625
0.052616
-0.036575
0.069310
0.058359
0.086902
-0.019915
-0.044439
0.035229
0.059215
-0.003094
-0.044538
0.038349
-0.102164
-0.019542
0.009903
0.057370
-0.011290
-0.025696
0.023627
-0.062315
0.003911
0.018806
0.001342
-0.035499
0.021669
-0.014697
0.000117
-0.030501
0.020929
-0.092554
0.045136
-0.008242
-0.050646
0.048081
0.028243
-0.034978
-0.063378
0.036878
0.014117
-0.034485
0.000247
-0.025371
-0.082884
-0.088485
-0.021865
-0.019695
-0.025651
0.074071
0.095303
-0.011918
-0.000214
-0.011647
0.036001
0.032100
-0.150108
0.032434
-0.086259
-0.100609
0.012663
0.004707
-0.015996
0.009891
-0.028096
0.063758
-0.028349
0.061783
-0.041341
-0.001434
0.054939
0.014481
0.026930
0.012084
-0.040484
0.043060
0.018642
-0.026289
0.016290
0.044958
0.053730
0.023095
-0.035440
0.008861
0.037685
-0.038769
-0.023007
-0.024277
-0.012008
-0.018733
0.039310
-0.032734
0.019396
0.010856
-0.023509
0.123635
0.010145
-0.012573
0.098709
-0.031356
0.035952
0.013469
-0.052806
0.058773
-0.009997
-0.137796
-0.090110
0.073072
-0.000454
0.014055
-0.062489
-0.088383
-0.064882
0.041298
-0.038493
-0.102615
0.079302
0.066502
-0.046322
-0.012018
0.011381
-0.003301
-0.106132
-0.069069
-0.008718
-0.000058
-0.065037
-0.011417
0.060723
0.051775
-0.043413
-0.014701
0.078597
-0.000487
0.006543
-0.033732
-0.038433
0.040399
-0.088099
-0.016471
-0.077452
0.118430
-0.086088
0.043579
-0.015853
0.095848
0.091874
0.042682
0.004742
0.003235
-0.006454
-0.009140
-0.048223
0.080599
-0.126564
-0.030357
-0.093667
0.008286
0.011587
0.011126
0.082156
0.141407
-0.015808
-0.013513
0.022097
0.064461
0.002098
0.015467
-0.031861
0.006851
0.024434
-0.035166
-0.085201
0.027581
-0.029192
0.008508
-0.013341
0.042546
-0.050501
-0.030735
0.024247
0.002094
-0.059924
-0.057979
-0.040389
0.072611
0.044479
0.007410
-0.078821
-0.032060
-0.008440
-0.018763
0.001699
-0.040915
-0.032692
-0.031135
-0.021177
-0.020792
-0.095364
0.071367
0.031408
-0.025291
-0.066425
0.049369
0.001719
0.001816
-0.016374
-0.048071
-0.022272
0.120279
-0.040270
0.024277
-0.039771
-0.093750
0.074979
-0.056838
0.006330
-0.018252
-0.003377
0.038415
-0.035135
-0.006105
0.077310
0.055442
-0.010875
-0.006733
0.015374
0.009088
-0.041386
-0.040310
-0.061586
0.035809
-0.107972
-0.025320
-0.042257
-0.027808
-0.033912
-0.051444
-0.014370
-0.139091
-0.062349
-0.040461
0.022917
-0.026919
-0.081829
-0.058278
0.075513
-0.031075
0.052726
0.018567
-0.005747
0.062631
-0.011115
-0.094702
0.016339
-0.050404
-0.015049
0.026761
0.015319
0.066479
-0.076547
0.001221
-0.010423
-0.001624
-0.047782
0.022129
-0.042447
0.029828
0.005947
-0.061525
-0.024702
0.040811
-0.096317
0.007778
-0.081092
-0.040724
0.019921
0.055043
0.018564
0.018288
0.002347
-0.045909
0.010145
0.076054
-0.041717
-0.036260
-0.022658
0.061200
0.036411
-0.028546
-0.025685
-0.023411
0.108937
0.033359
0.018267
-0.002938
0.081613
-0.049551
-0.020041
-0.018044
0.025857
0.073844
0.020862
0.012881
-0.019590
-0.022111
-0.040731
0.005434
-0.017886
