1
1024
0.023398
-0.051434
0.021545
-0.053958
0.033341
0.065296
0.033157
0.036665
-0.020362
-0.059716
-0.002877
-0.008331
0.029060
0.039023
-0.233470
-0.048759
0.126946
0.037964
-0.028822
0.053799
0.062982
0.047365
0.149299
-0.077977
-0.139979
0.098246
-0.011490
-0.016265
-0.057777
0.032942
-0.086916
0.105584
0.081187
0.102441
-0.006335
0.100059
-0.100252
0.011061
-0.075311
0.135436
0.048936
0.058552
-0.054777
-0.003909
-0.053679
-0.003379
-0.011001
0.047851
-0.039158
0.061996
-0.100455
-0.049724
-0.007900
-0.016441
0.073204
0.011004
-0.019209
-0.098631
0.040666
-0.131234
-0.035396
0.107098
0.075539
0.032686
-0.085093
-0.018291
-0.019804
-0.161754
0.070268
0.039800
-0.100209
0.097614
0.023411
-0.031104
0.059470
0.064046
-0.063611
0.034939
-0.052134
-0.087216
-0.073769
0.136442
-0.160937
-0.053894
0.039581
-0.020784
-0.009849
-0.036430
-0.007417
-0.063021
-0.038687
-0.018505
-0.158628
0.050291
-0.086070
-0.038635
0.125018
0.024772
0.028807
0.242072
0.050550
-0.031984
0.050231
0.006266
-0.077525
-0.092532
-0.060826
0.081056
0.011807
-0.093701
0.066852
-0.111233
0.029123
0.043911
0.051072
-0.076119
-0.014363
0.020483
0.038606
-0.017973
0.016186
-0.059975
-0.105951
0.012918
-0.030509
0.189518
0.015971
0.009497
0.145996
-0.044249
0.073433
0.005708
0.103217
-0.004493
0.033343
-0.205921
-0.013816
-0.056584
-0.134469
0.006937
-0.012386
0.010349
0.134129
-0.083232
-0.170192
-0.110268
-0.061990
0.196641
0.057775
-0.049980
-0.063629
0.243438
-0.097961
0.008270
-0.006411
-0.083632
0.015388
0.076681
-0.073273
0.011806
-0.114902
0.102988
0.128365
0.038210
0.005660
-0.006948
-0.030283
0.023344
-0.088211
0.073772
-0.033099
0.126665
-0.133691
0.039842
-0.050867
-0.033611
-0.029675
0.018051
-0.065239
0.047375
0.017867
-0.035181
-0.090425
-0.033399
0.096017
0.141513
0.015557
0.010314
0.113946
-0.054220
0.041833
0.010593
-0.013202
-0.108528
0.027730
0.038409
-0.195610
-0.013124
-0.007495
0.143262
0.014278
0.041129
0.085066
0.124463
0.050557
-0.074447
-0.048368
-0.077593
0.000198
-0.034414
0.023871
-0.076596
0.101889
-0.016627
-0.077162
0.130562
-0.154416
-0.122721
-0.006992
-0.060580
0.042494
0.183184
0.060362
0.018927
0.035440
-0.023976
-0.075622
-0.081999
-0.034167
-0.109875
-0.019351
-0.050721
-0.015118
-0.046118
-0.060527
-0.040724
0.093339
-0.086172
-0.065113
0.083669
-0.101275
-0.089702
-0.003861
-0.171683
-0.073490
-0.086408
-0.016736
0.053177
0.043754
0.012127
-0.016336
-0.020380
-0.002441
-0.007660
-0.024597
-0.012418
0.003196
-0.092151
-0.084964
-0.013892
0.032073
-0.200387
0.067659
-0.058937
0.022867
0.128048
-0.042396
-0.051645
0.020278
0.069694
-0.063587
0.019631
-0.065524
0.059358
-0.071901
0.047273
0.068124
0.134163
-0.093144
-0.080823
0.066540
-0.109757
-0.006818
-0.054074
0.013833
0.048817
-0.214429
-0.229430
-0.011060
-0.003311
-0.140561
0.108694
0.117426
-0.005185
-0.042658
-0.086317
0.009974
-0.040807
-0.117553
-0.094790
0.023669
0.104464
-0.009232
-0.034374
0.040570
0.055553
0.054335
0.086568
0.100618
0.149579
0.051293
-0.091239
0.039215
0.048151
-0.085261
0.077348
-0.062130
-0.044457
-0.022596
0.015761
0.054445
0.182225
-0.001248
-0.097085
-0.066674
-0.096258
0.018336
0.021154
-0.093310
-0.105441
-0.059866
-0.003287
-0.004582
0.237718
-0.070236
0.048739
-0.122285
-0.036218
-0.037372
-0.196736
0.005753
0.088084
-0.030816
0.018810
-0.049088
-0.018676
-0.189661
0.001543
-0.110787
0.011985
0.019214
0.155145
0.064898
0.001012
-0.074081
-0.022818
-0.207988
0.118909
-0.149711
0.218934
-0.129048
0.180754
-0.028486
0.025749
0.103490
-0.071893
-0.009090
-0.046086
-0.075554
0.189903
-0.010756
-0.089895
0.034221
-0.020014
-0.052510
-0.028513
0.014636
0.087640
0.095891
0.059183
-0.006244
0.022535
-0.025756
0.090950
-0.129177
-0.033326
0.195170
0.032828
0.013952
-0.086914
0.023707
0.055322
0.016790
-0.028934
0.014043
0.028464
-0.060559
0.004047
0.120696
0.027422
-0.130215
0.126385
0.192920
-0.071509
-0.081229
-0.021770
0.030775
-0.096705
-0.036944
0.057735
-0.020571
0.037733
0.096094
0.039951
-0.044763
0.024626
0.017720
-0.030586
0.090047
0.005840
-0.160175
-0.131927
-0.004582
0.044915
0.000590
0.057272
0.028967
0.018252
0.032139
-0.029455
-0.052792
-0.145146
0.064077
0.058983
-0.047665
0.041631
-0.108340
0.032099
0.086948
0.080715
0.049271
0.051898
0.077580
-0.076672
-0.017690
0.064553
0.112269
0.008584
0.115120
0.076148
-0.045856
-0.007220
0.049523
-0.177020
-0.036389
0.022551
0.138879
-0.021125
-0.077435
0.096283
-0.095698
0.168322
-0.025768
-0.026650
0.095345
-0.015169
-0.049209
-0.119788
0.110781
-0.096829
0.118666
0.036521
-0.134332
-0.098927
-0.099100
0.013750
-0.120180
0.133239
-0.022123
0.009526
-0.134040
0.017905
0.016122
-0.030586
-0.322640
-0.068437
-0.055072
0.019288
0.024179
0.043436
0.026732
0.078257
0.158829
0.165181
-0.029005
-0.173317
-0.015668
0.015186
0.022126
0.008912
0.014006
0.084753
-0.130924
0.125256
-0.008404
0.067133
0.070734
-0.004255
-0.084441
-0.062730
0.057196
0.087618
0.224518
0.040607
-0.052107
0.099958
-0.052323
0.006154
-0.077941
-0.002818
0.051361
-0.196158
-0.107667
0.088669
-0.006913
0.167691
-0.031436
-0.030656
-0.023819
-0.001774
-0.023931
-0.065779
-0.017520
0.040844
-0.099950
0.000586
0.024538
-0.111726
0.009897
-0.008020
0.044540
-0.149445
0.131934
-0.069648
0.081225
0.054108
0.171533
-0.102709
-0.003698
-0.015585
0.008518
-0.006485
-0.048340
-0.097527
-0.005803
0.010962
0.037159
-0.010107
-0.024944
0.054379
-0.280552
-0.166924
0.034483
0.018175
0.013373
-0.018082
-0.006581
0.014712
-0.094307
-0.093633
-0.027587
-0.308863
-0.066906
-0.064456
-0.041619
0.123808
-0.012898
-0.003153
0.078985
-0.059440
0.108188
0.169461
0.158414
-0.062127
0.034398
0.176443
-0.119794
-0.196078
-0.047033
0.117204
-0.036899
-0.102504
-0.058985
-0.213844
0.088173
-0.049857
-0.000150
0.002902
0.012455
-0.056889
0.021105
-0.129323
-0.063491
0.043007
-0.060318
-0.117524
-0.137386
-0.149021
0.015928
0.157048
0.022951
0.045611
0.110452
-0.083992
0.074360
0.054881
0.048525
0.005553
-0.000094
0.009361
-0.036448
-0.071601
-0.108651
0.098945
0.051575
0.064119
-0.028450
-0.134689
-0.068787
-0.137568
0.012548
-0.002899
-0.034807
-0.112143
-0.052549
-0.114828
0.008527
-0.003206
0.101912
0.047488
0.053914
0.050766
0.015600
-0.056282
-0.152560
-0.147841
-0.182808
0.051287
-0.107721
-0.044479
0.045962
0.014076
-0.025209
0.060140
0.129687
0.015447
-0.028457
0.008352
-0.055677
-0.087153
0.082755
0.021872
0.030509
0.116496
0.171979
0.081159
0.031279
-0.025395
-0.102851
0.035700
0.018504
-0.101639
-0.047586
0.042252
0.076715
-0.025922
0.031898
0.112179
0.043533
-0.096006
0.053658
0.078044
-0.080388
0.023392
-0.090290
0.040803
0.100116
-0.089688
-0.077592
-0.121012
0.006842
0.019457
0.122819
0.099677
0.021010
0.000438
-0.023549
-0.030922
0.081221
-0.067229
0.124282
-0.034456
-0.211700
-0.027531
-0.014194
-0.061314
0.001696
-0.068919
0.006407
-0.069923
0.013755
0.039878
0.028705
0.106993
0.045843
0.157226
-0.020227
0.017325
0.000479
-0.176169
-0.012307
0.000528
-0.106831
-0.106279
-0.002306
0.012499
-0.013374
0.019576
0.005571
-0.036552
0.012562
-0.144366
0.052798
0.021140
0.017445
-0.130161
-0.031490
-0.039465
-0.056997
0.003989
0.130680
-0.001671
-0.132992
-0.024301
0.029578
0.054195
0.136911
-0.008078
0.016292
0.089514
0.012970
0.094106
-0.029112
0.047863
-0.014592
-0.155122
-0.015235
0.059402
-0.003590
0.023921
-0.114898
0.050506
-0.119688
0.041627
0.041124
-0.067039
-0.046340
-0.037729
0.111621
0.002730
-0.017436
-0.094205
0.105817
-0.124188
0.019884
0.061545
-0.059665
0.003899
-0.035058
-0.046680
-0.030782
-0.047479
0.025731
0.093725
-0.084806
-0.011039
-0.079978
-0.058241
0.055624
0.105374
0.012794
-0.069211
-0.048831
0.050746
0.118606
0.162604
0.023711
-0.024826
0.054029
0.001608
-0.012767
0.017453
-0.051625
-0.063328
-0.005610
-0.180491
-0.084019
0.056889
0.084747
0.017501
-0.023649
0.057548
-0.009315
-0.160925
0.037916
-0.033167
0.058200
0.084894
-0.049852
-0.178410
0.001354
-0.035313
-0.115475
0.034906
0.019496
0.031582
-0.035708
-0.065932
-0.132273
-0.055783
-0.077276
-0.106648
-0.117384
-0.038100
-0.078216
-0.050628
0.038142
0.037415
0.097346
-0.056859
-0.002864
0.241145
0.067041
0.000529
0.084928
0.070760
-0.080029
-0.054419
-0.030238
0.048448
-0.011420
0.066742
-0.014460
0.029732
-0.010191
0.042754
-0.037879
-0.004378
0.037240
0.136855
0.162624
-0.056708
-0.056157
-0.068623
0.063729
-0.056957
0.006030
-0.067499
-0.066203
-0.023369
-0.008610
0.083394
-0.004503
0.049484
0.062058
0.039781
0.094048
0.013957
-0.056475
0.062192
-0.009788
0.036371
-0.038928
-0.036657
-0.279981
-0.093081
-0.109735
0.012520
-0.010259
0.052253
0.061898
0.017379
0.061755
-0.003192
0.160096
-0.106184
0.050646
-0.000296
-0.014253
0.092523
0.064289
0.046711
-0.106699
0.069628
-0.035936
-0.054271
-0.105120
-0.117427
0.021300
0.107294
0.022933
0.028556
-0.074594
0.030947
0.066600
-0.084852
-0.055037
0.034881
-0.011221
-0.157135
-0.047778
-0.014427
0.063379
-0.058609
-0.009530
-0.054052
-0.014808
0.103511
-0.001536
0.108421
-0.025392
-0.087862
-0.053801
0.046058
-0.006756
0.050998
0.181488
0.147539
0.014910
0.064568
0.146035
0.134337
-0.000457
0.019039
-0.026232
0.012820
0.046664
-0.101677
-0.104733
-0.022463
-0.025383
0.026742
-0.055337
-0.095167
-0.036848
0.016541
0.028859
-0.050395
-0.014666
0.016295
0.075813
0.138263
-0.056166
-0.003615
0.007771
-0.037711
0.064348
0.109400
-0.045620
0.069820
0.004036
-0.081590
-0.010027
0.123380
0.062787
-0.011619
-0.101022
0.064445
0.004486
-0.048013
-0.014237
-0.138801
-0.030433
-0.058041
-0.035311
-0.076761
-0.091375
-0.045332
0.023277
0.039848
-0.112602
-0.098128
0.054983
0.007062
-0.061248
-0.090788
0.009403
-0.030657
0.020031
0.048297
-0.237323
0.048622
-0.049416
0.027206
0.019089
0.049328
0.135114
-0.013217
0.081922
-0.010044
-0.059652
0.032434
0.031766
-0.095434
0.085296
0.092533
0.058244
0.163963
-0.012874
-0.059588
0.005624
0.065531
0.061215
0.076063
