1
1024
-0.121682
0.109925
0.095160
-0.083239
-0.207664
0.061063
-0.080008
0.096894
0.137139
0.052985
0.064373
-0.022324
0.146116
-0.251709
-0.011893
0.161150
-0.067138
0.132568
0.144772
-0.239846
-0.115129
-0.028578
0.040983
-0.124783
-0.201977
0.163839
0.021005
-0.114106
-0.081497
0.178351
-0.012706
-0.074360
-0.151326
-0.184556
0.043378
-0.152510
0.016666
-0.049587
0.107072
-0.010941
-0.068890
0.108055
-0.087332
0.102506
-0.181492
-0.086525
-0.041517
-0.040711
0.162926
-0.065780
-0.067324
0.129809
0.014834
-0.069181
-0.018877
-0.224703
-0.140622
-0.116829
0.100427
0.075312
0.245903
0.194198
0.045582
0.227182
-0.225413
-0.175574
0.179942
0.106020
0.143913
-0.056573
-0.030314
0.002750
-0.142706
-0.049734
0.135989
0.068256
0.161413
0.267609
0.211459
-0.024886
-0.041249
-0.059036
0.009669
-0.136505
0.122351
0.163751
0.123963
0.202405
-0.060780
-0.203663
-0.074583
0.399306
0.101272
-0.015617
0.175499
0.148591
-0.020490
-0.168601
-0.001919
-0.091522
0.203696
0.010650
0.196007
0.063842
0.167122
-0.063228
0.182727
0.009958
0.089099
-0.078833
-0.107201
-0.095166
-0.080950
-0.063409
-0.003125
-0.171356
-0.014543
-0.023313
-0.059497
-0.241635
0.076731
0.180875
-0.274718
-0.019741
-0.152223
0.070509
0.236622
-0.200313
-0.274980
-0.109061
0.012146
-0.021734
-0.024398
0.066775
-0.189384
-0.037670
-0.095040
0.180326
-0.013469
0.038183
-0.001586
0.001672
0.103884
-0.237637
-0.108207
-0.136542
-0.165048
0.025661
0.107129
-0.070466
-0.095545
0.119189
-0.117114
-0.104854
0.095949
-0.130800
0.214533
-0.138541
-0.046690
0.088546
-0.095454
-0.219372
-0.051270
0.015858
0.151196
-0.202606
0.199655
0.148029
-0.155534
0.069754
0.094227
0.005948
-0.258604
-0.057051
0.026993
-0.172277
0.030410
0.086473
-0.122416
0.148990
-0.015834
-0.190950
-0.055975
-0.177115
-0.063166
-0.181883
0.115250
0.147759
-0.104237
-0.044499
-0.115992
0.050569
0.207903
0.015991
-0.008084
-0.051206
-0.076151
0.020884
0.097298
0.081553
-0.085797
-0.005342
0.100999
-0.038449
-0.086449
0.072042
-0.078815
-0.140719
0.143644
-0.148950
0.108496
0.005450
0.037981
0.070118
-0.211485
-0.041318
-0.238394
0.228848
0.058094
-0.181333
0.064994
0.050188
-0.232928
0.007967
0.171371
0.173533
0.223991
0.081897
0.099668
0.045042
0.082308
-0.019162
0.178652
0.074163
-0.153623
0.137504
0.076752
-0.024060
0.112022
0.083698
0.073424
-0.019175
0.198498
0.009650
0.067050
-0.026318
0.245713
-0.089520
0.024523
-0.093107
-0.021163
-0.103291
0.119720
0.223470
-0.085600
-0.268424
0.049665
0.075803
0.064166
-0.197621
0.213172
0.172338
0.023634
-0.102817
0.017211
-0.105769
-0.106138
0.019594
0.223089
-0.021967
-0.005071
0.051176
-0.056177
0.059321
-0.257363
-0.120766
-0.093930
-0.128008
0.017056
-0.098910
-0.086768
-0.014381
0.174536
0.021203
0.373179
-0.136058
-0.011907
-0.076810
0.208191
-0.013715
-0.014237
-0.044296
0.152416
0.234693
-0.174299
0.005712
0.111590
0.109333
0.206279
0.158714
-0.092266
-0.001525
-0.019849
-0.085720
-0.055822
-0.112463
0.064349
-0.047987
-0.099171
-0.174705
0.047499
-0.154078
-0.188907
0.047969
-0.092833
-0.096031
0.114195
0.006102
-0.034190
0.138162
-0.063132
0.034035
-0.100539
-0.205209
-0.091596
0.116764
0.049185
-0.124180
0.162908
-0.165964
0.132474
0.080415
0.001720
-0.048164
0.085120
-0.085668
0.157215
0.043496
0.213129
0.304126
0.098453
0.002016
-0.045691
0.171851
-0.031526
0.049332
0.059057
-0.147422
-0.013654
-0.177439
-0.006119
0.187976
0.096547
0.101124
0.154303
-0.176486
-0.097188
-0.003783
-0.111887
-0.133781
-0.134211
0.002293
-0.236540
0.057389
-0.106288
0.116375
-0.031416
0.156618
-0.072639
-0.003302
-0.030474
0.056407
-0.238966
0.048820
0.152995
0.104262
-0.000366
0.066669
0.050998
-0.026691
-0.231544
0.225615
-0.004544
-0.037832
-0.036794
0.123176
-0.079004
0.184754
0.057619
-0.122151
0.024987
0.349439
-0.049409
0.092244
0.075823
0.155938
0.207613
0.049306
0.164904
-0.134437
0.033753
0.129642
0.170720
-0.213595
0.225588
-0.200641
0.058604
-0.092225
0.173309
-0.036089
0.019204
-0.050746
0.080631
-0.082205
0.034041
0.161332
-0.054397
-0.165335
-0.126946
0.007836
0.069571
0.146448
0.040371
0.051887
-0.155995
-0.056349
-0.025127
0.026147
0.156107
-0.080615
0.055080
-0.036132
-0.065077
0.011716
-0.011675
-0.031054
0.066788
0.262735
0.034255
-0.139712
0.105241
0.113425
0.008187
0.098362
0.024448
-0.084148
-0.091073
-0.084050
0.069504
0.089722
-0.247126
-0.140298
0.116097
-0.049052
0.011436
0.068435
-0.068692
0.105619
0.189939
-0.130648
0.175372
0.202460
0.010117
-0.100524
0.035544
0.149534
0.093226
-0.009648
0.100284
-0.101144
-0.125252
-0.098420
-0.137855
0.023123
0.034849
0.123018
-0.065661
-0.171816
-0.129172
0.178493
-0.069041
0.085966
-0.116555
0.067735
0.019274
-0.023577
-0.084995
-0.123580
0.017294
-0.229208
-0.141423
-0.000583
0.128136
-0.028345
-0.086117
0.043232
-0.045170
0.104920
-0.080898
0.147334
0.093373
-0.107728
-0.001040
-0.017771
0.087803
-0.064987
0.168409
-0.026414
0.103293
-0.221249
-0.093260
0.171636
0.006722
-0.064285
0.143382
0.138208
-0.365999
-0.041462
-0.055532
0.002287
-0.119431
-0.003427
-0.110148
-0.186057
0.076032
-0.005134
0.168435
0.178165
0.176869
0.096205
0.111264
0.312047
-0.215851
0.079496
-0.052631
0.152145
-0.073328
-0.239030
0.121456
0.010897
-0.265213
0.044896
0.185859
0.202876
0.001112
-0.112013
-0.161393
0.065560
-0.209133
-0.026982
0.307776
-0.101266
0.120115
-0.184315
-0.106407
-0.088692
-0.084779
0.115706
-0.056771
-0.272788
0.042766
0.147662
0.263921
-0.048439
0.201263
-0.024074
0.056220
-0.112405
-0.039456
0.043240
-0.072674
0.137740
-0.285356
0.110556
0.021056
-0.163994
0.110217
-0.288990
-0.003939
-0.038155
0.192995
0.243063
-0.006145
0.070849
0.072500
0.078141
0.100436
-0.041377
-0.090216
0.145516
0.044984
-0.019803
0.221172
-0.079960
0.153287
0.086407
-0.098225
0.120688
-0.040525
-0.215114
0.033666
0.091168
0.054255
0.028525
0.086818
0.029342
0.106238
-0.076416
-0.068895
0.000824
-0.016385
-0.035685
0.122267
0.034332
0.048323
-0.236747
-0.017745
-0.040121
-0.189637
0.121791
0.081269
-0.097206
0.095178
-0.088732
0.089615
-0.178993
0.103066
0.013606
-0.065296
-0.057944
-0.124504
0.171441
-0.130120
0.244998
-0.186366
0.035653
-0.050057
0.041959
0.227381
-0.184322
-0.080373
-0.073744
-0.072027
0.274684
0.020162
0.163224
-0.017446
0.006060
0.031685
-0.187494
-0.050684
0.149856
0.170375
0.100539
-0.019001
-0.098326
-0.010959
-0.022731
0.012344
-0.068368
-0.095017
0.210323
-0.133892
0.192392
0.049922
-0.053466
-0.010399
-0.153072
0.094367
-0.037039
0.052429
-0.017277
-0.085632
0.187040
-0.006239
0.060795
0.006753
-0.300215
-0.246436
-0.176572
0.027891
0.089455
-0.157030
-0.140608
-0.253847
0.126555
0.031781
0.088622
0.062574
-0.045541
0.054179
-0.096505
-0.001979
-0.046499
-0.062290
-0.070693
0.103991
-0.044509
-0.031284
0.083508
-0.022306
-0.104565
0.109200
0.256436
0.033322
0.057265
0.057506
-0.037967
-0.134862
-0.075557
0.059665
-0.102352
-0.005636
-0.120633
0.363899
-0.116237
0.035117
0.110031
0.116252
-0.094859
0.069107
0.097912
0.067103
-0.238725
-0.106275
0.147160
-0.095156
0.138156
-0.195566
-0.134385
0.202200
0.028084
-0.118569
-0.092062
0.129427
-0.057685
-0.105317
-0.073451
-0.032195
0.053349
0.034366
0.007229
-0.152718
-0.074109
0.140744
0.030555
-0.088386
-0.011711
-0.213067
-0.045552
-0.250619
-0.044272
-0.051624
-0.222097
0.124688
0.072441
0.184374
-0.026993
-0.085896
0.043380
-0.114035
0.153694
0.021767
-0.233832
0.135727
-0.052558
-0.169093
0.151898
0.074358
0.063457
0.047050
0.063224
0.098918
-0.086323
0.232788
0.089937
-0.005947
0.094094
0.001052
-0.008812
0.074057
-0.060313
-0.031353
-0.202157
-0.128172
0.156850
0.000826
0.036793
-0.088273
-0.198438
-0.090816
-0.193762
0.012046
0.188542
0.151558
0.118518
0.221477
-0.178655
0.122293
-0.059282
-0.120904
0.066522
0.177630
0.100369
-0.131639
-0.002019
0.015639
0.101770
0.150346
0.184415
0.084027
0.022052
0.094453
-0.015941
-0.080861
-0.045309
-0.039270
0.145362
0.135768
0.059916
-0.056428
0.168667
0.011378
0.029949
-0.042314
-0.066057
0.145826
-0.068047
-0.089596
0.112595
-0.046701
0.143125
0.052584
0.055846
-0.254245
-0.189081
-0.015390
-0.088122
0.162322
0.075674
-0.104549
0.110949
-0.190653
0.029913
-0.060838
-0.024536
0.209800
0.131043
0.213564
0.071218
-0.083601
0.100976
-0.141253
0.061612
0.068245
0.091164
-0.214301
0.136074
-0.112557
0.097467
0.150374
0.340596
0.014309
-0.090639
-0.007639
-0.113094
0.121362
-0.029884
-0.188614
0.075417
-0.111462
-0.054809
0.020853
0.056135
0.098604
0.071819
-0.017770
-0.145461
-0.135097
-0.155555
0.219554
-0.091108
-0.050616
0.052515
0.072048
-0.110760
0.076223
0.149620
0.152525
-0.233214
-0.154481
-0.287196
0.120850
-0.155607
-0.079108
-0.058016
0.196343
-0.047627
-0.001019
0.207321
-0.024480
-0.087631
0.088954
0.123234
0.031201
0.126804
0.120334
-0.018953
-0.082257
0.038490
-0.038825
-0.168365
-0.051270
0.015974
-0.151289
-0.033369
0.205850
0.081998
-0.017884
0.213776
0.068769
-0.181369
0.169600
-0.296618
-0.005277
0.052042
-0.037618
-0.008825
-0.017994
0.045431
-0.048141
-0.212792
0.046684
0.141115
0.053466
-0.097812
0.090242
-0.038219
0.211037
0.081884
-0.138728
0.092589
0.194294
-0.028428
0.048471
-0.272029
-0.137591
-0.107022
0.092916
0.040774
0.083251
-0.119354
-0.047139
-0.050699
-0.012633
-0.153179
0.036869
0.126604
0.189631
0.066977
0.125338
-0.003932
0.079199
-0.088709
-0.088551
0.001867
0.039083
-0.006523
-0.059495
-0.010346
0.089134
-0.086013
-0.045334
0.165861
-0.025728
-0.081492
-0.010738
0.125181
-0.106222
-0.009610
-0.005855
0.097930
-0.058711
-0.009350
0.106070
0.167163
0.014882
0.129610
0.012290
0.159460
0.141103
0.008392
-0.059375
0.115662
0.003142
0.200739
-0.073735
0.036511
0.012813
-0.121057
-0.244285
0.011744
-0.017053
0.219400
-0.145302
-0.071716
0.128735
0.206053
0.035001
0.128430
-0.085608
0.097587
-0.047986
-0.051322
-0.093183
-0.175543
0.013322
-0.094258
-0.106570
-0.078971
-0.130452
0.015052
-0.029457
0.115683
