1
1024
0.263650
0.076170
0.095922
0.384118
0.133747
-0.078778
0.172147
0.210822
0.108506
0.084898
-0.040467
0.306160
0.409444
0.037615
0.096759
0.323530
0.079389
0.176537
0.182961
0.202735
0.123773
0.020506
0.105819
0.129862
-0.128452
0.008386
0.180328
0.065349
0.106412
0.182577
0.322095
-0.113709
0.167696
0.132346
0.335314
0.330782
0.222147
0.243756
-0.058459
0.390908
0.180222
0.127616
0.232690
0.225896
-0.089754
0.104763
0.128104
0.077804
0.140482
0.296695
0.119648
-0.067133
-0.156104
0.415400
0.076495
0.233350
-0.099671
0.263388
0.352349
0.008954
0.325565
0.210645
0.323961
0.052515
-0.041605
0.266947
0.149919
0.123316
0.236608
0.143346
0.174070
-0.086407
-0.027979
-0.080316
0.224828
0.025831
0.154107
0.016761
0.399727
0.299139
0.127091
-0.126268
0.202217
0.283131
0.003062
0.074970
0.190379
-0.078260
0.143570
0.215158
0.081045
0.106101
-0.056484
0.133147
0.047406
0.232558
-0.005702
0.275541
0.209049
0.272078
0.047979
0.241675
0.183869
0.185750
0.046725
0.065878
0.327924
0.056219
0.170819
0.153154
0.044281
0.191928
0.240788
0.045326
0.206696
0.166309
-0.021682
0.134312
0.180016
-0.081714
0.118758
0.157928
0.282577
0.190311
0.344898
0.013939
-0.046330
-0.123769
0.083977
0.041953
0.044791
0.286302
0.385842
-0.242136
-0.028328
0.292099
0.007640
0.227492
0.176991
0.409860
0.117983
0.341364
-0.024738
0.091199
0.234051
-0.014155
0.346124
0.251950
0.057548
0.143928
0.130620
0.228743
0.392113
0.245295
0.180824
0.303846
0.190669
0.144013
0.252556
0.456022
0.082941
0.186389
0.105166
0.075363
0.176551
0.237687
-0.061593
0.115742
0.200692
0.119532
0.193455
0.510785
0.115098
0.457062
0.012898
0.220534
0.078376
0.093811
0.108959
0.231110
0.167694
0.302458
0.117291
-0.145612
-0.152794
0.173391
0.038040
0.145860
0.305008
0.051641
-0.023817
0.071879
0.297294
-0.068875
0.093451
0.221820
0.089250
0.302301
0.120705
0.351382
0.153422
0.075302
0.321351
0.050710
0.110553
0.048518
0.225300
0.234948
0.155508
0.200421
-0.095819
0.080005
0.226038
0.077221
0.423774
0.210143
0.224525
-0.056608
0.125527
0.228935
0.149124
0.091413
0.103936
0.068524
0.159923
0.243172
0.169180
0.289317
0.268836
-0.135427
0.211957
-0.055642
-0.085683
0.376107
0.225995
0.278036
-0.049511
0.186601
0.141304
0.230823
0.100155
0.301197
0.026929
0.209487
-0.011956
0.188827
0.400612
0.403011
0.165439
0.339238
0.200829
0.276125
0.107112
0.118261
0.164143
0.276512
0.244237
0.319150
0.241933
0.281706
-0.006439
-0.051501
-0.026024
0.192832
-0.022711
-0.027840
0.139246
-0.102749
0.322497
0.171818
0.250572
0.143122
-0.033997
0.433085
-0.060301
0.067158
0.210711
0.193783
0.231999
-0.051644
0.140797
-0.100897
0.043849
0.571858
0.494698
0.095997
0.082628
0.045957
0.010821
0.150359
0.270582
0.232596
0.231801
0.147705
0.151288
0.053130
0.438909
0.170710
0.082946
-0.043259
0.014201
0.089096
0.207672
0.249537
0.077928
0.204408
-0.030166
-0.020369
-0.055081
0.108473
0.313836
0.217175
0.302978
0.120925
0.123290
0.135712
-0.083670
0.300786
0.255422
0.324119
0.733650
0.376592
0.194160
-0.155015
0.177588
0.217982
0.027138
0.074012
-0.002747
0.023726
-0.006563
0.327721
0.292563
0.400589
-0.077609
-0.008039
0.155528
0.185791
-0.075561
0.125043
0.085952
0.200471
0.207317
0.143245
0.159138
0.126837
0.066425
0.105737
-0.002121
-0.031464
0.256069
0.158278
0.033886
0.161445
0.022968
0.128578
0.029784
0.078076
0.120530
0.182002
0.184737
0.194519
0.436648
0.057958
0.254377
0.137769
0.279985
0.129632
0.151285
-0.005988
0.142091
0.269540
0.102571
0.053360
0.170156
0.172635
0.085415
0.018928
0.314472
-0.008715
0.508863
0.162787
0.200073
0.487835
0.356749
-0.126832
0.111513
0.350331
0.076361
0.197367
0.066761
0.147660
-0.028118
0.244908
0.495005
0.176474
0.173255
0.299628
0.168361
0.199335
0.216860
0.173879
0.036659
-0.044032
0.272653
-0.015643
0.231775
0.358966
0.264711
0.247134
0.278104
0.099272
-0.105190
0.254722
0.329023
-0.116292
0.300650
0.177454
0.223790
0.400147
0.059544
0.016854
0.111442
0.336370
0.191783
0.016617
0.298360
0.096144
-0.109328
0.130991
-0.005401
0.074168
-0.160259
0.326641
0.131596
0.177232
0.179632
0.277245
0.146021
0.269773
0.228514
0.281560
0.212261
0.260329
0.304999
0.371059
0.479430
0.097308
0.141135
0.074983
0.079565
-0.013546
0.328833
0.235887
-0.095962
0.168195
0.248342
0.249793
-0.027416
0.034147
0.251038
-0.011183
0.268853
-0.024423
-0.091587
0.379064
0.406333
0.085834
0.111607
0.168794
0.250979
0.008609
0.267912
0.333756
0.060268
0.136237
0.280513
-0.121538
0.263783
0.309404
-0.078623
0.029173
0.018015
0.287824
0.073826
0.131626
0.019689
0.065963
0.035614
0.204004
0.064427
0.274433
-0.024801
0.080698
0.077298
0.049287
0.239311
0.135702
0.219148
0.092675
0.190571
0.351853
0.366223
0.363609
-0.039768
0.216160
0.088439
0.150154
0.181032
0.172678
0.056971
0.315850
0.036010
0.033345
0.188754
0.119643
0.178646
0.325810
0.069465
0.112185
0.194320
0.242780
0.181864
-0.059046
0.232652
0.131269
0.332519
0.043413
0.013342
0.019260
0.268926
0.096631
0.226368
0.355161
0.476817
0.088482
0.383086
-0.110442
-0.043659
-0.217047
0.030075
0.099678
0.230726
0.377206
0.094334
0.092786
-0.122554
0.191209
0.275696
0.008983
0.147100
0.252040
0.450411
0.270612
0.163541
-0.100994
0.415552
0.086089
0.180104
0.113037
0.271925
0.205611
0.201138
0.229649
0.236405
0.136892
0.122730
-0.066664
0.297475
0.061999
0.057628
0.119613
0.437700
0.126978
0.118761
-0.049628
0.086642
0.219354
0.160918
-0.025856
0.004092
0.255944
0.038701
0.216758
0.201706
-0.032687
0.089011
0.252270
0.349831
0.152726
0.294879
0.117048
-0.098664
0.177209
-0.121251
0.044074
0.283515
0.019947
0.111160
0.149711
0.449138
0.239084
0.145940
0.155359
0.194336
0.108883
0.090491
0.091922
0.395695
0.457539
0.078487
0.029590
0.189124
0.038583
0.259817
0.285779
0.161945
0.264407
0.177658
0.004313
0.047368
-0.008573
0.095884
-0.133552
0.061427
-0.129559
-0.001860
0.543467
0.128346
0.046903
0.075960
0.228108
0.004774
0.001549
0.182768
0.124503
0.274482
0.106803
0.135048
0.171381
0.169791
0.256382
0.019078
0.139226
0.146286
0.074348
-0.007666
0.123938
0.136607
0.236957
0.233046
0.036088
0.249986
0.109160
0.288380
0.253810
0.120912
-0.020791
-0.111971
0.061604
-0.116789
0.229826
0.113827
0.087822
0.208038
0.119258
0.044063
0.185230
-0.045244
0.073053
0.181942
0.282005
0.023917
0.178957
0.271918
0.065989
-0.051542
0.239534
0.125714
0.177860
0.271339
0.155885
0.144679
-0.171541
0.343152
0.257048
0.140877
0.385803
0.186766
0.197248
0.120398
0.097906
0.312074
-0.068516
0.364970
0.265857
0.082248
0.163468
0.033565
0.313170
0.167253
0.045147
0.281514
0.015224
0.417609
0.346075
-0.150604
0.105672
0.236890
0.022360
0.245431
0.009509
0.164936
0.131474
0.072942
-0.023765
0.174962
0.212424
0.112752
-0.043453
0.153680
0.208868
0.137546
0.104269
0.171020
0.056409
0.407432
0.194842
0.267471
0.136707
0.139841
0.172499
0.050873
-0.157975
0.069640
0.230358
0.017781
0.146069
0.049205
0.342347
0.093157
-0.021403
0.054772
0.158951
0.118903
-0.043029
0.174475
0.146844
0.038589
0.231168
0.298533
0.236453
0.229317
0.102149
0.074433
0.069157
0.157216
0.250574
0.271692
0.114505
0.035068
0.321215
0.192557
0.155329
-0.082999
-0.088589
0.299176
0.115311
0.211748
0.293883
0.271895
0.155008
0.110328
0.249577
-0.017125
0.119434
0.366695
-0.017682
0.017574
0.080368
-0.016528
0.236942
0.066103
0.112574
-0.055706
0.237262
0.271200
0.008626
0.155356
0.138785
0.076212
0.625139
0.063019
0.166271
0.122186
0.262551
0.165224
0.249347
0.123801
-0.043031
0.120609
-0.098563
0.039882
0.397448
0.134043
0.155429
-0.008715
0.096515
0.350674
-0.036866
0.256565
0.140573
-0.019750
0.144102
0.191624
0.242801
0.287969
0.024987
0.076211
0.011914
-0.207695
-0.208401
0.219689
0.147970
0.047277
0.147225
0.076793
0.185746
-0.051829
-0.006996
0.182382
0.175619
0.078211
0.404004
-0.070817
0.385493
0.182280
0.136949
0.091105
0.246691
0.225716
0.252731
0.349054
0.147170
0.200428
0.291108
0.258966
0.378749
0.284803
0.143085
0.129318
0.199092
0.070160
0.021270
0.165255
0.131198
0.014735
0.099816
0.138971
0.275225
0.095852
0.080217
0.250534
0.156133
0.129276
0.116635
0.237739
-0.024530
-0.302795
0.239663
0.059784
0.279583
0.298463
0.354600
-0.238132
0.073780
0.150718
-0.008019
0.115922
0.173389
-0.017275
0.031973
-0.023283
0.027476
0.171610
0.015797
0.032357
0.291815
0.126529
0.212626
-0.060784
-0.029097
0.106777
0.239359
0.437298
-0.024912
0.130255
0.161612
0.068111
-0.167118
0.018551
0.092535
0.353334
0.139945
0.245210
0.190243
0.319148
0.169166
0.080117
0.234966
0.197555
0.311824
0.375465
0.145749
0.237380
0.183520
0.288847
0.161165
0.194137
0.050427
0.176324
0.072170
0.191052
0.098759
0.180402
0.032147
-0.097531
0.093635
0.143079
0.185975
0.238552
-0.006980
0.155452
0.098168
0.141742
0.220250
0.248813
0.108599
0.401276
0.244409
0.267771
0.003126
0.153885
0.450393
0.224449
0.410848
-0.046567
0.121395
0.290662
0.054468
0.180734
0.292697
0.246896
0.079369
-0.049288
0.165952
0.062626
0.426212
0.244825
0.095090
0.310193
0.192622
0.051887
-0.055361
0.217712
0.259127
0.142229
0.418600
0.307590
0.160429
0.044800
0.259110
0.167928
0.135013
0.120704
0.114478
0.232356
0.259657
0.023630
0.275984
0.084480
-0.030350
0.122593
0.153644
-0.046063
0.195774
0.225940
0.039608
0.156239
-0.084092
0.086157
0.067207
0.084720
0.057143
0.124783
0.227495
0.113741
0.077588
0.073342
0.151806
0.159797
0.109712
0.026315
0.378562
0.315679
0.267790
0.036537
0.251435
0.166645
-0.012007
0.083977
0.022119
0.261279
0.014712
-0.055212
0.152079
0.016778
0.049073
0.109253
0.377884
0.061647
0.037471
0.075370
0.396776
