1
1024
0.570309
0.758857
0.825028
1.041838
0.402571
0.593722
0.802223
1.054711
0.708463
0.877282
0.889719
0.402131
0.885275
1.025766
0.977663
0.841192
1.108873
0.884998
0.861747
0.779444
0.602691
0.446622
0.726426
0.974664
0.416632
0.611643
0.561154
0.835800
0.453772
0.709880
0.819895
0.952128
0.010635
0.738587
0.929935
0.885572
0.474326
0.748089
0.803015
0.527344
1.141928
0.242045
0.992508
0.881915
0.921036
0.785174
1.088765
0.793666
0.913756
0.928151
0.547151
0.988362
0.850662
1.008603
0.717495
0.938302
0.793142
0.827193
0.940508
0.747844
0.703754
0.563759
0.827287
0.783506
0.758083
0.954879
0.767183
0.467852
0.953505
0.818884
1.015157
0.849087
0.970519
0.685048
1.006736
1.024924
0.993552
0.989643
0.810318
0.550094
0.912794
1.137429
0.792962
0.886447
0.777978
0.245514
0.739269
0.799978
0.747799
0.856744
0.847232
0.945597
0.777265
1.041216
0.820419
0.738190
0.236179
0.891710
0.994725
0.606621
0.865795
0.654141
0.880773
0.782676
0.865299
0.934364
0.552433
0.496121
0.946950
0.679819
0.701562
0.835556
0.796526
1.011145
0.359504
0.924261
0.793871
0.598625
0.847783
0.895189
0.663795
0.712614
0.353964
0.867248
0.745919
1.114592
1.018925
0.839289
0.879033
1.102446
0.508248
0.983449
0.929977
0.959499
0.928249
0.828398
1.062045
0.417075
1.146690
0.891105
0.632875
0.660855
0.748904
0.810573
0.527387
0.770007
0.974236
0.883391
0.638953
0.802095
0.732495
1.081839
0.651754
0.894498
0.977587
0.847400
0.710356
0.741133
0.183354
0.972103
0.884340
1.096733
0.497696
0.964357
0.140330
0.601918
0.455414
0.853181
0.286460
0.787694
0.787542
0.349842
0.241117
0.463926
0.723207
0.454866
0.721218
0.517657
0.913679
0.804774
0.247606
0.257780
0.726297
0.850575
1.083967
0.772663
0.793723
0.774815
0.490580
0.920351
0.278307
0.132644
0.882604
0.575239
0.420152
0.811141
0.666062
0.974533
0.879452
0.363886
0.048919
0.613904
0.694276
0.750933
0.876272
0.569461
0.626702
0.878867
0.995045
0.848450
1.075766
0.606164
0.289256
0.814341
0.288178
0.834748
0.728458
0.595872
0.834412
0.439525
0.428203
0.552317
0.817021
0.986171
1.007467
0.445835
0.791033
0.401213
0.842142
1.028110
0.849437
1.067772
0.740189
0.850411
0.670043
0.436056
0.897950
0.774090
0.867789
0.484412
1.068941
1.073458
0.851779
0.501726
0.886291
0.988769
0.911498
0.972264
0.890535
0.775428
0.902255
0.841721
0.975605
0.768192
0.428434
-0.106287
0.797022
0.791168
0.622369
1.014102
0.612267
0.994257
0.813637
0.943893
0.808389
0.487817
0.600928
1.043474
0.770196
0.730597
0.758567
0.667150
0.833959
1.038368
0.915552
0.915798
0.679694
1.093129
0.598979
0.533308
0.948219
0.890845
0.919225
0.552055
0.610761
1.028138
0.943720
0.903397
0.824439
0.978162
0.871019
0.746075
0.717827
0.442920
0.927785
0.824996
0.848263
0.997372
1.018887
0.248310
0.704810
0.758738
0.844447
0.481120
0.378942
0.536707
0.735083
0.825591
1.064103
0.704433
0.258431
0.737930
0.645605
0.828157
0.871126
1.081717
0.749267
1.082652
0.654589
0.318651
0.778066
0.775224
0.317387
0.566448
0.820020
0.491482
0.860759
0.977248
1.114230
0.956757
0.504846
0.813741
0.874567
0.933572
1.005020
0.774332
0.183858
0.886926
0.945631
0.784774
0.723142
0.747298
0.708953
0.994126
0.980843
0.247811
0.997907
0.902684
0.789101
0.227763
0.925774
0.430202
0.893075
0.636325
0.862391
0.997650
0.751740
0.857104
0.541637
0.771278
0.792796
0.631816
0.868478
0.808148
0.720129
0.837049
0.942547
0.741784
0.901561
0.419878
0.753844
1.059900
0.956520
0.761768
0.790587
0.361853
0.771855
0.858855
1.020357
0.679242
1.153578
0.530049
0.678786
1.070746
0.319207
0.687251
0.904736
0.869093
1.027500
0.858299
0.846071
0.889259
0.974841
0.979083
0.762078
0.729646
0.690247
0.672939
1.126743
0.578139
0.897927
0.645593
0.455936
0.525917
0.876994
0.867133
0.819947
1.106773
1.073256
1.018237
0.107227
0.974401
0.641212
0.917564
1.006909
1.004427
1.202957
1.053868
0.678971
0.911837
0.594252
0.758182
0.432664
0.969333
0.950105
0.088211
0.240351
0.797063
-0.075664
0.720073
0.771450
0.567845
0.981058
0.713522
1.024822
0.951716
0.627785
1.018862
0.830039
1.072476
0.776968
1.051148
0.340390
0.967245
0.828137
0.928778
0.958070
1.084225
0.665728
0.999980
0.968139
0.709827
0.843841
0.370995
0.823726
0.952763
0.194903
0.926968
0.793064
1.000444
0.809470
0.149597
0.808170
0.815393
0.241089
0.699850
1.035776
0.932666
0.698115
0.724838
0.898305
0.865554
0.913658
0.759435
0.671927
0.744432
0.506894
1.071541
0.957589
0.997036
0.375009
0.981416
0.965780
0.363175
0.678665
0.713751
0.707531
0.993613
0.344922
0.895470
1.048094
0.826628
0.463322
0.569676
0.285878
0.843465
0.863035
0.447370
1.111000
0.870235
0.803701
0.720758
0.791889
0.703078
0.906983
0.828665
0.672856
1.041256
0.165760
1.006733
0.785651
0.778722
0.890389
0.268111
0.854332
0.376053
0.444480
0.796243
0.404739
0.900370
1.275536
0.747760
1.089205
0.851974
0.899173
0.911146
0.958539
0.364579
0.919695
1.168171
0.747583
0.573395
0.904051
0.849576
0.781470
0.990199
0.884513
0.544232
0.396859
0.964708
0.879882
0.860269
0.547849
0.650147
0.957497
0.828170
0.577056
0.691771
0.476275
0.690951
0.792518
0.966965
1.033320
0.698541
0.983668
0.903616
0.851124
0.326575
0.977412
0.696890
0.605085
0.542006
0.124046
0.788873
0.956725
1.018100
0.817510
0.358820
1.031580
0.960990
0.800287
1.016437
0.439580
0.607924
0.884924
1.128737
0.857026
0.874254
0.775903
1.026713
1.042873
0.339941
0.012447
0.924103
0.888043
0.210117
1.061390
0.928199
0.951743
0.919493
0.666032
0.636828
0.512966
1.049129
0.683789
0.721301
0.668623
0.746542
0.519319
0.475968
0.900577
0.765186
0.956133
0.917768
0.467561
0.718715
1.100739
0.676756
0.878846
1.031629
0.938021
0.602960
1.015695
0.463782
0.447263
0.983145
0.722703
0.852261
0.525308
0.905805
0.751091
0.865323
0.740896
0.916130
0.880534
1.020400
0.934966
1.100403
1.078459
0.590221
0.894526
1.262383
0.999189
0.753237
1.028811
0.470317
1.144434
0.856603
0.449713
0.373963
0.711025
0.559177
0.940884
1.087881
0.714372
0.799941
1.031610
1.006811
0.846684
0.952955
0.777762
1.065636
0.975287
0.829678
0.382406
0.827581
0.911643
0.983873
0.939095
0.729865
0.795067
0.446323
1.016863
1.068624
0.839155
0.790841
0.736174
0.909985
0.859786
0.826661
0.880030
0.692658
0.575487
0.872818
0.316641
0.905123
1.117929
1.047231
1.032072
0.634448
0.213012
0.869486
1.009968
0.965937
0.117915
0.815866
0.903395
0.984861
0.937927
0.377108
0.746841
0.967126
0.462260
0.760279
1.043692
0.930722
0.849640
0.607250
0.234437
0.862718
0.384725
0.325842
0.507119
0.828265
0.285035
0.937975
1.005732
0.795924
1.053982
0.391542
0.934301
0.683824
1.143391
0.731598
0.266558
0.819283
0.894709
0.491735
0.733252
0.893350
0.885912
0.998775
0.755749
0.745389
0.720683
0.145318
0.422680
0.601053
0.561885
0.951238
1.040027
0.970012
0.836802
0.911939
0.623368
0.135978
0.839681
1.038437
1.072633
0.976829
1.241718
0.762754
0.585914
0.996749
0.786397
0.278198
0.902368
0.510132
0.940403
0.741479
0.634410
0.803568
0.746281
0.314158
0.875350
0.192490
0.434313
0.928399
0.780205
1.104418
0.278740
0.947863
0.426835
0.842532
1.065822
0.343862
0.961053
0.706388
0.460758
1.072312
1.050712
0.960302
0.475896
0.436796
0.938143
0.289808
0.589921
0.489317
0.874414
0.845336
0.837612
0.738432
0.800050
0.978539
0.872546
1.007616
0.483027
0.845571
0.830057
0.616545
0.919369
0.952402
0.821872
0.929510
0.671216
0.831323
0.690361
0.933457
0.571045
0.686218
0.880225
0.948136
0.613727
0.873494
0.867650
0.468826
0.960405
0.765903
0.714684
0.998703
0.923536
1.013014
0.974974
0.614739
0.994288
0.563866
0.703704
1.021426
0.751970
0.612641
0.761237
0.949293
0.753328
0.887083
1.115681
0.652397
0.792758
0.946803
0.885872
0.960392
1.038941
0.300882
1.026443
0.874203
0.855594
0.389993
0.732258
0.765374
0.991037
1.017733
0.653830
0.689893
0.437916
0.923777
0.562648
0.855531
0.428208
0.726410
0.487115
1.005720
0.982381
0.771271
0.736832
0.848688
0.988425
0.772542
0.710963
0.905879
0.745595
0.595053
0.523287
0.975906
1.031480
0.910364
0.403830
0.874368
1.028535
0.458493
0.650184
0.813493
0.838170
0.760551
1.051702
0.914973
0.814627
0.843917
0.159763
0.289112
0.828068
0.704055
0.683862
0.973094
0.938111
0.937033
0.585284
0.709598
0.744275
0.257772
1.034203
0.698904
0.487665
1.013938
0.903608
0.803415
0.998921
0.842194
0.576362
1.197424
0.946440
0.792354
0.744315
0.869092
0.852828
0.867304
1.002108
0.246968
0.489903
1.036154
0.816858
0.972086
0.407761
1.008570
0.732990
0.911602
0.958768
0.334872
1.013847
0.970709
0.621528
0.743568
0.934017
0.988746
0.634920
0.502247
0.635557
0.902626
1.012109
0.793437
0.933281
0.867002
0.996944
0.519552
0.724695
0.801986
0.452791
0.705937
0.834950
0.869853
0.989696
0.869099
0.439158
0.687230
0.852007
0.938435
1.093762
0.889676
0.919583
0.595717
0.948626
1.140967
0.888678
0.849858
0.454234
0.856399
1.014393
0.792782
0.964145
0.863964
0.908593
0.922965
0.393550
0.256485
1.054166
0.861656
0.717950
0.873151
0.816675
0.808368
0.728081
0.903397
0.815762
0.847595
0.839532
0.148424
0.563418
0.831882
0.799900
0.695121
0.826173
0.426008
1.122781
0.518619
0.839858
0.920083
0.821045
0.936509
0.745764
0.907195
0.910218
0.964620
0.665560
0.736343
0.869261
0.718179
0.723848
0.925414
0.980245
0.027560
0.939675
0.849695
0.967375
0.843104
0.874000
1.056167
0.367809
0.685858
0.613191
0.956287
0.905964
0.952002
1.022739
0.965367
0.920481
0.900499
0.239859
0.460904
0.751203
0.310865
0.721910
1.123591
0.747850
0.699504
1.034994
0.721335
