1
1024
0.769908
0.847171
1.009586
0.942695
0.872955
0.871786
0.808773
0.878476
0.773560
0.944257
0.872556
0.874081
0.977953
0.831010
0.889968
0.850196
0.958730
0.926439
0.853579
0.802978
0.819999
0.898749
0.895822
0.710560
0.787512
0.809957
0.695723
0.830177
0.853806
0.867202
0.840434
0.956004
0.794198
0.876651
0.887610
0.845610
0.800056
0.986598
0.799732
0.822935
1.074831
0.888282
0.933000
0.938374
0.806293
0.929486
0.696376
1.073749
0.856604
1.083717
0.998730
0.932500
0.848170
0.914139
0.807312
0.902867
0.846336
0.809124
0.947793
1.033493
0.792187
0.874859
0.878171
0.773746
0.774611
1.026011
0.798074
0.943630
0.771474
0.907129
0.908430
0.801304
0.742190
0.838583
0.837454
0.915412
0.935966
0.749757
0.875505
0.938514
1.031450
0.985516
0.782183
0.886139
0.857017
0.719332
0.983283
0.872691
0.984263
0.859561
0.716923
0.815410
0.985625
0.805121
0.892350
0.668645
0.687923
0.811355
0.827228
0.716252
0.787919
0.940780
0.815180
0.939269
0.859077
1.142450
0.767965
0.794088
1.098084
0.929519
1.003333
0.969294
0.887760
0.751263
0.942999
0.734103
0.929744
0.981471
0.823990
0.754905
0.829356
0.885995
0.783295
0.832441
0.903524
0.764056
0.739689
0.743824
0.850859
0.845487
0.865491
0.839255
1.085025
0.866932
0.779814
0.835815
0.752870
0.857120
0.832063
0.836345
0.804790
0.718074
0.809640
0.841621
0.842444
0.863876
0.860147
0.802806
0.971528
0.933308
0.862736
0.874326
0.922698
0.859259
0.778492
0.808068
0.696142
0.696794
0.829708
0.739396
0.919843
0.939068
1.018902
0.878877
0.971937
0.978357
0.824856
0.829761
0.907686
0.804733
0.974935
0.792865
0.829314
0.844530
0.900684
0.920167
0.865424
0.741456
0.876269
0.887882
0.781340
0.878691
0.982105
0.862124
0.775205
0.736122
0.853463
0.885851
0.689723
0.923531
0.827522
0.951601
0.744979
0.841904
0.982177
0.818545
0.708880
0.808193
0.956390
0.808102
0.928364
0.918890
0.830464
0.975643
0.798882
0.848876
0.965598
0.828830
0.854126
0.907022
1.012483
0.772767
0.801375
0.897959
0.836582
0.860694
0.929556
0.699115
0.954587
0.799486
0.777335
0.759838
0.778955
0.917897
0.883206
0.761384
0.861585
1.122740
0.722661
0.851245
0.883952
0.786818
0.934271
0.917974
0.920462
0.824013
0.813903
0.887596
0.842497
0.866001
1.179006
0.945927
0.942860
0.789006
0.734966
0.749953
0.837603
0.678579
0.884098
0.808346
0.775376
0.987948
1.052459
0.754063
0.727417
0.927638
1.026238
0.869119
0.900712
0.853078
0.786415
0.867767
0.875573
0.917085
0.886202
0.725935
0.949521
0.851113
0.776272
0.810931
0.962226
1.006238
0.820391
0.933966
0.893042
0.789061
0.812953
0.826663
0.926971
0.899189
0.853485
0.994417
0.823244
0.863492
0.656675
0.925357
0.882101
0.769077
0.760788
0.730797
0.859845
0.881342
0.745912
0.723711
0.840588
0.934031
0.687699
0.827319
0.836431
0.797102
1.102609
0.955202
0.763268
0.871293
0.940293
0.727253
0.900980
0.887540
0.817070
0.950518
1.096729
0.794777
0.732121
0.841998
0.788765
0.789451
1.034247
0.997075
0.738086
0.924253
0.865091
0.771154
0.856826
0.867450
0.933075
0.849404
1.121257
0.774284
0.983450
0.762262
0.900023
0.704855
1.068579
0.987582
1.004378
1.078072
0.978130
0.910825
0.731261
0.770787
0.883789
0.844554
0.945040
0.854972
0.935356
0.871152
0.959858
0.770756
0.920131
0.949953
0.678179
0.808037
0.813421
0.877623
0.862006
0.784568
1.090863
0.887861
0.852798
0.823247
0.906876
0.819490
0.807864
0.953172
0.827200
0.856016
0.804467
0.836407
0.821886
0.969377
0.873813
0.887747
0.874628
0.730335
0.798314
0.801838
1.072760
0.865276
0.739751
0.708972
0.872524
0.759633
0.865984
0.968010
0.963609
0.764125
0.894279
0.912338
0.808008
0.933609
0.934625
0.929473
0.887186
0.811362
0.839414
1.138041
0.850823
0.966727
0.769057
0.910676
1.023335
0.811558
0.837314
0.869336
0.915113
0.831042
0.943355
0.865891
0.804535
0.844396
0.774874
0.810569
0.949060
0.928378
0.790240
1.042206
1.124802
0.676064
0.878984
0.763985
0.767636
0.863120
0.809731
0.805430
0.792413
0.631814
0.951694
0.994833
0.905143
0.819697
1.103758
0.909303
0.870011
0.836390
0.777075
0.861323
0.955535
0.676631
0.799255
0.850581
0.953646
0.898910
0.895910
0.940174
0.743697
0.583511
0.788662
0.941836
0.910248
0.944352
0.867100
0.899074
0.977547
0.839764
0.919704
0.874140
0.939526
0.825581
0.853185
0.802832
0.777836
0.770631
0.899546
0.761532
0.772829
0.898383
0.901759
0.901695
0.690696
0.866452
0.952675
1.013258
0.849534
0.810192
0.762733
0.888877
0.840462
0.902887
0.805946
0.627395
0.792392
0.941735
0.952573
0.959325
0.872339
0.959167
0.826525
0.912082
0.746795
0.822736
0.745786
0.893123
0.910258
0.787158
0.885415
0.842056
0.763921
0.831401
0.961249
0.866880
0.907412
0.783882
0.840315
1.013180
0.846422
0.903409
0.703059
0.914271
0.782309
0.718251
0.890549
1.094709
0.944676
0.757004
0.887053
0.782750
0.724565
0.802001
0.925807
0.812928
0.883443
0.836533
0.841866
1.029755
0.897383
0.734815
0.765299
0.961133
0.759709
0.917670
0.791010
0.744604
0.763108
0.866249
0.940377
0.891744
0.818205
0.946389
0.672026
0.877892
0.571755
0.817026
0.879943
0.882262
0.887140
0.776533
0.789842
0.864832
0.815003
0.860569
0.896214
0.863485
0.904315
0.597733
0.798715
0.874691
0.770430
0.943069
0.858736
0.792821
0.836894
0.921674
0.886752
0.918890
0.831572
0.879932
1.040517
0.953073
0.951376
0.927534
0.885111
0.788795
0.661825
1.078884
0.933138
0.741875
0.864304
0.750061
1.105100
0.953921
0.869961
0.792900
0.811942
0.951659
1.117700
0.771048
0.809925
0.897249
0.881727
0.765116
0.966207
0.850088
0.760096
0.907004
0.914380
0.738971
0.938533
0.840725
0.787642
0.770422
0.926430
0.988542
0.796510
0.831240
0.898616
0.873720
0.822772
0.817179
0.871582
0.904387
0.833636
0.976558
0.790675
0.874014
0.892827
0.887465
0.827470
0.787327
0.774820
0.960175
0.891076
0.847658
0.994090
0.958104
0.921286
0.746071
0.946089
0.862375
0.927976
0.902149
0.769596
0.808760
0.876739
0.648033
0.878438
1.045709
0.929647
0.790272
0.950978
0.846303
0.941017
0.839116
0.824301
0.797404
0.824987
0.729923
0.772942
0.764708
1.067362
0.838185
0.821551
0.686650
0.901870
0.746829
0.954003
0.954075
0.886494
1.096213
0.795270
0.819835
0.791735
0.731165
0.809581
0.802647
1.040652
0.930061
0.959000
1.034067
0.865372
0.825741
0.963023
0.792632
0.748978
0.809211
0.795877
0.869313
1.174819
0.590876
0.888104
0.741201
0.880304
0.722856
0.623525
0.858880
0.760963
0.898471
0.689612
0.763603
1.010539
0.833072
0.912556
0.787543
0.920984
1.070735
0.801644
0.875014
0.820426
0.601995
0.875058
1.025640
0.746628
0.941030
0.887223
0.783015
0.796219
0.889863
1.012129
0.663095
0.866600
0.949497
0.934415
0.909092
0.816749
0.793230
0.880182
0.896656
0.966641
0.778937
0.651226
0.848692
0.817600
0.899666
0.928918
0.675381
0.869946
0.806763
0.892996
1.005760
0.774121
0.765873
0.901280
0.613885
0.958391
0.750077
0.855282
0.881530
0.950042
0.876849
0.884161
0.927636
0.801799
0.893243
0.916325
0.688430
0.733786
0.996257
1.003634
0.883814
1.023353
0.866264
0.837569
0.846423
0.807483
0.761783
0.860590
0.887692
0.835344
1.049683
0.861882
0.956652
0.770844
0.775490
0.916591
0.717045
0.898834
0.766397
0.904882
0.902488
0.821295
0.961095
0.670287
0.805444
0.928484
1.019526
0.915452
0.808524
0.763904
1.164094
0.835892
0.977512
0.891731
0.785362
0.887607
0.814240
0.834452
1.043545
1.039859
0.913189
0.719361
0.881170
0.961016
0.834408
0.868402
0.928906
0.941921
0.620707
0.768652
0.873500
0.763672
0.780235
0.949943
0.944323
0.948880
0.782793
0.978780
1.012820
0.793835
0.830741
0.856599
0.825766
0.787396
0.900434
0.857520
0.949550
0.838026
0.773907
0.914390
0.855555
0.820205
0.965065
1.082277
0.914181
0.972049
0.909907
1.155503
0.795647
0.803433
0.900561
1.122910
0.804794
0.777431
0.832544
0.858823
0.965634
0.810816
0.854870
1.014593
0.869822
0.893385
0.885054
0.832543
0.983081
0.894114
0.808946
1.047346
0.914011
0.713605
0.865199
0.644995
0.872851
0.847800
0.847499
0.901223
0.840123
1.069031
0.870526
0.850147
0.822999
0.852621
0.934720
0.877468
0.995639
0.829244
0.825691
1.020897
0.790623
0.752124
0.796602
0.744189
1.072497
0.897378
0.818264
0.848407
0.890878
0.823289
0.850176
0.844257
0.971006
0.769181
0.945024
1.160926
0.832486
0.855638
0.820692
0.813071
0.925033
0.821689
0.807884
0.849677
0.670946
0.860661
0.699229
0.889853
0.754371
0.857048
0.917167
0.765989
0.857884
0.897365
0.695109
0.846543
1.069936
1.027707
0.714852
0.992393
0.915788
0.897824
0.812102
0.911284
0.988351
0.792956
0.890805
0.798069
1.124418
0.821277
0.805834
0.831976
0.958050
0.780391
0.773976
0.870549
0.729953
0.917371
0.750873
0.944268
0.869734
0.929829
0.844066
0.716792
0.866643
0.784034
0.868192
0.814367
0.843228
1.029641
0.846158
0.941191
0.808375
0.812878
0.784709
0.753519
0.900987
0.816149
0.923119
0.821080
0.761371
0.822404
0.956243
0.812946
0.893346
0.914283
0.895542
1.036181
1.024572
0.962374
0.973973
0.881509
0.725926
0.908568
0.821982
0.893063
0.796617
0.825380
0.840023
0.949895
0.825848
0.859074
0.880371
0.799132
0.920721
0.847066
0.760664
0.782119
0.894137
0.746489
1.032288
0.761482
0.801432
0.836331
0.755167
0.980120
0.837938
1.052845
0.895516
0.871897
0.883967
0.903487
0.829639
0.913296
0.825031
0.786233
0.827704
1.067500
0.877999
0.907000
0.828036
0.944678
1.040445
0.789195
0.905101
0.861185
0.915727
0.762298
0.868165
0.708416
0.802666
0.887382
0.796887
0.836628
0.902596
0.899973
0.737088
0.840981
0.885834
0.769513
0.854650
0.849256
0.803995
0.953526
0.941667
0.739359
0.807867
0.984540
0.934515
