1
1024
-0.368744
-0.156986
-0.077149
-0.100935
-0.250038
-0.233950
-0.219123
-0.231298
-0.164242
-0.013612
-0.033872
-0.442043
-0.231736
-0.237384
-0.142316
-0.490583
-0.146312
-0.276217
-0.200564
-0.244926
-0.329044
-0.098278
-0.089047
-0.166890
-0.126820
-0.024885
-0.131347
-0.065963
-0.188366
-0.269432
-0.305860
-0.057197
-0.380667
-0.298608
-0.322970
-0.191948
-0.284915
-0.209472
-0.246223
-0.252224
-0.136741
-0.281890
-0.277576
-0.320224
-0.119520
-0.096091
-0.149967
-0.073524
-0.227015
-0.265875
-0.259480
-0.128435
-0.179294
-0.342753
-0.013758
-0.252524
-0.115309
-0.252887
-0.240017
-0.032835
-0.213024
-0.266036
-0.159578
-0.059756
-0.088559
-0.184583
-0.093880
-0.198095
-0.116515
-0.237490
-0.322818
-0.218509
-0.131203
-0.003010
-0.294796
-0.122628
-0.227587
-0.279380
-0.422170
-0.250926
-0.284499
-0.149166
-0.246443
-0.307771
-0.076840
-0.079182
-0.107161
-0.141636
-0.101621
-0.162559
-0.051278
-0.103792
-0.099936
-0.217374
-0.110789
-0.322714
-0.412893
-0.150121
-0.103265
-0.278322
-0.110854
-0.246353
-0.148792
-0.123803
-0.161760
-0.048935
-0.329564
-0.066114
-0.194428
-0.255894
-0.072559
-0.226960
-0.168732
-0.172415
-0.228597
-0.329523
-0.230120
-0.105110
-0.187671
-0.056424
-0.263956
-0.376785
-0.157133
-0.126347
-0.263617
-0.166147
-0.263493
-0.065931
-0.051714
-0.203385
-0.132384
-0.070579
-0.503510
-0.031178
-0.243889
-0.328518
-0.213511
-0.227653
-0.299155
-0.224721
-0.345412
-0.290500
-0.067909
-0.124296
-0.090237
-0.201346
-0.243709
-0.320700
-0.102631
-0.229158
-0.151071
-0.288642
-0.257671
-0.245583
-0.162572
-0.239573
-0.243391
-0.095173
-0.378292
-0.319236
-0.280835
-0.196733
-0.244379
-0.227255
-0.130743
-0.250350
-0.011799
-0.267177
-0.157241
-0.234270
-0.211204
-0.258296
-0.250166
-0.335260
-0.185123
-0.157966
-0.297502
-0.183997
-0.148871
-0.187715
-0.323019
-0.283891
-0.218588
-0.155075
-0.066625
-0.153281
-0.060969
-0.072371
-0.183526
-0.075012
-0.078174
-0.095220
-0.313081
-0.204540
-0.244001
-0.176885
-0.318119
-0.126420
-0.158681
-0.344170
-0.095994
-0.015769
-0.266781
-0.021075
-0.227102
-0.183254
-0.185895
-0.129393
-0.173936
-0.070735
0.031447
-0.224255
-0.166647
-0.147760
-0.414574
-0.115546
-0.112809
-0.111101
-0.282419
-0.308538
-0.196985
-0.304016
-0.146470
-0.124098
-0.327536
-0.163119
-0.192531
-0.376964
-0.308578
-0.098430
-0.446977
0.123473
-0.161247
-0.140392
-0.321720
-0.229818
-0.038232
-0.087664
-0.288372
-0.291946
-0.119427
-0.183257
-0.165919
-0.134381
-0.229980
-0.223549
-0.237376
-0.457060
-0.317658
-0.413344
-0.097261
-0.119433
-0.005972
-0.163686
-0.219915
-0.202678
-0.235167
-0.346566
-0.172570
-0.284589
-0.183001
-0.062718
-0.108184
-0.214536
-0.114725
-0.230645
-0.139235
-0.054221
-0.267561
-0.260830
-0.237516
-0.190801
-0.224148
-0.264155
-0.124960
-0.161036
-0.204417
-0.168105
-0.391554
-0.075326
-0.156959
-0.074001
-0.211467
-0.261037
-0.420972
-0.061721
-0.095461
-0.078296
-0.250423
-0.309906
-0.212933
-0.343476
-0.310224
-0.278784
-0.136485
-0.145503
-0.316136
-0.264367
-0.101529
-0.209899
-0.268267
-0.209517
-0.209178
-0.285887
-0.252302
-0.227838
0.028868
-0.359528
-0.210898
-0.146020
-0.233710
-0.239551
-0.330690
-0.022943
-0.217152
-0.211689
-0.033573
-0.214565
-0.188046
-0.172335
-0.689486
-0.325386
-0.266868
-0.048428
-0.223552
-0.329505
-0.177510
-0.137114
-0.224867
-0.146536
-0.021220
-0.315008
-0.279067
-0.169075
-0.164277
-0.090990
-0.200737
-0.307478
-0.151670
-0.265081
-0.261746
-0.279726
-0.208859
-0.231578
-0.031345
-0.202786
-0.121448
-0.163070
-0.099227
-0.122926
-0.271817
-0.141021
0.114818
-0.370105
-0.086898
-0.216494
-0.139842
-0.222576
-0.049383
-0.149248
-0.217596
-0.226678
-0.025666
-0.048720
-0.227164
-0.235950
-0.031574
-0.028166
-0.226849
-0.120908
-0.065319
-0.185769
-0.171003
-0.141423
-0.208788
-0.311540
-0.198896
-0.171548
-0.377577
-0.034798
-0.422422
-0.254267
-0.139148
-0.263297
-0.391744
-0.043204
-0.247466
-0.254904
-0.209664
-0.148602
-0.126149
-0.073985
-0.115175
-0.269713
-0.329639
-0.132317
-0.196316
-0.189753
-0.005851
-0.241550
-0.325459
-0.455625
-0.239425
-0.173382
-0.258728
-0.215296
-0.248022
-0.320361
-0.242220
-0.356565
-0.389515
-0.256918
-0.055152
-0.243251
-0.250177
-0.192175
-0.219323
-0.266549
-0.134032
-0.263186
-0.154111
-0.137997
-0.154221
-0.230701
-0.345266
-0.100645
-0.375232
-0.182279
-0.078294
-0.298960
0.011737
-0.151490
0.016176
-0.318997
-0.251879
-0.333961
-0.223216
-0.218829
-0.399655
-0.314993
-0.222539
-0.238634
-0.202678
-0.291577
-0.297261
-0.365739
-0.306542
-0.257659
-0.138714
-0.190689
-0.261886
-0.068879
-0.177308
-0.167812
-0.190925
-0.273133
-0.166673
-0.083423
-0.061841
-0.215734
-0.280193
-0.190823
-0.316693
-0.181751
-0.149456
-0.377937
-0.347334
-0.220690
-0.208310
-0.036020
-0.360804
-0.063792
-0.293546
-0.077234
-0.237297
-0.036370
-0.364211
-0.060296
-0.175202
-0.223635
-0.126021
-0.188642
-0.224365
-0.215283
-0.182462
-0.188293
-0.172065
-0.138440
-0.053725
-0.142006
-0.035531
-0.273201
0.016547
-0.093762
-0.013659
-0.187811
-0.086954
-0.004506
-0.151266
-0.182150
-0.172950
-0.272292
-0.302435
-0.352663
-0.161247
-0.094156
-0.184528
-0.271643
-0.226871
-0.161400
-0.010375
-0.276553
-0.081877
-0.222620
-0.057239
-0.117624
0.021666
-0.326176
-0.047130
-0.057660
-0.154606
-0.238396
-0.287468
-0.092896
-0.106334
-0.140274
-0.332515
-0.146498
-0.253334
-0.246246
-0.118948
-0.182757
-0.206660
-0.274283
-0.508329
-0.215954
-0.202189
-0.103750
-0.158556
-0.098803
-0.122354
-0.244639
-0.378690
-0.258235
0.031117
-0.228365
-0.193939
-0.119940
-0.263075
-0.297823
0.057804
-0.332822
-0.350477
-0.086277
-0.176307
-0.010789
-0.422147
-0.148299
-0.151126
-0.108501
-0.246115
-0.094954
-0.229129
-0.252658
-0.216254
0.000571
-0.186262
-0.104052
-0.251615
-0.029265
-0.146776
-0.230325
-0.236046
-0.211988
-0.218175
0.055975
-0.263229
-0.287749
-0.197450
-0.032084
0.001106
-0.209408
-0.241780
-0.205083
-0.143795
-0.171435
-0.190657
-0.249060
-0.119120
-0.320377
-0.340569
-0.187458
-0.035353
-0.179745
0.105269
-0.203763
-0.344173
-0.211221
-0.230334
-0.326343
-0.305155
-0.186499
-0.304048
-0.276274
-0.276964
-0.147555
-0.080477
-0.158622
-0.336684
-0.252471
-0.192642
-0.085514
-0.149246
-0.162773
-0.309818
-0.240730
-0.201944
-0.301257
-0.061679
-0.270186
0.016431
-0.081408
-0.299963
-0.078629
-0.070957
-0.248834
-0.132456
-0.403249
-0.148116
-0.387502
0.036942
-0.082188
-0.215421
-0.316445
-0.171635
-0.193390
-0.178565
-0.130074
-0.248673
-0.270259
-0.195973
-0.078886
-0.197841
-0.314191
-0.184393
-0.160387
-0.171297
-0.101901
-0.342445
-0.135177
-0.306902
-0.235643
-0.368386
-0.263023
-0.233095
-0.255871
-0.068564
-0.099568
-0.209650
-0.256153
0.083247
0.014552
-0.241362
-0.218144
-0.199553
-0.088791
-0.154015
-0.210369
-0.241108
-0.160278
-0.230521
-0.233090
-0.088845
-0.182678
-0.350458
-0.172692
-0.059086
-0.290949
-0.296755
-0.182003
-0.274988
-0.395580
-0.203605
-0.048219
-0.240119
-0.235969
-0.160040
-0.305411
-0.208277
-0.085024
-0.072107
-0.169046
-0.347653
-0.183812
-0.388418
-0.319964
-0.163933
-0.054102
-0.143313
-0.289196
-0.161577
-0.232100
-0.231055
0.002523
-0.348899
-0.231687
-0.162499
0.010175
-0.320342
-0.181471
-0.203597
-0.136181
-0.307476
-0.258304
-0.112705
-0.144357
-0.262849
-0.204957
-0.231473
-0.293008
-0.126276
-0.201456
-0.115254
-0.170159
-0.148964
-0.200799
-0.327650
-0.277738
-0.322795
-0.149827
0.002826
-0.233088
-0.075433
-0.132320
-0.046473
-0.315729
-0.080786
-0.190019
-0.219519
-0.159514
-0.129846
-0.108939
-0.136434
-0.240070
-0.118301
-0.187082
-0.147474
-0.341720
-0.135632
-0.362188
-0.308722
-0.228655
-0.356205
-0.152120
-0.020717
-0.243162
-0.161597
-0.310901
-0.012654
-0.117453
-0.162147
-0.283619
-0.259800
-0.182685
-0.053821
-0.169631
-0.116721
-0.203010
-0.056221
-0.162998
-0.403033
-0.062306
-0.139915
-0.398800
-0.000967
-0.340148
-0.297262
-0.328102
-0.221282
-0.216257
-0.107011
-0.131987
-0.062932
-0.187840
-0.069307
-0.206961
-0.332292
-0.115284
-0.207089
-0.146932
-0.122942
-0.436450
-0.134763
-0.296506
-0.278028
-0.087390
-0.327381
-0.148876
-0.118861
-0.115311
-0.148681
-0.012530
-0.207456
-0.412752
-0.080584
-0.165532
-0.133176
-0.235875
-0.312549
-0.371795
-0.391416
-0.205418
-0.072175
-0.211531
-0.198096
-0.157890
-0.372295
-0.301957
-0.245465
-0.105459
-0.120475
-0.069570
-0.149802
-0.264929
-0.134406
-0.288476
-0.253414
-0.335078
-0.129074
-0.135418
-0.342538
-0.107514
-0.025357
-0.325466
-0.148625
-0.377428
-0.083047
-0.150752
-0.122456
-0.244690
-0.244602
-0.290089
-0.349750
-0.071471
-0.347357
-0.216947
-0.120451
-0.344526
-0.241965
-0.167579
-0.134687
-0.398953
-0.146413
-0.196315
-0.417600
-0.166055
-0.258533
-0.306194
-0.182771
-0.247006
-0.041494
-0.142158
-0.206953
-0.212245
-0.272531
-0.154499
-0.119396
-0.058777
-0.094363
-0.202149
-0.137683
-0.104102
-0.078781
-0.373413
-0.101874
-0.190561
-0.214770
-0.059859
-0.318358
-0.391858
-0.034566
-0.166357
-0.130903
-0.185850
-0.273623
-0.245192
-0.255527
-0.363302
-0.212466
-0.224175
-0.176204
-0.291097
-0.097969
-0.003907
-0.240587
-0.034398
-0.370646
-0.259941
-0.228894
-0.241543
0.010203
-0.121018
-0.229989
-0.308067
-0.321951
-0.099806
-0.159108
-0.155798
-0.147233
-0.172966
-0.199357
-0.424380
-0.249984
-0.058026
-0.277450
-0.178371
-0.354578
-0.208635
-0.321057
-0.150831
-0.219305
-0.078079
-0.219032
-0.220398
-0.083207
-0.256896
-0.076155
-0.156486
-0.213337
-0.215424
-0.157753
-0.130867
-0.169308
-0.075313
-0.196541
-0.180764
-0.269157
-0.208992
-0.279705
-0.221089
-0.247829
-0.371618
-0.201578
-0.317785
-0.142317
-0.441566
-0.106519
-0.189705
-0.241077
-0.078651
-0.308304
-0.508462
-0.214294
-0.310252
-0.258909
-0.200409
-0.093207
-0.283187
-0.220606
-0.233217
-0.327018
-0.201042
-0.122378
-0.091317
-0.097229
-0.390697
-0.269451
-0.318789
-0.259469
-0.112127
-0.219163
-0.202647
-0.283471
-0.104384
-0.065542
-0.253388
-0.242607
-0.187369
-0.048483
-0.171081
-0.144235
-0.081218
-0.179849
-0.279689
-0.138023
-0.335709
-0.080147
-0.181892
-0.186918
-0.002811
-0.264787
-0.192011
-0.024437
-0.121417
-0.153406
-0.235451
-0.076959
-0.319264
-0.240043
-0.283490
-0.218170
0.019170
-0.237745
-0.377583
-0.132114
-0.412026
-0.047491
-0.205494
-0.212265
-0.197236
-0.151321
-0.103831
-0.260799
-0.223124
-0.243704
-0.313905
-0.027459
-0.252108
-0.298924
-0.394242
-0.121651
-0.081480
-0.157356
-0.367123
