1
1024
0.207393
0.127487
0.102925
0.194731
0.265281
0.204681
0.011783
0.283903
0.034047
-0.036819
0.158331
0.290019
0.132246
0.198582
0.225691
0.193968
0.038681
0.086450
0.169564
0.353139
0.233084
0.308526
0.184386
0.174401
0.212526
0.102937
0.029753
-0.089131
0.308487
0.208414
0.112966
0.080808
0.656605
0.061908
0.222960
0.148470
0.419178
0.370427
0.065927
0.319536
0.097723
0.608831
0.246652
0.204039
-0.035689
0.122009
0.124756
0.206351
0.051459
0.159699
0.321802
0.241798
0.261836
0.060192
0.060324
0.215227
0.254959
0.213045
0.194490
0.158117
0.146084
0.196726
0.252907
0.186891
0.219856
0.060395
0.166243
0.706321
0.321038
0.042638
0.175576
0.074547
-0.024434
0.235361
0.129202
0.193763
0.059657
0.074141
0.047482
0.476105
0.187010
0.068665
0.164692
0.087870
0.184092
0.533018
0.268849
0.002635
0.084884
0.647674
0.229571
0.064595
0.096900
0.222774
0.120891
0.128070
0.203577
0.049299
-0.009194
0.094645
0.001391
0.165208
0.061786
0.130992
0.210547
0.107871
0.164285
0.201214
0.282814
0.229756
0.200067
0.195154
0.225002
0.135299
0.419942
0.170307
0.178812
0.180683
0.138791
0.200507
0.142432
0.235953
0.292680
0.358077
0.070029
0.261377
0.041159
0.027006
0.110432
-0.055640
0.264535
0.137847
0.225497
0.059236
0.278015
0.110930
0.176834
0.265432
0.078541
0.137293
0.207124
0.136798
0.179281
0.086791
0.202584
0.348947
-0.000244
0.214803
0.036201
-0.073045
0.146703
0.171417
0.136468
0.247558
0.030958
0.214903
0.249840
0.408015
0.425045
0.166143
0.289820
0.138798
0.935276
0.025960
0.267852
0.136016
0.535560
0.145615
0.319268
-0.070973
0.256110
0.443270
0.513082
0.238028
0.246102
0.349023
0.178395
0.267075
0.090402
0.094447
0.246558
0.346838
0.234528
0.175699
0.047149
0.014093
0.155135
0.157549
0.216609
0.065709
0.351246
0.410051
0.189343
0.351310
0.245577
0.222546
0.360810
0.233454
0.229627
0.359637
0.690996
0.174176
0.182813
0.296301
0.134294
0.415296
0.037092
0.203193
0.111628
0.134152
0.238483
0.137348
0.294532
0.232868
0.247116
0.606790
0.043511
0.123818
0.090393
0.298103
0.457763
0.149288
0.144518
0.132044
0.229610
0.151462
0.118701
0.325918
0.208252
0.103056
0.166870
-0.103391
0.375621
0.125740
0.190020
0.400599
-0.016317
0.256436
0.298464
0.459227
0.197556
0.067504
-0.032584
0.127611
0.102594
0.117992
0.107782
0.236006
0.131123
0.358924
0.180383
0.298234
0.268166
0.115297
0.139705
0.598500
0.059083
0.173076
0.522043
0.320524
0.159183
0.164295
0.114806
0.051303
0.115391
0.220279
0.343686
0.019692
0.130640
0.290277
0.139140
0.168333
-0.009919
0.184016
0.156235
0.136845
0.208281
-0.097936
0.370098
0.478104
0.116360
0.111785
0.167933
0.257870
0.367845
0.057272
-0.102264
0.079414
0.099502
0.157287
0.121794
0.326452
0.067962
0.707695
0.058448
0.120826
0.264437
0.166828
0.154299
0.455759
0.262432
0.329697
0.169232
0.482664
0.492305
0.109504
0.089789
0.049437
-0.034570
0.307716
0.261340
0.187253
0.240950
0.117459
0.290595
0.056666
0.017016
-0.041206
0.192508
0.408922
0.183708
0.183926
0.563884
0.210147
0.084671
0.237278
0.146754
0.210768
0.104872
0.220095
0.256797
-0.017209
0.305167
0.154585
0.054660
-0.083959
0.800003
0.120252
0.110718
0.377871
0.169686
-0.091335
0.297028
0.037550
0.130163
0.698241
0.207307
0.276799
0.292741
0.438174
0.109803
0.396116
0.120525
0.182707
0.103010
0.255264
0.301527
0.091549
0.196347
0.419098
0.028567
0.276060
0.081577
0.284853
0.275430
0.159082
0.226474
0.161213
-0.024773
0.335769
0.060637
0.272384
0.036959
0.211118
0.155338
0.623813
0.188534
0.140791
0.147851
0.078087
0.010086
0.490835
0.066632
0.143411
0.517152
0.074174
0.252958
0.245765
0.090631
-0.076697
0.068139
0.033103
0.182982
0.224204
0.079142
0.134287
0.202477
0.205843
0.084081
0.427819
0.039272
0.244325
0.209728
0.083347
0.051258
0.121239
0.054778
0.054080
0.160741
0.071735
0.508005
-0.035257
0.127666
0.287578
0.008604
0.185158
-0.223940
0.028235
0.156253
0.258638
0.203441
0.041930
0.358869
0.219472
0.032024
0.264269
0.268903
0.054062
0.687338
0.207005
0.104891
0.134256
0.056532
0.123069
0.219495
0.210524
0.152021
0.322230
0.116963
0.245514
0.227563
0.196279
0.246434
0.378848
-0.029566
0.238455
0.083449
0.033912
0.172913
0.288505
0.326213
0.205826
0.120885
0.632747
0.114929
0.214177
0.439459
0.131781
0.395562
0.154366
0.202202
0.441658
0.038042
0.238823
0.507046
0.064603
-0.010482
-0.024200
0.040968
0.159574
0.011263
0.255883
-0.085982
0.197356
0.183571
0.007059
0.377643
0.048745
0.198384
0.092827
0.569583
0.204949
-0.009355
0.694200
0.190700
0.147938
-0.033091
-0.104376
0.696402
0.215963
0.329196
0.042785
0.531770
0.055377
0.506330
0.013931
0.156950
0.258962
0.012692
0.118209
0.198942
0.065098
0.177489
0.287774
0.151648
0.108094
0.279961
0.189109
0.727941
0.241778
-0.024253
0.208268
-0.020503
0.598871
0.130615
0.200639
-0.028868
0.053945
0.384798
0.212098
-0.341618
0.303305
0.038564
0.129288
0.129925
0.065344
-0.028119
0.581609
0.278766
-0.219563
0.127592
0.205757
0.094989
0.012229
-0.014937
0.225754
-0.195071
0.219162
0.235149
0.132711
0.221798
0.087375
0.122707
0.298999
-0.098730
0.070242
0.105256
0.356761
0.251149
0.243229
0.106572
0.083710
0.269657
0.308775
0.104486
0.173672
0.033413
0.612610
0.042079
-0.014916
0.208555
0.252568
0.457815
0.158649
0.332216
0.295349
-0.021061
0.457478
0.177997
0.256902
0.097047
0.228007
0.946792
0.439394
0.216749
-0.049821
0.109069
-0.015256
0.267032
0.299733
0.078498
0.605716
0.578289
0.179043
0.145013
0.587408
0.125969
0.208978
0.193331
0.182484
0.252038
0.087236
0.240602
0.143695
0.142250
0.038665
0.092673
0.251389
0.177164
0.662222
0.252873
0.047788
0.021721
0.222029
0.234245
0.058950
0.089379
0.054059
0.201737
0.084947
0.334061
0.355164
0.187009
0.186168
0.688407
-0.027519
0.208480
0.187134
0.157891
0.169474
0.083257
0.289784
0.257747
0.178001
0.165581
0.166463
0.135760
0.205339
0.199445
0.281830
0.262184
-0.432272
0.180768
0.265682
0.173903
0.193815
-0.047788
0.029572
0.443704
0.362233
0.234281
0.319389
0.226934
0.230338
0.245513
0.009163
0.193631
0.129089
-0.003164
0.140912
0.232999
0.062864
0.172872
0.153930
0.317236
0.132234
0.043612
0.156602
0.297544
0.297975
-0.038114
0.636034
0.321313
0.074111
0.113477
0.000035
0.061415
0.287446
0.008199
0.017780
-0.035510
-0.049219
0.099888
-0.008975
0.488066
0.121060
0.067976
0.165210
0.042921
0.202237
0.521124
0.323297
0.192237
0.077397
0.373493
0.317076
0.109301
0.280037
0.109612
0.639741
0.343648
0.243619
0.218896
0.057266
0.060782
0.110806
0.101289
0.094096
0.513987
0.261995
0.259219
0.634839
0.599801
0.125285
0.640322
0.064876
0.158145
0.140842
-0.003843
0.228893
0.138747
0.009833
-0.041960
0.118560
0.490470
0.066478
0.031415
0.306906
0.108930
0.336954
0.135694
0.087430
0.445137
0.125093
0.199830
0.843567
0.236189
0.518624
0.232988
0.248448
0.107639
0.028671
0.147433
0.207774
0.166570
0.202969
0.200967
-0.002753
0.150827
0.062079
0.162040
0.335169
0.378915
0.088222
0.367203
0.257357
-0.102145
0.419336
0.251482
0.207085
0.171686
0.221528
-0.010743
0.224557
0.096885
0.206389
0.232028
0.034263
0.115960
-0.297621
0.333311
-0.019130
0.588601
0.183856
0.065241
0.251409
0.373248
0.211404
0.476906
0.072024
0.154041
0.275916
0.270238
0.441228
0.308539
0.357365
0.274385
0.361416
0.339523
0.278399
0.237524
0.082284
0.219269
0.249943
0.241078
0.306108
0.035740
0.173193
0.125714
0.146919
0.361085
0.128967
0.203381
0.401024
0.060863
0.101626
0.040941
0.146130
0.132227
0.365058
0.151268
0.045724
0.072739
0.128541
0.209745
0.277116
0.158264
0.182745
0.362412
0.012088
0.223948
0.212780
0.306872
0.660114
0.086683
0.379897
0.199222
0.032308
0.180834
0.619166
0.114717
0.181222
0.283654
0.343777
0.093645
-0.034068
0.161502
0.172412
0.267981
0.143000
0.318371
0.330072
0.087764
0.062392
0.144328
0.545020
0.134621
0.285735
0.185941
0.001504
0.248071
0.268881
0.533187
0.071650
0.522310
0.226690
0.395615
0.175539
0.550504
0.075998
0.168500
0.414645
0.122564
0.078786
0.159318
0.052949
0.180337
0.086706
0.295218
0.274026
0.528135
0.058957
0.185453
0.216027
0.415688
0.127633
0.081734
0.756132
0.184284
0.068311
0.349677
0.132456
0.073096
0.195682
0.032789
-0.005470
0.539232
0.467695
0.094608
0.171693
0.204030
0.162459
0.238664
0.025908
0.587361
0.270294
0.198424
0.572985
0.113846
0.004695
0.424782
0.143379
0.140940
0.132948
0.152500
0.164385
0.544011
-0.335924
0.201092
0.188816
0.162224
0.189056
0.455983
0.157644
0.239813
0.609059
0.217396
0.017676
0.173553
0.005474
0.404112
0.027185
0.291811
0.407539
0.127838
0.574842
0.170568
0.274937
0.221195
0.232263
0.155227
0.257522
0.077050
0.318668
0.079382
0.154314
0.012358
0.291289
0.137545
0.104617
0.051972
0.248806
0.200755
0.139909
0.126937
0.357587
0.243058
0.178238
0.078313
0.162566
0.378836
0.231968
-0.017543
0.250680
0.059157
0.250670
0.175841
0.320408
0.291154
0.346915
0.040403
0.043156
0.283933
0.054045
0.207786
0.403854
0.054745
0.214154
0.028173
0.340932
0.371239
0.379870
0.112916
0.134800
0.040985
0.302171
0.182344
0.229841
0.185845
0.122231
0.186676
0.057563
-0.003637
0.401563
0.279887
0.352712
0.320442
0.278505
0.333779
0.352601
0.071703
0.177833
0.173864
0.170817
0.054267
0.273408
0.188067
0.205995
0.135714
0.123919
0.304967
0.392001
0.126591
0.052849
0.203781
0.192827
0.307392
0.492565
0.413533
0.346968
0.207338
-0.016656
0.255058
0.133413
0.317969
0.094620
0.069292
0.160500
-0.030149
0.160375
0.138893
0.399026
0.193936
0.330856
0.648461
0.465567
0.244405
0.306848
0.286373
0.167382
0.210074
0.224635
-0.039865
0.532087
