1
1024
-0.223368
-0.101105
-0.047195
-0.047515
-0.025162
-0.037104
-0.024109
-0.053770
-0.074916
-0.148297
-0.017920
-0.178545
-0.066804
0.014629
-0.145316
-0.187727
-0.085447
-0.136050
-0.079541
-0.089136
-0.066089
-0.015122
0.033758
0.150088
-0.083706
-0.019849
-0.168928
-0.117564
-0.115768
-0.173041
-0.306913
-0.091038
-0.095821
-0.044626
-0.058441
-0.191926
0.062914
0.089802
-0.032398
-0.048196
0.003832
-0.144537
-0.087233
-0.142865
0.084783
-0.070411
0.016011
-0.107727
0.048689
-0.174479
-0.080345
0.005491
-0.042676
-0.110148
-0.027210
-0.154782
0.033060
-0.155201
-0.057121
-0.231443
-0.152564
-0.024491
-0.071230
-0.188220
0.034729
-0.050623
0.082147
-0.175037
-0.071545
-0.128727
-0.159648
-0.032502
-0.098792
-0.061242
-0.012163
-0.008296
-0.080861
-0.032580
-0.161086
-0.098806
0.001640
0.005537
-0.020719
-0.133571
-0.038133
-0.005268
0.312464
-0.013343
-0.057312
0.110418
-0.128183
0.026844
-0.150008
-0.154097
0.035582
-0.176578
-0.321219
-0.121561
0.091168
-0.020357
-0.135344
0.024994
-0.116073
-0.022070
0.042745
0.016746
-0.150986
-0.017752
-0.313169
-0.263192
0.026725
-0.068738
-0.121231
-0.076211
-0.002393
0.027914
-0.102119
0.028916
-0.055180
-0.058224
0.037129
-0.007321
-0.129232
-0.037045
-0.001667
-0.135058
0.053182
-0.036852
-0.056621
-0.133036
-0.030945
-0.053245
0.008890
-0.029576
-0.038558
0.126951
-0.016134
-0.210145
-0.073932
-0.074383
-0.120162
-0.098547
-0.108989
-0.089208
-0.161367
-0.154156
-0.076150
-0.115244
-0.126132
-0.091049
-0.014388
-0.033237
-0.088040
-0.168719
-0.099341
-0.075328
-0.106232
-0.059948
0.086518
-0.020606
-0.075634
-0.216871
-0.104568
-0.001319
-0.058247
-0.070735
0.006124
-0.091295
-0.002182
-0.093016
0.020732
-0.176785
-0.143079
-0.144891
0.030900
0.025451
-0.164175
-0.046984
0.006425
-0.154085
0.113886
-0.083193
0.048129
0.011898
-0.160464
-0.061556
-0.075221
-0.008502
-0.064776
-0.074547
-0.111765
-0.010361
-0.157541
-0.194969
-0.021864
0.170598
-0.038316
0.124032
-0.108919
-0.032261
-0.147318
-0.069683
-0.095589
0.011661
-0.117429
-0.084398
-0.143075
-0.018349
-0.136606
-0.052082
-0.044001
-0.005707
-0.183773
-0.066489
-0.030778
0.036440
-0.146807
-0.190298
-0.092310
-0.070747
-0.051654
-0.113727
-0.084945
-0.031964
0.055878
-0.208507
-0.142873
0.031830
-0.141842
-0.054522
-0.119070
-0.008178
-0.054513
0.056339
-0.141519
-0.094799
-0.026057
0.050516
-0.278798
-0.046044
-0.027075
-0.133577
-0.075838
-0.049949
0.129381
0.115934
0.100145
-0.065164
-0.114779
-0.079871
-0.066239
-0.055477
-0.029424
-0.126738
0.006216
-0.122904
0.017101
-0.185152
-0.074708
-0.041657
-0.040284
-0.035002
-0.020099
0.066616
0.137725
0.109165
-0.086278
-0.231790
-0.165679
-0.074415
-0.053365
0.013996
-0.049678
0.060796
-0.032060
-0.047565
-0.103571
-0.091684
-0.213390
-0.087249
-0.083686
-0.088411
-0.161103
-0.008191
-0.257539
-0.114244
-0.025852
-0.071181
-0.032613
0.000635
-0.078278
-0.095703
-0.114127
-0.065335
-0.091011
-0.148029
-0.038272
-0.063851
-0.016273
0.011058
-0.024894
-0.068049
-0.104340
-0.089603
-0.082020
-0.092736
-0.028003
-0.163664
-0.096840
-0.041065
0.006438
0.063216
-0.235996
-0.070168
0.060948
-0.011429
-0.091327
-0.042851
-0.106564
-0.056587
-0.083899
-0.185546
-0.168465
-0.081941
-0.073326
-0.111187
0.005402
-0.102231
-0.193737
-0.134231
-0.042041
0.003325
-0.001206
-0.081743
0.037543
0.056201
-0.093506
-0.045008
-0.062657
-0.185141
0.027352
-0.106458
-0.088381
-0.234691
-0.079728
0.045208
0.071538
0.064359
-0.044622
-0.068036
-0.020548
-0.235993
0.043292
0.033234
0.002348
0.094750
-0.343157
-0.048354
0.197214
-0.026994
0.024300
-0.084968
-0.127161
-0.051638
-0.056926
0.168499
-0.136345
-0.033917
-0.033294
-0.136882
0.039763
-0.017245
-0.141682
-0.087277
-0.125787
-0.217475
-0.059742
-0.064946
-0.157219
-0.135396
-0.279188
-0.152999
-0.019267
0.055277
-0.055895
-0.192940
-0.088541
-0.055914
0.012488
-0.073599
-0.057346
-0.079491
-0.001091
0.054973
-0.178472
-0.222711
-0.170516
0.036713
-0.079066
-0.071472
0.030220
0.015927
0.061653
0.035258
-0.062876
-0.082263
-0.064266
-0.054847
-0.144718
0.047037
0.005771
-0.078146
-0.057557
-0.121700
-0.005760
-0.174781
-0.469010
-0.052412
-0.061287
-0.024733
-0.128602
0.019783
-0.074620
-0.200490
-0.086275
-0.074283
-0.135060
-0.138300
-0.066338
-0.120583
0.053480
-0.209795
0.149433
0.017816
0.048400
-0.065540
-0.016400
-0.211597
-0.003445
-0.054817
-0.094645
-0.068334
-0.000232
-0.024892
0.103854
-0.097570
-0.068276
0.054957
0.105755
0.005416
-0.074648
-0.139536
0.039843
-0.132386
-0.099219
-0.000239
0.005134
-0.133384
-0.034242
0.023664
-0.180376
-0.108283
-0.111171
0.013546
-0.091297
0.054432
0.116393
-0.026400
-0.076073
0.016030
0.045532
-0.122547
-0.134504
-0.072670
-0.102538
-0.104036
-0.205564
-0.046945
-0.097084
-0.189318
-0.053301
-0.076715
-0.028091
0.001855
0.050801
0.009485
0.047125
-0.115665
-0.062057
-0.082078
-0.121953
-0.164774
-0.052792
-0.121453
-0.155552
-0.047966
-0.059223
-0.108836
0.027751
-0.102510
-0.106577
-0.051487
-0.151076
0.141081
-0.066401
-0.012976
-0.312853
-0.097376
-0.044786
-0.134420
-0.061192
-0.131165
0.049661
-0.111185
-0.138369
0.108447
-0.068137
-0.013578
-0.074216
-0.044944
-0.077958
0.157632
-0.142320
-0.328741
-0.121338
-0.032910
-0.091869
-0.023575
0.047980
0.090077
0.023266
-0.002693
-0.149125
0.042199
-0.024218
0.028282
-0.022851
-0.133824
-0.132317
-0.040186
-0.262422
0.108077
-0.089948
-0.020163
-0.019449
-0.100313
-0.110967
0.027216
-0.193522
0.000774
0.081581
0.020546
-0.089106
-0.082635
-0.058519
-0.011092
0.017587
0.009357
0.065429
-0.148786
-0.042515
0.050996
-0.005392
-0.060735
0.138134
-0.050306
0.012851
-0.029839
-0.088026
0.032410
-0.034985
-0.148501
-0.021611
-0.169830
0.017448
0.145472
-0.108183
-0.035445
0.049282
0.005804
-0.121726
-0.198844
-0.020451
-0.062143
-0.238208
-0.198061
-0.150903
0.001540
0.109173
-0.026930
-0.073062
-0.174749
0.001307
0.097395
-0.078252
0.021188
-0.095528
-0.087938
-0.007079
-0.169926
-0.046965
-0.051527
-0.054256
-0.050365
0.009197
-0.282048
-0.059389
-0.123163
-0.076876
-0.082265
0.004551
-0.229306
0.062776
-0.217423
-0.141948
-0.190736
0.034313
-0.001967
0.005652
0.076042
-0.065139
0.112459
-0.100586
0.071801
-0.045406
-0.073504
-0.178884
-0.180804
-0.119391
0.012253
-0.196644
-0.127988
-0.063141
0.051462
-0.043635
-0.052188
-0.129639
-0.128385
-0.088536
-0.105259
-0.017552
-0.106932
-0.021083
-0.197653
-0.054318
-0.212069
-0.021789
-0.004789
0.061445
-0.063788
-0.019284
-0.226548
-0.051469
-0.028221
-0.098625
-0.053018
0.001863
-0.263616
0.045751
-0.091379
-0.102254
-0.154189
-0.071735
-0.163797
0.018134
0.000800
-0.002660
-0.366861
-0.108892
-0.122934
-0.085458
-0.137947
0.015723
-0.198549
0.025272
0.008834
-0.139509
-0.296416
-0.223892
0.019883
0.017610
-0.076837
-0.012505
-0.022009
-0.104485
0.001322
-0.081373
-0.022755
0.016804
-0.095296
-0.173554
-0.181743
0.227903
0.024683
0.108579
-0.027278
-0.008700
0.166789
-0.014773
-0.058706
-0.147712
-0.113795
-0.078555
-0.004854
-0.079047
-0.103591
0.011888
-0.207560
0.202364
0.050319
0.032250
-0.006788
-0.143570
0.069062
-0.134761
-0.026534
-0.134193
-0.371381
-0.056190
-0.119186
-0.082810
-0.006749
-0.026234
-0.140431
0.058291
-0.095915
-0.078562
-0.044402
-0.077541
-0.116583
-0.041149
-0.153246
-0.050479
-0.156900
-0.038726
-0.023795
0.042478
-0.063739
-0.119704
-0.179963
-0.109189
-0.168750
0.001297
-0.018139
-0.237400
0.046795
-0.023896
-0.132032
-0.100503
-0.025216
-0.093314
-0.015318
-0.027232
-0.133021
-0.110098
-0.130593
-0.077573
0.010641
-0.207077
-0.039961
0.052090
-0.115358
-0.076227
-0.079601
-0.070015
0.080415
-0.105011
0.004053
-0.261491
-0.060912
-0.017512
0.014527
-0.067681
-0.206068
-0.131949
-0.185635
-0.142133
0.084098
-0.114877
-0.067250
0.009991
-0.193472
0.023653
-0.368856
-0.117348
-0.029233
-0.225729
-0.107062
-0.070724
-0.191736
-0.071391
0.044835
-0.125194
0.014657
-0.012225
0.076254
-0.194495
-0.065409
-0.030209
-0.036057
-0.083640
-0.134326
-0.028771
0.025583
-0.108312
0.050580
0.020944
-0.165488
-0.094911
-0.090741
0.040512
-0.079681
-0.044779
0.052785
-0.045070
0.017186
-0.111487
-0.032504
0.076450
-0.164430
-0.208415
-0.125525
0.088161
-0.033145
-0.283151
-0.148064
-0.092827
-0.012168
0.033856
-0.004053
0.021540
0.012077
-0.060203
-0.096065
-0.167573
-0.058830
-0.115450
-0.134310
-0.049412
0.024379
-0.001282
-0.126623
-0.011610
0.030911
-0.108606
-0.051548
-0.058326
-0.126969
-0.149850
-0.074586
0.117938
-0.136005
-0.073504
-0.120453
-0.361446
-0.035100
-0.137787
-0.036001
0.100663
-0.037860
-0.070854
-0.028307
0.050637
-0.144618
-0.154202
-0.120311
-0.102023
0.015332
-0.126568
-0.256057
-0.139880
-0.191713
-0.061022
-0.055054
-0.140460
0.013375
-0.134757
-0.016047
-0.050948
-0.115590
-0.343384
-0.029147
0.047436
0.034783
-0.058757
-0.141614
-0.013088
0.085697
0.007602
-0.214357
-0.231656
-0.092651
-0.077982
-0.195641
-0.102149
0.010501
-0.145517
-0.062958
-0.047636
-0.116681
-0.038893
0.154456
-0.066381
-0.012022
0.089481
0.064577
-0.043994
-0.049143
-0.056374
-0.134178
-0.024993
0.032698
-0.072243
-0.195610
-0.214947
-0.033079
-0.175332
0.084724
0.035805
-0.133153
-0.083031
-0.268705
-0.155015
-0.193509
-0.041244
0.106028
-0.078898
0.031984
0.031369
-0.024464
0.105547
-0.024371
-0.017182
0.017322
0.032645
-0.106372
-0.078527
0.022299
-0.074547
0.000690
-0.053368
0.079869
-0.050300
-0.133513
-0.033357
-0.177624
-0.044629
-0.194426
-0.108762
-0.196434
0.054215
0.031302
-0.136912
0.043443
-0.068452
-0.103042
0.022041
-0.040738
-0.118164
0.041223
-0.092800
0.158348
0.011339
-0.143989
-0.071078
0.051052
-0.201210
0.079900
-0.244258
0.083275
-0.133818
-0.051445
-0.122900
-0.095297
-0.003754
-0.047924
-0.215790
0.124355
-0.074110
0.010426
0.080222
0.115897
0.011497
-0.093054
-0.055241
-0.010225
0.114675
0.056982
0.222973
-0.072075
-0.028873
0.051331
-0.258078
-0.150164
-0.021771
-0.039833
-0.179489
-0.057172
-0.224988
-0.016833
-0.096319
0.007102
-0.039212
-0.029184
-0.340424
-0.040500
0.018136
0.060182
0.085755
-0.080309
-0.081819
-0.092742
0.086719
-0.092138
0.017077
-0.046168
-0.112833
-0.030384
-0.139184
-0.051165
0.019326
0.046387
-0.029032
-0.112078
