1
1024
-0.470875
-0.744760
-0.280819
-0.129327
-0.598845
-0.507912
-0.693002
-0.456550
-0.239832
-0.500289
-0.454062
-0.787959
-0.443211
-0.599242
-0.425265
-0.605881
-0.508538
-0.580029
-0.347989
-0.644158
-0.518568
-0.455214
-0.763680
-0.382206
-0.491757
-0.646431
-0.641984
-0.342712
-0.439755
-0.447693
-0.401788
-0.618373
-0.560240
-0.775813
-0.400065
-0.257591
-0.616647
-0.615234
-0.501207
-0.309621
-0.379292
-0.595925
-0.553370
-0.662087
-0.594737
-0.518039
-0.509159
-0.315744
-0.529755
-0.482314
-0.463358
-0.566638
-0.613085
-0.525204
-0.630377
-0.510511
-0.415593
-0.410536
-0.576146
-0.701109
-0.502117
-0.522697
-0.358369
-0.313110
-0.463974
-0.346055
-0.556081
-0.399832
-0.545963
-0.430607
-0.513863
-0.775203
-0.653457
-0.510417
-0.695126
-0.612822
-0.405241
-0.544781
-0.521096
-0.388032
-0.571516
-0.701577
-0.520612
-0.583194
-0.552940
-0.393853
-0.674572
-0.857545
-0.655598
-0.362511
-0.691768
-0.493958
-0.584393
-0.382629
-0.633724
-0.559188
-0.732713
-0.366660
-0.360512
-0.350336
-0.318825
-0.486471
-0.407573
-0.543879
-0.607646
-0.224432
-0.410757
-0.466571
-0.582718
-0.486354
-0.425471
-0.503229
-0.404973
-0.394520
-0.448505
-0.523888
-0.736958
-0.310022
-0.529214
-0.815989
-0.385876
-0.525216
-0.359605
-0.410992
-0.433796
-0.472222
-0.755992
-0.522142
-0.236781
-0.516276
-0.393311
-0.429604
-0.656732
-0.670056
-0.654855
-0.164763
-0.569802
-0.450556
-0.481072
-0.679104
-0.609229
-0.551116
-0.498431
-0.617277
-0.396039
-0.798219
-0.413631
-0.401528
-0.501418
-0.504330
-0.696606
-0.474884
-0.357496
-0.596467
-0.644978
-0.475094
-0.634212
-0.472059
-0.464060
-0.460346
-0.438932
-0.437332
-0.452930
-0.622053
-0.225231
-0.267613
-0.571655
-0.484595
-0.395317
-0.752351
-0.170329
-0.489219
-0.498531
-0.604643
-0.646402
-0.409353
-0.494638
-0.716022
-0.434608
-0.671187
-0.422712
-0.440398
-0.762719
-0.633315
-0.518156
-0.726709
-0.424460
-0.704361
-0.402855
-0.539044
-0.479592
-0.513927
-0.643962
-0.510373
-0.584642
-0.560061
-0.619882
-0.363178
-0.446971
-0.469964
-0.218999
-0.366433
-0.654338
-0.543335
-0.530895
-0.536101
-0.556320
-0.625925
-0.503062
-0.522712
-0.476156
-0.424347
-0.580783
-0.233298
-0.441825
-0.287026
-0.442812
-0.737829
-0.484514
-0.630503
-0.682134
-0.432724
-0.365265
-0.568703
-0.485523
-0.513538
-0.460968
-0.600578
-0.433271
-0.575913
-0.820883
-0.654987
-0.528633
-0.554888
-0.569317
-0.477377
-0.646402
-0.334525
-0.684713
-0.529623
-0.603764
-0.247685
-0.509808
-0.267970
-0.532809
-0.520225
-0.616492
-0.585820
-0.466772
-0.653528
-0.428306
-0.151191
-0.098432
-0.578242
-0.361232
-0.512909
-0.528120
-0.663394
-0.332066
-0.649774
-0.611491
-0.451768
-0.791978
-0.401153
-0.755988
-0.635845
-0.686077
-0.449514
-0.528618
-0.608915
-0.474801
-0.551424
-0.677193
-0.483185
-0.455400
-0.345445
-0.495403
-0.295259
-0.546179
-0.695698
-0.492597
-0.644408
-0.514951
-0.278904
-0.516213
-0.421797
-0.550527
-0.519944
-0.573516
-0.512687
-0.308547
-0.418283
-0.505634
-0.552226
-0.241028
-0.626311
-0.505800
-0.434191
-0.544355
-0.657244
-0.548813
-0.427086
-0.538666
-0.543856
-0.626271
-0.660304
-0.751226
-0.541894
-0.558452
-0.241877
-0.579426
-0.396920
-0.473157
-0.466343
-0.499392
-0.704741
-0.398900
-0.691753
-0.418463
-0.365203
-0.491367
-0.490651
-0.480574
-0.665962
-0.347527
-0.542182
-0.567090
-0.393268
-0.745606
-0.688206
-0.437987
-0.372812
-0.542690
-0.319239
-0.781697
-0.574677
-0.513274
-0.399792
-0.495930
-0.639665
-0.507854
-0.444406
-0.510105
-0.592974
-0.479199
-0.496399
-0.606456
-0.267376
-0.545196
-0.587007
-0.443044
-0.451136
-0.444854
-0.674598
-0.640338
-0.495895
-0.531633
-0.402257
-0.701087
-0.349725
-0.407386
-0.529529
-0.214078
-0.429247
-0.535991
-0.675356
-0.651279
-0.413814
-0.723634
-0.590184
-0.482853
-0.467087
-0.497499
-0.237507
-0.382020
-0.440025
-0.426934
-0.311687
-0.537923
-0.807639
-0.292376
-0.295022
-0.364577
-0.124931
-0.511086
-0.569793
-0.614215
-0.559085
-0.419775
-0.329292
-0.566129
-0.427384
-0.617425
-0.513063
-0.280248
-0.224009
-0.553816
-0.574326
-0.638556
-0.600666
-0.680589
-0.689153
-0.518449
-0.412807
-0.603799
-0.500707
-0.430817
-0.311903
-0.476321
-0.670601
-0.529631
-0.467089
-0.519766
-0.455223
-0.479168
-0.592027
-0.277924
-0.556593
-0.421846
-0.438996
-0.732776
-0.481486
-0.573812
-0.701143
-0.531302
-0.665413
-0.582205
-0.636851
-0.572463
-0.574806
-0.307842
-0.468811
-0.518128
-0.459090
-0.639507
-0.518482
-0.439523
-0.358673
-0.605575
-0.572014
-0.468666
-0.396177
-0.439993
-0.545753
-0.556501
-0.455945
-0.431449
-0.513974
-0.446367
-0.628038
-0.406625
-0.228752
-0.085468
-0.368102
-0.670168
-0.641027
-0.387132
-0.128003
-0.802725
-0.584509
-0.502649
-0.515718
-0.411021
-0.692127
-0.680310
-0.465484
-0.401887
-0.636887
-0.664947
-0.369720
-0.828266
-0.525969
-0.632468
-0.343567
-0.448690
-0.379907
-0.453232
-0.429202
-0.417436
-0.560259
-0.498912
-0.617422
-0.580283
-0.631889
-0.282091
-0.432993
-0.516142
-0.613447
-0.306389
-0.550393
-0.310945
-0.480600
-0.390369
-0.531541
-0.232145
-0.577277
-0.634902
-0.510867
-0.578985
-0.725830
-0.633282
-0.680021
-0.504421
-0.508238
-0.696280
-0.300928
-0.384185
-0.349318
-0.592443
-0.703766
-0.481882
-0.453352
-0.376397
-0.740646
-0.300303
-0.510271
-0.296872
-0.531663
-0.517805
-0.383086
-0.509581
-0.686517
-0.424887
-0.383651
-0.351376
-0.469140
-0.252605
-0.363302
-0.614928
-0.711137
-0.396115
-0.448737
-0.468667
-0.341648
-0.362775
-0.536543
-0.304996
-0.797231
-0.558523
-0.599549
-0.330497
-0.561238
-0.617314
-0.400135
-0.678324
-0.610658
-0.811675
-0.307593
-0.265998
-0.534769
-0.815190
-0.501224
-0.469461
-0.418652
-0.462714
-0.241423
-0.571366
-0.715650
-0.531231
-0.614564
-0.424569
-0.217963
-0.696648
-0.482596
-0.405716
-0.349423
-0.502280
-0.554096
-0.446460
-0.407382
-0.420326
-0.619779
-0.330904
-0.620802
-0.532196
-0.425296
-0.749588
-0.535066
-0.527032
-0.483429
-0.786652
-0.426775
-0.653050
-0.571702
-0.328946
-0.503017
-0.604706
-0.504082
-0.501057
-0.485108
-0.474115
-0.400576
-0.535221
-0.631424
-0.810875
-0.684255
-0.652566
-0.354324
-0.502859
-0.452867
-0.334659
-0.595444
-0.495134
-0.674265
-0.576280
-0.385264
-0.552688
-0.692026
-0.609687
-0.349394
-0.430419
-0.424134
-0.385339
-0.826489
-0.369269
-0.589451
-0.624183
-0.420130
-0.444588
-0.544646
-0.812641
-0.498626
-0.625283
-0.591379
-0.747405
-0.566976
-0.453908
-0.487376
-0.554832
-0.604974
-0.416002
-0.284228
-0.493345
-0.573840
-0.394061
-0.550608
-0.633813
-0.582844
-0.706481
-0.535338
-0.466428
-0.493653
-0.373820
-0.234855
-0.677748
-0.245928
-0.575528
-0.375484
-0.677743
-0.656005
-0.673244
-0.504037
-0.502817
-0.218065
-0.426110
-0.551703
-0.221387
-0.684146
-0.645686
-0.574123
-0.439965
-0.505596
-0.633338
-0.574553
-0.596649
-0.800948
-0.614453
-0.604526
-0.609641
-0.465763
-0.564285
-0.504800
-0.764623
-0.509718
-0.483712
-0.753027
-0.400398
-0.465958
-0.668659
-0.278104
-0.271933
-0.473755
-0.551301
-0.520434
-0.354202
-0.472533
-0.521787
-0.625944
-0.427166
-0.243677
-0.359107
-0.503121
-0.667997
-0.441181
-0.365913
-0.510609
-0.553460
-0.438815
-0.698566
-0.515352
-0.240413
-0.572656
-0.405036
-0.406792
-0.485145
-0.688046
-0.516193
-0.541591
-0.672213
-0.642739
-0.386824
-0.581802
-0.446578
-0.331156
-0.585782
-0.756589
-0.496991
-0.416740
-0.695242
-0.358562
-0.663988
-0.530840
-0.626038
-0.533169
-0.229812
-0.793908
-0.370547
-0.550676
-0.584226
-0.330326
-0.359900
-0.737937
-0.405729
-0.500329
-0.493545
-0.634801
-0.569682
-0.115392
-0.628066
-0.428753
-0.592739
-0.335770
-0.716707
-0.631603
-0.615137
-0.637124
-0.670984
-0.490180
-0.333387
-0.462285
-0.285669
-0.602649
-0.566828
-0.383942
-0.629394
-0.570477
-0.542849
-0.479457
-0.291614
-0.397192
-0.675353
-0.506112
-0.548350
-0.614098
-0.364727
-0.446907
-0.338786
-0.322014
-0.529023
-0.555669
-0.284706
-0.775805
-0.523369
-0.499324
-0.234068
-0.657867
-0.625163
-0.484306
-0.514234
-0.709626
-0.304341
-0.516517
-0.714452
-0.469535
-0.445062
-0.507046
-0.453726
-0.497120
-0.575289
-0.449660
-0.424800
-0.214988
-0.194921
-0.555020
-0.555717
-0.773168
-0.601119
-0.240012
-0.672409
-0.598523
-0.459561
-0.638258
-0.647278
-0.505556
-0.649570
-0.475143
-0.722484
-0.640414
-0.504531
-0.495385
-0.639348
-0.525042
-0.444145
-0.451403
-0.546732
-0.448997
-0.548718
-0.760211
-0.818899
-0.419484
-0.736801
-0.583070
-0.543717
-0.502760
-0.520431
-0.541453
-0.704546
-0.510496
-0.554722
-0.783570
-0.580094
-0.414441
-0.761461
-0.306250
-0.671832
-0.520299
-0.338897
-0.641282
-0.544599
-0.695437
-0.588408
-0.565170
-0.318374
-0.386494
-0.492509
-0.395148
-0.298985
-0.368498
-0.469845
-0.346639
-0.478758
-0.518072
-0.397446
-0.574770
-0.577774
-0.181922
-0.658102
-0.577070
-0.519214
-0.518104
-0.406143
-0.589070
-0.537335
-0.501123
-0.609255
-0.380188
-0.478861
-0.488868
-0.695166
-0.498364
-0.820528
-0.375123
-0.211949
-0.540684
-0.693819
-0.431978
-0.250884
-0.216028
-0.635700
-0.468257
-0.551546
-0.504086
-0.361206
-0.744263
-0.447064
-0.554716
-0.386694
-0.444433
-0.662415
-0.419109
-0.666607
-0.526880
-0.305882
-0.275134
-0.136922
-0.656059
-0.676897
-0.388697
-0.515264
-0.752376
-0.489071
-0.707265
-0.437564
-0.686047
-0.477228
-0.494192
-0.310561
-0.475225
-0.305483
-0.282381
-0.586839
-0.516781
-0.480160
-0.391006
-0.395918
-0.651350
-0.679617
-0.511780
-0.604145
-0.714405
-0.563584
-0.521137
-0.621396
-0.395070
-0.434275
-0.628622
-0.548656
-0.501130
-0.503838
-0.703604
-0.450449
-0.517476
-0.501405
-0.395945
-0.499257
-0.541014
-0.640970
-0.329768
-0.238229
-0.557707
-0.483268
-0.726722
-0.462988
-0.410211
-0.388337
-0.603698
-0.348504
-0.679094
-0.456001
-0.272635
-0.476442
-0.451940
-0.528285
-0.567645
-0.825696
-0.541574
-0.514519
-0.468317
-0.532881
-0.594935
-0.493559
-0.391559
-0.694907
-0.507150
-0.763928
-0.446946
-0.654246
-0.472105
-0.534586
-0.602384
-0.543510
-0.637315
-0.594111
-0.470829
-0.444559
-0.509575
-0.543656
-0.482490
-0.333930
-0.632623
-0.466466
-0.595148
-0.711670
-0.668438
-0.461324
-0.422965
-0.479338
-0.544823
-0.455638
-0.595673
-0.405713
-0.517911
-0.509103
-0.572107
-0.422340
-0.485655
-0.235949
-0.365422
-0.669802
-0.643593
-0.447327
-0.459256
-0.554229
-0.557033
-0.347763
-0.517063
-0.231854
-0.417122
-0.585815
-0.419549
-0.404351
-0.479573
-0.536695
-0.583266
-0.703166
-0.426731
-0.189860
-0.647542
-0.420702
-0.330198
-0.280894
-0.615697
-0.548978
-0.469040
