1
1024
-0.054866
-0.010949
-0.197005
-0.855843
0.204023
-0.146686
-0.022038
-0.722154
-0.070917
-0.115491
-0.006145
0.278094
-0.384898
-0.609505
-0.300132
0.028647
-1.073707
0.087145
-0.320326
0.079382
-0.018944
0.027967
-0.046877
-0.447496
0.193846
-0.162811
-0.116225
-0.107051
0.068257
0.083201
-0.191877
-0.701516
0.068618
-0.082317
-0.386779
-0.501471
0.082046
0.097533
-0.001144
0.075515
-0.178978
-0.028168
-0.616765
-0.065202
0.037716
-0.050448
-0.527328
-0.076142
0.028139
-0.199456
0.123775
-0.946853
-0.609257
-0.748983
-0.045717
-0.367133
0.143967
0.008464
-0.457172
0.119319
-0.236483
-0.057708
-0.145151
-0.038783
0.002388
-0.843933
-0.231547
0.397405
-0.315344
0.113768
-0.669218
0.126938
-0.534053
-0.326061
0.027266
-0.260152
-0.028093
-0.055021
-0.098392
0.149128
-0.256951
-0.854707
0.118762
-0.276180
-0.185187
0.054868
-0.243626
-0.125629
-0.186116
0.032321
-0.528838
-0.195341
0.172617
-0.313553
-0.046738
-0.294103
0.047393
-0.201489
-0.356969
-0.077619
-0.032776
-0.067562
-0.319335
0.058849
-0.314427
-0.712206
-0.077758
-0.089665
-0.408499
0.176389
0.021052
0.040320
-0.069219
-0.632304
0.064127
-0.469233
0.088440
-0.007348
0.005868
-0.213459
0.044938
-0.015991
-0.038350
-0.159159
-0.008149
-0.437524
-0.115465
-0.482769
-0.146928
-0.345691
-0.039657
-0.200308
-0.104331
-0.030301
-0.477140
-0.063851
-0.520636
-0.023910
-1.011654
-0.053024
0.058968
-0.301162
-0.023965
-0.071936
-0.013599
-0.180224
-0.657261
-0.222624
-0.029209
-0.100810
-0.189426
-0.388608
-0.100547
-0.172608
-0.028446
-0.101818
-0.040052
-0.071567
0.158813
-0.452818
-0.003588
-0.357227
0.179131
-0.441546
-0.058039
-0.059011
0.230483
-0.338782
0.046890
0.114267
-0.217166
0.027549
0.074932
0.096293
-0.170309
0.228813
0.153887
0.139320
0.007018
-0.023445
0.006793
0.224610
0.115294
-0.185858
-0.690520
-0.071466
-0.011393
-0.004875
0.047678
0.003705
-0.026372
0.046928
-0.120749
0.244286
0.008270
0.283734
0.171779
-0.381414
-0.150774
0.058495
0.097333
0.004752
0.101102
-0.114215
-0.570235
0.086177
-0.095943
-0.508178
-0.681675
-0.204243
-0.523772
-0.073409
-0.021128
-0.211354
-0.121654
-0.014295
-0.093857
0.079927
0.084846
-0.015837
0.067088
-0.010500
-0.207568
-0.585683
0.018222
0.066667
-0.109817
0.063159
-0.711215
-0.891586
-0.145955
-0.196336
-0.107029
-0.324417
-0.114692
-0.036869
0.028397
-0.034846
-0.052493
-0.057478
-0.766927
-1.035669
0.007256
0.015489
-0.380661
-0.092990
-0.178982
-0.641587
-0.145450
0.002240
-0.524291
-0.407145
-0.464868
-0.153152
0.054954
0.158644
-0.227408
-0.224297
0.033883
-0.626216
0.030892
-0.355300
-0.010830
-0.439628
0.189252
-0.055405
0.107610
-0.649231
0.085579
-0.137567
-0.074605
-0.198117
-0.088863
-0.464850
-0.002658
0.006746
0.191004
0.015266
0.039423
0.150315
-0.950907
0.019887
-0.198717
0.123134
0.082067
-0.329086
-0.124313
0.144724
-0.240010
-0.744671
0.041129
0.000498
-0.088099
-0.065660
-0.057550
-0.057907
0.156433
-0.199521
-0.412923
-0.008826
0.159588
0.278907
-0.394653
-0.068035
0.136375
0.005123
0.159078
-0.032182
-0.390688
0.084081
0.210418
-0.027766
0.019975
-0.168180
-0.016497
-0.681307
-0.016246
-0.363369
-0.136840
0.075081
-0.000649
-0.161276
0.109328
0.101196
-0.063639
0.185459
-0.232816
-0.178218
-0.329006
-0.241853
0.076145
0.054874
-0.056139
0.055722
-0.855852
0.058548
-0.061032
0.024873
0.047623
0.131893
-0.031265
-0.099665
-0.044522
-0.807243
-0.320342
0.121853
-0.882874
-0.105255
0.133990
0.133788
-0.029428
-0.022334
0.217061
0.019312
0.113457
-0.629332
-0.028896
0.113263
0.133946
0.062910
0.018813
-0.012011
-0.163055
-0.202254
0.023140
0.087913
-0.534037
-0.025914
-0.086331
-0.012158
-0.022153
-0.191888
-0.588262
-0.121941
-0.289263
0.109623
0.223757
0.146516
-0.646393
-0.088939
-0.052249
-0.064821
-0.079064
-0.618678
0.003235
-0.288546
-0.061059
-0.090385
-0.130509
0.007518
-0.102150
-0.695314
-0.168651
-0.465301
0.072600
-0.006137
0.092394
0.023996
-0.705095
-0.022683
-0.042472
-0.108765
-0.152704
-0.027588
-0.015012
0.012335
-0.043113
-0.904821
-0.425423
-0.511900
-0.047206
0.025075
0.074648
-0.156699
-0.201289
-0.048258
-0.245952
-0.267011
-0.010954
-0.280455
0.249830
0.034119
0.172851
-0.608718
-0.068076
0.033904
0.032272
0.060895
0.222860
-0.008127
-0.110931
0.112912
-0.702590
-0.099399
-0.480448
-0.820625
0.009276
-0.514397
-0.043780
-0.510213
0.156036
-0.143093
0.109517
-0.327219
0.073757
0.030911
-0.673822
-0.546973
-0.193063
-0.550725
-0.773734
-0.062162
-0.039713
-0.038287
-0.072218
-0.279878
-0.040352
-0.332896
-0.164325
-0.305955
0.021037
0.069408
0.100286
-0.089373
0.064506
0.000618
-0.062437
0.024235
-0.076029
-0.051782
0.116046
-0.240604
-0.134786
-0.190489
-0.011904
-0.291613
0.010793
-0.829398
-0.017142
-0.734528
0.147429
-0.842036
0.149777
0.050630
0.190572
-0.032705
0.054870
-0.624779
-0.014752
-0.181651
-0.387521
-0.034726
0.137483
0.030410
-0.077595
-0.174897
-0.348795
0.009845
-0.177102
-0.044596
-0.443754
0.042716
-0.302440
-0.197464
-0.616738
-0.036182
-0.248618
-0.971962
0.074879
-0.665558
-0.220779
-0.028121
-0.015676
0.088345
-0.000878
0.068381
-0.159928
0.051419
0.307322
-0.211283
-0.036893
-0.095312
-0.501819
0.271036
-0.099301
0.049488
-0.103502
0.153982
-0.600139
-0.380477
0.021898
-0.022753
0.036874
0.066028
-0.029441
-0.340890
-0.144154
0.003732
0.201449
-0.157194
0.013426
-0.021610
0.012299
-0.175258
-0.059604
0.020793
-0.088913
0.104455
0.054513
0.009839
-0.196226
0.006902
-0.704697
-0.084100
-0.254159
-0.539348
-0.052260
0.280479
-0.094488
0.073280
-0.003957
0.063004
-0.013584
0.049663
-0.424095
-0.654137
-0.130727
0.009528
-0.523505
-0.345985
-0.150972
-0.218564
0.160372
-0.082990
0.039979
-0.291489
0.054794
0.068418
-0.341311
-0.894387
-0.644453
0.263299
0.011640
-0.397145
-0.131052
0.111956
-0.129495
-0.200539
-0.081784
-0.231447
0.012802
0.178106
-0.012560
-0.105443
0.033019
0.002704
-0.135009
0.055190
-0.061890
0.209970
-0.408538
0.075344
0.004454
-0.347631
0.137205
0.018896
-0.935180
-0.036747
-0.326249
-0.481589
-0.642689
-0.050156
-0.845501
0.060319
0.088106
-0.718686
-0.089527
-0.070148
-0.023523
-0.392005
-0.143576
-0.256468
0.084094
0.011571
-0.413890
-0.830280
-0.207643
-1.010149
-0.082187
0.117372
-0.728663
-0.049148
-0.326419
0.234007
-0.826221
-0.096235
-0.293662
0.072526
-0.101198
0.042468
0.163949
-0.028619
-0.479999
-0.639956
-0.017835
-0.000991
-0.245463
-0.904984
0.125087
0.056666
0.006154
-0.733588
-0.773010
0.113091
-0.034527
0.053378
-0.013536
-0.110444
-0.337898
-0.085296
-0.254072
-0.001700
-0.589664
-1.041314
0.084274
-0.342464
0.066108
-0.638628
-0.035562
0.074010
-0.010507
-0.133748
0.046066
-0.117214
0.044577
-0.353507
-0.343797
-0.807576
-0.951014
0.100319
0.108927
-0.005464
-0.790182
-0.047505
-0.007866
0.022363
0.012511
-0.478703
-0.728270
0.093268
-0.189413
0.135759
-0.041006
-0.076338
-0.180733
-0.314926
0.128643
0.113785
0.100971
-0.245844
0.031487
0.223990
0.104312
-0.042379
0.196768
-0.160760
-0.552370
0.013090
-0.025693
0.298657
-0.302319
-0.129835
-0.446036
-0.007053
0.017426
0.057846
-0.299010
-0.089582
-0.129550
0.099163
-0.131604
0.078419
-0.085620
-0.247177
-0.193301
0.067162
0.119879
0.019838
0.053260
-0.369436
-0.741022
-0.274978
-0.127148
-0.503956
0.118895
0.197606
-0.136532
0.016002
-0.634454
-0.363594
-0.545549
-0.063736
0.137737
-0.064280
-0.032260
0.087601
0.117592
-0.042414
-0.114860
0.020579
-0.027571
0.014951
-0.072012
0.081166
0.063440
0.062958
0.020201
0.180903
0.117207
-0.217594
-0.008076
-0.047314
0.176816
-0.212247
-0.219284
0.026997
-0.641308
0.059561
0.086634
-0.064189
-0.861898
-0.140873
-0.034713
0.037246
-0.481361
0.068325
0.098021
-0.106291
-0.356293
-0.030894
-0.272189
0.004528
-0.287314
-0.071867
0.035469
-0.397340
-0.150953
-0.208378
-0.142191
0.177222
-0.334591
-0.058421
-0.530394
-0.486544
-0.006501
-0.101538
0.002819
-0.126562
0.124257
-0.031068
-0.139811
-0.022079
-0.139572
0.088235
-0.238068
0.010193
-0.286270
0.121946
0.072709
-0.061938
-0.373150
-0.300853
-0.760844
0.083200
-0.746834
0.139147
-0.361758
-0.243293
0.189890
0.218349
0.002566
-0.503290
-0.326078
-0.096153
-0.117982
-0.184376
-0.010020
-0.292670
-0.114816
-0.150731
-0.575739
0.124468
-0.684916
-0.001341
-0.184324
0.263353
-0.075637
-0.209356
-0.348330
-0.202270
-0.092957
-0.038699
0.165255
-0.123991
0.043327
-0.127542
0.173433
0.098269
0.044570
-0.940462
-0.516143
-0.012818
0.033105
-0.104199
-0.378350
-0.068212
0.060652
-0.191391
-0.081005
-0.061104
0.195176
-0.234521
-0.662687
-0.287335
0.163341
-0.045322
-0.193177
0.164258
0.116982
-0.194464
-0.198458
0.034087
-0.833484
-0.208152
0.023852
-0.174602
0.127441
-0.067485
-0.153925
0.138717
0.035525
-0.306501
-0.421715
0.040401
0.181295
-0.027257
-0.089276
0.003877
-0.093986
0.017299
0.276762
-0.837551
-0.061993
-0.241883
-0.247275
0.073954
0.043947
-0.092361
-0.692144
-0.097273
-0.070173
-0.167608
-0.508781
-0.147717
-0.612244
0.119895
0.053623
-0.757290
0.038315
-0.175705
0.011117
-0.788343
-0.268454
-0.025711
-0.069308
0.217362
-0.160640
-0.090418
-0.024796
0.231700
-0.296471
-0.769172
0.169079
0.072316
0.043537
-0.212889
0.022521
0.167101
0.158052
-0.047879
0.007190
0.029108
-0.302748
-0.107924
0.035532
-0.230599
-0.071656
0.016129
-0.253005
-0.378683
-0.056490
0.127344
-0.187440
-0.119360
-0.830943
-0.811794
-0.745782
0.015474
-0.407000
-0.598261
-0.027939
-0.026993
-0.040486
0.167002
-0.103782
-0.313917
-0.227701
-0.662948
0.002114
0.071410
0.216936
0.112020
-0.400002
-0.052118
-0.144469
-0.101746
-0.040023
0.098768
-0.123558
-0.304567
-0.008317
0.078591
-0.097749
-0.024247
0.017551
0.155531
-0.082570
-0.259259
-0.036149
0.040836
-0.556082
-0.045833
-0.033681
-0.107696
-0.049359
-0.417742
0.135570
-0.139498
-0.604450
-0.357365
0.020744
-0.342733
-0.036371
-0.050024
-0.223477
0.035078
-0.817241
0.051302
-0.230594
-0.164696
-0.205682
-0.001332
-0.433087
-0.784856
-0.061100
0.048451
-0.058164
-0.022504
-0.086869
-0.527385
-0.740072
-0.473959
-0.397117
-0.108449
0.139912
0.130721
0.008437
-0.051476
-0.044571
-0.318094
0.122705
0.101303
0.038278
-0.078980
