1
1024
-0.783000
-0.085510
-0.423884
-0.350159
-0.454892
-0.198742
-0.065415
-0.167227
-0.414129
-0.239690
-0.150022
-0.074828
-0.348730
-0.619945
-0.491198
-0.466196
-0.221164
-0.702530
-0.459792
-0.527220
-0.128557
-0.196010
-0.335394
-0.150850
-0.469081
-0.501091
-0.249503
-0.303439
-0.182122
-0.662789
-0.268162
-0.072352
-0.323138
-0.313826
-0.122374
-0.656529
-0.102499
-0.510186
0.051651
-0.203224
-0.728759
-0.203991
-0.538818
-0.321146
-0.611809
-0.057448
-0.086668
-0.286493
-0.106811
-0.096210
-0.660731
-0.758027
-0.215131
-0.866893
-0.123453
-0.336149
-0.581947
-0.276085
-0.802629
-0.244157
-0.719371
-0.735633
-0.183924
-0.526561
-0.266512
-0.109762
-0.612039
-0.134474
-0.067002
-0.630466
-0.012220
-0.167378
-0.364859
-0.103290
-0.524378
-0.302603
-0.590187
-0.388047
-0.677409
-0.411333
-0.528506
-0.261127
-0.290022
-0.664593
-0.406319
-0.540043
-0.116838
-0.694532
-0.457037
0.007978
-0.252079
-0.063644
-0.299279
-0.117226
-0.074755
-0.227053
-0.504580
-0.729437
-0.244408
-0.053684
-0.530272
-0.283824
-0.486165
-0.122354
-0.452454
-0.733163
-0.346029
-0.120770
-0.197766
-0.107770
-0.237278
-0.408847
-0.242772
-0.140314
-0.338404
-0.137676
-0.180662
-0.579897
-0.206404
-0.664009
-0.123160
-0.348297
-0.648669
-0.139279
-0.185181
-0.146604
-0.774072
-0.690805
-0.534139
-0.240843
-0.237936
-0.132971
-0.822504
-0.132997
-0.491927
-0.117465
-0.100447
-0.739473
-0.066206
-0.237581
-0.079281
-0.098299
-0.143225
-0.752707
-0.199827
-0.661184
-0.387839
-0.168595
-0.567608
-0.151340
-0.366420
-0.090362
-0.300276
-0.139566
-0.269659
-0.203182
-0.221172
-0.385702
0.015393
-0.145790
-0.263133
-0.260727
-0.525530
-0.216822
-0.614365
-0.771199
-0.681075
-0.161429
-0.401113
-0.099389
-0.299280
-0.398003
-0.542486
-0.149022
-0.186384
-0.231503
-0.154242
-0.495071
-0.280661
-0.084653
-0.309798
-0.656446
-0.096561
-0.307695
-0.675115
-0.534042
-0.181334
-0.478434
-0.182257
-0.110595
-0.377152
-0.308350
-0.279741
-0.182377
-0.686498
-0.246779
-0.163947
-0.087097
-0.776618
-0.089457
-0.215943
-0.143904
-0.113006
-0.534792
-0.261577
-0.171703
-0.512296
-0.511904
-0.720328
-0.641503
-0.051208
-0.289449
-0.162204
-0.164021
-0.431807
0.052667
-0.597415
-0.417107
-0.994410
-0.370881
0.033707
-0.177019
-0.400653
-0.122821
-0.520152
-0.172219
-0.505708
-0.724841
-0.176970
-0.066429
-0.164230
-0.192995
-0.853886
-0.362944
-0.452590
-0.527052
-0.408268
-0.219825
-0.214347
-0.131302
-0.798587
-0.657600
-0.732237
-0.109364
-0.159559
-0.292718
0.009558
-0.243698
-0.098827
-0.137534
-0.270699
-0.723169
-0.542229
-0.390593
-0.277827
-0.113298
-0.724934
-0.720817
-0.485911
-0.622797
-0.752221
-0.145017
-0.159105
-0.279246
-0.140508
-0.197932
-0.327204
-0.316276
-0.741350
-0.109143
-0.086831
-0.639602
-0.143640
-0.161597
-0.765138
0.050982
-0.201184
-0.470042
-0.342604
-0.116705
0.002766
-0.329608
-0.395819
-0.299704
-0.395874
-0.577077
-0.304297
-0.056653
-0.435650
-0.111554
-0.191822
-0.163873
-0.243966
-0.538905
-0.241459
-0.232556
-0.206432
0.028631
-0.618552
-0.436652
-1.010045
-0.772265
-0.086477
-0.842732
-0.923255
-0.292013
-0.334108
-0.276279
-0.276987
-0.116363
-0.574521
-0.549751
-0.432693
-0.090244
-0.200491
0.020911
-0.206664
-0.819792
-0.208528
-0.430596
-0.130508
-0.132643
-0.671299
-0.379429
-0.076545
-0.858338
-0.732831
-0.557396
-0.799320
-0.040359
-0.553745
-0.126493
-0.979376
-0.056487
-0.189859
-0.647922
-0.132688
-0.185030
-0.380353
-0.526051
-0.430933
-0.409186
-0.963174
-0.417875
-0.549914
-0.062967
-0.170028
-0.424808
-0.280178
-0.488542
-0.025372
-0.115895
-0.128528
-0.178965
-0.645591
-0.558544
-0.034804
-0.423705
0.043552
-0.635387
-0.083597
-0.202539
-0.673337
-0.513590
-0.214187
-0.211836
-0.069234
-0.251246
-0.094896
-0.084040
0.018898
-0.176014
-0.627655
-0.155934
-0.186224
-0.258550
-0.218915
-0.101014
-0.257194
-0.264736
-0.727502
-0.534824
-0.087278
-0.072288
-0.229077
-0.062379
-0.482443
-0.325310
-0.121616
-0.755294
-0.435579
-0.096512
-0.318981
-0.198623
-0.158370
-0.422334
-0.336113
-0.010807
-0.692311
-0.289416
-0.343445
-0.198418
-0.061492
-0.503685
-0.489348
-0.079841
-0.843704
-0.107766
-0.622342
-0.135853
-0.159536
-0.236130
-0.631611
-0.454138
-0.224428
-0.726713
0.011921
-0.820381
-0.817593
-0.221468
-0.166053
-0.279745
-0.054954
-0.233002
-0.356300
-0.158041
-0.141657
-0.107201
-0.853100
-0.216699
-0.702972
-0.049317
-0.191913
-0.085049
-0.046022
-0.098527
-0.723991
-0.444582
-0.042782
-0.128688
-0.109494
-0.245315
-0.009889
-0.601331
-0.196983
-0.187570
-0.230044
-0.318142
-0.148069
-0.532195
-0.627491
-0.525516
-0.240239
-0.149621
-0.025302
-0.172090
-0.209406
-0.433304
-0.076992
-0.293093
-0.368418
-0.538566
-0.142538
-0.284919
-0.251687
-0.644344
-0.303612
-0.126818
-0.161341
-0.510687
0.037620
-0.347165
-0.509706
-0.099230
-0.085041
-0.650799
-0.182692
-0.214110
-0.546124
-0.417512
-0.265746
-0.779438
-0.204445
-0.184940
-0.037466
-0.332603
-0.410564
-0.034618
-0.097641
-0.635802
-0.144822
-0.073913
-0.581863
-0.271495
-0.728577
-0.156130
-0.087834
-0.083109
-0.392951
-0.210323
-0.610181
-0.125800
-0.037503
-0.708647
-0.174113
-0.529852
-0.201353
-0.285853
-0.173072
-0.367894
-0.615575
-0.116558
-0.326144
-0.210192
-0.169026
-0.378266
-0.692671
-0.187209
-0.583707
-0.228645
-0.124619
-0.196143
-0.244404
-0.303264
-0.150684
-0.086826
-0.414545
0.070199
-0.096403
-0.223664
-0.281784
0.042037
-0.543339
-0.548018
-0.545049
-0.420971
-0.156019
-0.649456
-0.100449
-0.078162
-0.356376
-0.155121
-0.386693
0.004325
-0.142927
-0.193482
0.009501
-0.102748
-0.814477
-0.158427
-0.365647
-0.456576
-0.593247
-0.289775
-0.463195
-0.370207
-0.028856
-0.721085
-0.198710
-0.637397
-0.095987
-0.208661
-0.188592
-0.171412
-0.398609
-0.209846
-0.413721
-0.526502
-0.155125
-0.013975
-0.677937
-0.413247
-0.287046
-0.146648
-0.029872
0.053414
-0.088099
-0.513953
-0.666902
-0.582689
0.018281
-0.947582
-0.166918
-0.263071
-0.105004
-0.266083
-0.254906
-0.004086
-0.426452
-0.376000
-0.295737
-0.152712
-0.299267
-0.235929
-0.695514
-0.297099
-0.411669
-0.594705
-0.031600
-0.421800
-0.253982
-0.204933
-0.044623
-0.250489
-0.317203
-0.399380
-0.593081
-0.251031
-0.141735
-0.155747
-0.279455
-0.096071
-0.240255
-0.161764
-0.094903
-0.563737
-0.074503
-0.172864
-0.219650
-0.226730
-0.366882
-0.236422
-0.789676
-0.614784
-0.815811
-0.457404
-0.403790
-0.167373
-0.163242
-0.604607
-0.464296
-0.730258
-0.420753
-0.360117
-0.553894
-0.815405
-0.224151
-0.264065
-0.291076
-0.937867
-0.520918
-0.079173
-0.095440
0.067505
-0.072599
-0.538498
-0.173771
-0.201149
-0.624548
-0.293805
-0.243191
-0.369229
-0.318090
-0.155244
-0.740759
-0.070972
-0.036211
-0.093862
-0.396328
-0.393709
-0.235920
-0.359475
-0.063605
-0.656223
-0.661492
-0.228428
-0.523394
-0.755707
-0.273087
-0.275906
-0.565702
-0.368525
-0.077312
-0.799633
-0.098199
-0.131986
-0.007587
-0.610689
-0.519982
-0.364291
-0.123872
-0.143871
-0.385278
-0.085947
-0.537442
-0.247535
-0.075127
-0.177889
-0.201374
-0.255182
-0.244273
-0.312530
-0.124712
-0.668661
-0.190173
-0.178890
-0.490132
-0.031589
-0.093085
-0.079318
-0.207817
-0.548393
-0.347053
-0.671272
-0.101334
-0.363146
-0.849702
0.056130
-0.268025
-0.247466
-0.683950
-0.154140
-0.161051
-0.046574
-0.443992
-0.150824
-0.235305
-0.328900
-0.087196
-0.649479
-0.044685
-0.558021
-0.056099
-0.369503
-0.447098
-0.439130
-0.777491
-0.770536
-0.375545
-0.095085
-0.565478
-0.300537
-0.025412
-0.278999
-0.407085
-0.130060
-0.157321
-0.278797
-0.251105
-0.032246
-0.093867
-0.083780
-0.129221
-0.358221
-0.295018
-0.331247
-0.544741
-0.454840
-0.754718
-0.209853
-0.625088
-0.276311
-0.113564
-0.395883
-0.545310
-0.197068
-0.402953
-0.798014
-0.187756
-0.025088
-0.030423
-0.287881
-0.395838
-0.272387
-0.267247
0.035048
-0.793987
-0.067980
-0.182256
-0.628715
-0.042838
-0.258534
-0.960063
-0.433472
-0.420582
-0.543555
-0.296758
-0.619512
-0.230019
-0.752083
-0.137182
-0.313435
-0.340174
-0.504219
-0.122337
-0.357513
-0.126066
-0.515845
-0.147679
-0.689263
-0.405765
-0.611996
-0.363794
-0.659250
-0.700696
-0.409514
-0.489185
-0.667740
-0.092785
-0.096419
-0.569469
-0.289733
-0.202619
-0.385101
-0.789378
-0.701590
-0.215300
-0.268747
-0.505437
-0.453527
-0.426704
-0.061068
-0.595168
-0.163493
-0.286522
-0.128983
-0.176010
-0.247975
-0.449683
-0.554122
-0.015457
-0.625254
-0.549308
-0.071552
-0.045923
-0.339483
-0.528101
-0.119108
-0.874072
-0.188101
-0.210417
-0.315673
-0.113358
-0.066404
-0.538984
-0.890290
-0.133786
-0.698154
-0.549634
-0.078772
-0.529015
-0.518819
-0.187021
-0.100493
-0.122751
-0.163101
-0.314612
-0.445968
-0.195458
-0.060920
-0.503218
-0.178379
-0.759577
-0.196905
-0.167509
-0.191277
-0.757588
-0.190701
-0.368110
-0.654237
-0.094435
0.017231
-0.389816
-0.441091
-0.303266
-0.137873
-0.241188
-0.106870
-0.436397
-0.033763
-0.645442
-0.083027
-0.240895
-0.527101
-0.092755
-0.127904
-0.297809
-0.401410
-0.140246
-0.587505
0.050008
-0.197639
-0.279148
-0.229703
-0.159220
-0.138537
-0.274494
-0.540671
-0.137045
-0.271332
-0.905043
-0.560299
-0.095646
-0.532066
-0.102407
-0.238727
-0.088239
-0.119488
-0.110003
-0.555919
-0.190795
-0.574456
-0.042050
-0.150760
-0.714841
-0.096720
-0.358706
-0.148313
-0.757849
-0.438990
-0.134169
-0.116312
-0.182532
-0.132945
-0.414778
-0.314082
-0.379217
-0.464785
-0.001045
-0.666643
-0.315262
-0.318510
-0.310615
-0.511125
-0.282001
-0.042124
-0.342915
-0.082865
-0.231807
-0.383848
-0.143228
-0.629271
-0.091714
-0.358427
-0.744155
-0.163673
-0.579820
-0.043052
-0.659074
-0.188141
-0.577382
-0.084791
-0.171360
-0.130312
-0.199573
-0.721989
-0.423319
-0.303497
-0.299175
-0.174755
-0.701459
-0.159789
-0.716746
-0.320341
-0.211868
-0.085363
0.013043
-0.209772
-0.591074
-0.329020
-0.842411
-0.205020
-0.441640
-0.304175
-0.470216
-0.088816
-0.156838
-0.118108
-0.255224
-0.133382
-0.051157
-0.129368
-0.331255
-0.566181
-0.103816
-0.621080
-0.274286
-0.174571
-0.348959
-0.030298
-0.588022
-0.159873
-0.813627
-0.037121
-0.851780
-0.647077
-0.172279
-0.146651
-0.158636
-0.202563
-0.108604
-0.179018
-0.373231
-0.120500
-0.065111
-0.643162
-0.693147
-0.728705
-0.120593
-0.482657
-0.486209
-0.282612
-0.287105
-0.393311
-0.267502
-0.169331
-0.548648
-0.584119
-0.123564
-0.557702
-0.264822
-0.073906
-0.109834
-0.041136
-0.278416
-0.486306
-0.158376
-0.429523
-0.568821
-0.119402
-0.099497
-0.233101
-0.588049
-0.471251
