1
99
-0.232653
0.047501
-0.127503
-0.402096
0.165092
-0.276363
-0.194811
-0.151793
-0.061788
0.476801
-0.269101
-0.132114
-0.307209
-0.637459
-0.036877
0.276640
-0.063835
-0.105172
-0.224643
0.474991
-0.049511
-0.153134
-0.401674
0.075110
0.050307
-0.139053
-0.101622
-0.023651
-0.263983
-0.097976
-0.450139
-0.578841
-0.112839
-0.037533
-0.173661
-0.035216
-0.132595
-0.119898
-0.066445
-0.306811
-0.177898
-0.031769
-0.266880
0.366043
-0.502806
-0.028717
0.034699
0.289128
0.023254
-0.303462
-0.303358
0.327346
0.037610
-0.176745
-0.289707
0.088949
-0.059800
-0.270825
0.345342
0.186677
0.259380
0.099021
0.379610
0.113495
0.116492
-0.098371
0.006441
-0.145192
0.238055
0.222499
-3.307684
0.648639
-1.021382
-0.441833
-0.425198
-0.618735
0.181703
-0.098978
-0.551760
-1.497137
-1.850907
0.474820
-0.368840
0.391023
-1.243576
-1.889489
-2.927964
-3.354326
-4.807436
-3.849151
-5.059826
-5.103528
-5.124021
-5.111684
-3.805684
-5.315652
-5.261950
-4.886210
-3.249295
