1
512
0.082065
-0.099541
0.033644
-0.045818
-0.011079
-0.107842
0.061999
0.154156
0.013160
0.026780
0.239234
-0.013427
-0.121095
-0.097543
-0.015796
0.119354
-0.123879
0.085861
0.034646
0.142184
0.149525
0.184468
-0.024514
-0.075385
-0.191322
-0.076693
-0.059169
-0.085180
-0.129106
0.038506
-0.022549
0.054407
0.038653
-0.100763
-0.095702
0.058932
-0.069751
-0.120600
0.136278
0.100237
0.002679
0.219384
0.073831
-0.127243
0.073992
0.103434
0.009556
-0.058668
-0.200241
0.057520
-0.161304
0.060008
0.010941
0.036718
0.043291
0.026975
-0.203291
-0.141128
0.131828
-0.046202
0.073452
-0.126211
-0.054902
-0.080107
-0.062739
0.069586
-0.109292
-0.003764
-0.092925
-0.183728
-0.115927
0.143598
0.066785
0.198191
-0.039422
0.031730
0.072991
0.037454
-0.035717
-0.092252
0.015565
-0.101490
0.086672
0.028298
0.035078
-0.032020
-0.017501
-0.034545
0.288167
0.187479
-0.219068
0.003026
0.174614
-0.167666
-0.009121
0.008866
0.242316
0.037977
0.178089
-0.072831
-0.027968
-0.071622
0.207540
0.056121
-0.042749
-0.064862
-0.255520
0.093810
0.018436
0.014050
-0.130315
0.138685
0.052403
0.033799
0.086131
-0.112983
-0.197381
0.080736
-0.101813
0.056229
0.025529
-0.040866
0.116941
-0.064343
-0.079094
0.040923
-0.023965
0.105574
0.139705
-0.006750
-0.063792
-0.039134
-0.091682
-0.013676
0.013682
0.019776
0.078018
0.067804
-0.040485
-0.058616
-0.074220
0.150325
0.081104
0.103477
-0.026603
0.141189
0.149842
0.070728
0.103013
-0.034777
-0.146005
0.195796
-0.192524
0.081056
-0.098019
0.088744
-0.113800
-0.209024
0.010089
-0.124429
0.042313
0.126259
-0.199994
-0.105221
-0.015745
0.012438
-0.054762
0.081531
-0.062457
-0.209643
-0.155801
0.149935
0.015463
0.070987
-0.081091
-0.087779
0.041347
-0.035403
-0.010241
0.083955
0.199399
0.217123
0.007251
0.151159
-0.047886
0.064198
-0.176675
-0.146724
0.048704
-0.023207
0.021037
0.149851
-0.136685
0.016224
0.026925
-0.000363
-0.124827
0.079783
-0.124280
0.224397
0.081019
-0.145405
0.133592
0.325355
-0.070864
0.197438
-0.037230
0.079928
0.039446
0.033630
-0.066008
-0.162843
0.111360
-0.097993
-0.049546
-0.047967
0.013438
0.068960
-0.042296
-0.005131
0.098197
-0.041273
-0.043028
-0.069412
0.008258
-0.107607
-0.030693
0.204247
-0.000225
-0.005760
-0.068550
0.216242
0.138074
0.000650
-0.174345
0.087591
-0.000778
0.000434
-0.069195
-0.031161
-0.116368
-0.002325
0.158068
-0.136120
-0.099796
0.104290
0.062609
-0.013629
0.160671
-0.217374
-0.043554
0.096048
0.027357
0.054528
-0.253480
0.081343
0.035708
-0.001153
-0.166514
-0.017558
0.113170
0.095208
-0.068354
-0.001856
-0.042912
-0.235540
0.260997
-0.005257
0.163141
0.113959
-0.258059
0.019786
-0.077435
-0.031620
-0.194761
0.013320
0.128602
0.250756
-0.120757
-0.055477
0.104995
-0.028696
0.177371
0.021687
0.149860
0.017162
0.016359
0.129165
-0.066919
-0.034482
-0.013898
-0.104681
-0.034385
0.205388
-0.012237
0.000743
0.042589
-0.020646
-0.051452
-0.216327
-0.065719
-0.175972
0.334006
0.168035
0.078017
0.072067
-0.078799
-0.061485
0.071561
0.072190
0.079472
-0.039447
-0.100601
0.122968
-0.027609
0.004364
-0.117282
0.180205
-0.012930
0.088030
0.089828
0.154153
0.009361
-0.043402
0.003325
0.147083
-0.077146
0.317064
0.180209
-0.148866
-0.169187
-0.074666
-0.021879
0.118603
0.026237
-0.056396
0.175112
-0.060629
0.016815
-0.009243
-0.072386
-0.050124
0.132555
-0.046591
-0.114126
-0.069321
-0.031773
0.075326
0.069226
-0.071190
0.068836
0.074909
0.032549
0.060042
-0.017402
-0.028798
0.060806
-0.042059
-0.050121
-0.162735
-0.108694
-0.100043
-0.033317
-0.115274
0.072126
0.073804
-0.175488
-0.156037
0.150254
-0.125022
-0.360985
-0.130173
-0.082487
0.043098
0.060872
0.137385
-0.070726
0.015096
-0.112793
0.076708
-0.049844
-0.145764
0.134397
-0.147146
-0.068253
-0.023172
0.007493
0.088552
-0.087832
-0.073253
-0.129893
-0.053848
-0.034981
0.005160
-0.008590
0.002256
-0.109603
-0.066508
-0.130267
0.116600
0.101052
0.125836
0.259192
-0.022976
0.039695
-0.042210
-0.035790
0.010912
-0.180422
0.106402
0.142730
-0.090397
-0.063677
-0.036808
0.208592
-0.036568
0.034430
0.102727
-0.015479
0.049586
-0.181351
-0.083845
0.069919
0.061314
-0.062292
0.007706
0.013761
-0.136377
0.046975
-0.123088
0.208013
0.129185
-0.217852
-0.020946
0.029020
-0.264590
0.060618
0.036762
-0.063669
-0.049786
-0.049835
-0.045501
0.257192
-0.084401
0.043592
0.080333
0.133013
-0.182695
0.101644
-0.046043
0.016108
-0.079898
0.145467
-0.037155
0.121883
0.058117
-0.213292
-0.048319
0.018153
-0.095727
-0.138151
-0.108793
0.069087
-0.161978
0.122069
0.146056
-0.031433
-0.004359
-0.051188
-0.140163
0.050417
-0.038562
-0.180729
-0.182092
0.088252
-0.074239
0.065585
0.036611
-0.168892
-0.115217
0.058596
0.045704
-0.213001
0.086480
0.053918
-0.119327
0.005454
-0.129550
0.092895
-0.157215
-0.001547
-0.230920
-0.125703
-0.053844
-0.056797
-0.069517
0.089535
-0.204353
0.004037
0.019080
-0.175766
-0.098218
-0.206021
-0.022530
0.137795
0.086641
0.212644
-0.133557
0.011824
-0.203698
0.030056
0.021122
