1
512
0.132794
0.036188
-0.074444
-0.162710
-0.352153
-0.128279
0.057414
-0.090911
-0.145984
0.265686
0.031893
-0.002245
-0.038428
0.070884
0.147443
-0.289655
0.108991
-0.320928
0.031383
-0.097783
-0.002692
0.276340
-0.563840
-0.189654
-0.239216
-0.183472
-0.296893
-0.105132
-0.072133
-0.355883
-0.107954
-0.076082
-0.525462
0.030305
0.331429
-0.028704
0.126839
-0.094350
0.202208
-0.196021
0.118843
0.026279
-0.166187
0.374608
-0.091254
-0.033702
-0.001932
-0.044959
0.472347
-0.208877
0.461867
-0.142641
0.503148
-0.166784
-0.027376
0.488427
0.063839
0.401057
0.033647
0.058981
-0.750001
0.440014
-0.360201
0.238434
-0.089735
0.116671
-0.370174
-0.171710
-0.023229
-0.405983
0.151035
-0.336259
0.043312
0.033669
-0.236765
0.029965
-0.006114
-0.045169
-0.020650
0.420063
0.069876
0.333208
-0.215157
-0.301404
-0.090877
-0.217330
-0.120587
-0.113301
0.115622
0.309603
0.059741
-0.011656
0.129871
0.067476
0.126145
-0.356321
-0.305882
0.247145
0.305577
0.081577
0.317289
0.252518
0.059473
-0.110540
-0.174405
0.102781
0.250459
-0.527882
-0.013699
-0.418973
0.031414
-0.055067
0.536639
0.473619
-0.407303
0.195717
0.294081
-0.306860
0.464270
-0.079149
-0.264690
0.211576
0.309144
-0.187883
-0.416887
0.081033
0.106544
0.036497
0.065497
0.133803
-0.306126
0.176258
0.110990
0.000743
0.054622
-0.360934
0.183672
0.122717
-0.025634
-0.152313
-0.512230
0.398206
-0.086129
-0.262612
0.095481
0.536558
0.494731
0.233545
0.418877
0.217117
-0.368546
0.187109
0.298926
0.003313
-0.232536
0.003868
0.083283
-0.036662
-0.173531
0.100020
0.059960
0.197829
0.070918
-0.187724
0.106092
-0.309201
0.207132
0.029305
0.099616
-0.063393
0.298959
0.031042
-0.179051
-0.056797
0.273735
0.368111
0.210769
-0.240473
0.118203
0.152076
0.014138
0.084892
0.271076
0.040997
-0.155192
0.150660
-0.068413
-0.401652
0.159501
0.009091
0.081168
0.018438
-0.132490
0.279594
-0.029397
0.004552
-0.046031
0.223091
-0.032995
0.027972
-0.027846
-0.143977
-0.039176
0.288481
-0.218644
0.370419
0.044877
0.210997
0.204371
0.211067
0.137868
-0.329073
-0.192725
-0.301428
0.249330
-0.134941
-0.048277
-0.262717
-0.268386
-0.087272
0.118690
0.218766
-0.282911
-0.042393
-0.103001
0.233968
0.313649
0.001439
-0.535702
0.003939
0.054302
-0.220666
-0.120592
-0.225947
-0.155608
0.011597
0.230374
0.268473
-0.528722
-0.163081
-0.085803
0.352644
0.158249
-0.107276
-0.348820
-0.130758
-0.178494
-0.022445
-0.153403
0.691752
-0.190555
0.085932
-0.180948
-0.248819
0.009772
0.451610
0.249090
0.137483
-0.297331
0.009128
-0.241890
-0.320266
0.082753
-0.380769
0.134961
-0.182550
0.282934
0.486982
-0.006146
0.231136
0.040673
0.158682
-0.191669
-0.134462
0.278945
0.017373
0.007630
0.486927
0.112235
0.028289
0.350378
-0.407082
0.447234
-0.253135
-0.250522
-0.130972
-0.121100
0.333961
0.007809
-0.268877
0.033771
0.063993
0.172756
-0.210590
-0.504222
0.045356
-0.252130
-0.013803
-0.092690
-0.133769
-0.025391
-0.310159
0.016674
0.907650
0.377592
0.064631
0.206086
-0.121364
-0.032506
-0.107558
-0.054157
0.170940
0.173395
-0.090149
0.036262
-0.332443
0.300449
-0.453211
-0.075596
-0.073958
0.162769
-0.046052
0.171221
0.022481
-0.212814
-0.065869
0.318147
0.245524
0.617563
-0.066797
-0.098531
0.486722
-0.357805
-0.484002
-0.081081
-0.397464
-0.145827
0.101728
0.051335
-0.103104
0.433795
-0.185607
0.302183
0.338528
0.421589
-0.160758
-0.001461
0.258204
-0.074067
-0.355198
-0.373368
-0.490773
0.132352
-0.329505
0.178057
0.057933
-0.143787
0.202583
-0.022925
0.103472
0.354284
0.247591
-0.303047
0.137608
0.125617
0.077688
-0.344691
0.419874
-0.129281
0.009166
-0.145079
0.070859
-0.098336
0.562626
-0.090043
-0.572640
0.278591
-0.058989
0.289405
-0.081225
-0.109383
-0.086107
0.037812
-0.131011
0.223476
-0.136962
0.010081
0.098480
-0.120497
-0.237187
0.342782
0.223894
0.252241
-0.223666
-0.686832
0.160159
-0.056848
-0.184615
-0.323595
0.007613
-0.471516
-0.363900
-0.041876
0.046612
-0.003712
-0.096089
0.240817
-0.048349
-0.077747
0.078244
-0.576127
-0.057341
-0.204870
0.170847
0.153196
-0.274559
-0.050923
0.189059
0.061386
-0.261426
-0.088217
0.204419
-0.607391
-0.007612
-0.001494
0.016027
-0.440592
-0.241235
-0.140023
-0.076676
0.184193
0.124627
0.131050
-0.293493
-0.201877
-0.271229
-0.496087
0.120183
-0.172277
0.038661
0.446713
0.729308
-0.585131
0.258665
0.087328
0.068643
-0.013862
0.144147
0.285081
-0.601621
0.066372
0.184354
-0.338475
0.300005
-0.115693
0.474806
-0.063926
-0.118693
-0.152902
0.270970
-0.018008
0.186599
-0.163155
0.805017
0.073799
0.021162
0.074591
0.277606
0.018692
-0.129479
0.080887
-0.092244
0.317516
-0.043389
-0.131602
-0.380202
-0.303482
0.307411
-0.473529
-0.035090
-0.080042
-0.038103
0.487068
-0.578143
-0.160037
-0.193804
0.123169
0.014940
0.095609
0.471086
0.161964
0.346572
0.036353
-0.146394
-0.305383
0.279902
0.222504
0.439942
-0.417727
0.453466
-0.063268
0.114161
0.493807
-0.280557
-0.036969
-0.360864
-0.136363
-0.369167
-0.086475
-0.350507
-0.342820
-0.376677
