1
512
0.415233
0.803386
0.076106
0.497798
-0.669639
-0.156716
-0.126484
-0.274875
-0.095960
0.151537
0.467540
0.388681
0.021754
-1.012765
-1.074285
0.239385
-0.091937
-0.547015
0.477027
0.588126
-0.359322
-0.212245
0.015023
-0.474457
0.686627
1.243352
0.323867
1.778994
0.109390
-0.593677
-0.168442
0.777214
0.825992
0.131417
-1.462310
0.587395
0.035184
-1.066606
-0.987125
-0.724729
-0.285714
-0.706865
0.648974
0.482079
-0.834531
0.375796
0.502860
-0.360431
-0.915094
0.319420
-0.352711
0.201842
-1.048603
-0.036459
0.414038
-0.157704
-0.402056
-1.057790
0.085936
-0.115914
-0.075708
0.152606
0.395600
-0.839571
0.593127
0.357670
-0.869989
-0.242001
-0.525121
0.176385
0.008268
0.835315
0.636985
0.179664
0.058735
0.108125
0.237620
-0.114610
0.004252
1.081592
0.453051
0.624873
-0.463653
0.142435
-1.118588
-0.099806
-0.314200
-0.032892
-0.207026
0.169159
0.301164
0.013527
-0.565417
-0.306968
1.389310
0.479007
-0.047121
-0.134881
-0.543036
0.981267
-0.420298
0.589590
-0.440547
-0.404816
0.252059
-0.614502
-0.154978
0.009073
0.148045
-0.179329
0.464929
-0.775172
-0.750267
0.548194
-0.470632
-0.572594
0.315415
0.004598
0.471013
0.644846
0.257593
0.824098
-0.483034
-0.242786
-0.000592
0.011340
-0.587323
0.244934
0.729205
0.286385
0.132642
-0.414872
-0.361703
-0.263843
-0.013837
-0.036005
0.642586
-0.168892
-0.783392
-0.158813
1.391268
0.213403
1.284577
0.243146
0.295212
-0.928973
-0.214029
-0.179254
-0.089663
-0.304430
-0.012847
1.194230
0.127918
-0.456014
0.142540
0.106042
-0.699778
-0.214784
0.187936
0.681542
-0.280135
-0.114660
0.044503
0.437650
0.963579
-0.667423
-0.041201
0.108017
0.944076
-0.123284
0.384814
-0.092379
-0.446253
0.000527
0.134156
-0.322876
-0.119638
-0.390882
0.296207
0.250782
0.960024
0.520803
-0.326555
0.604677
0.393490
0.286397
-1.129602
0.291191
1.131986
1.070259
0.452825
0.500401
-0.195599
-0.142336
-0.006990
0.476716
0.179290
-0.326341
-0.141183
-1.021631
0.643531
-0.348463
-0.833540
-0.589078
0.310948
0.180151
0.233921
0.184765
0.205468
1.227359
0.916379
0.028525
0.082653
1.016547
0.527415
-0.019981
0.101157
-0.156600
-0.021584
1.114745
1.002438
-0.126880
-1.109648
0.112040
-0.700574
-0.150642
0.782584
-0.193087
-0.895450
0.608561
-0.173899
0.569274
1.003607
0.382950
-0.169106
0.808978
0.129281
-0.099166
0.580837
-0.066872
-0.373524
0.324963
0.109288
0.529688
0.500807
-0.885285
0.476270
-0.478470
-0.110984
0.581507
-0.523650
-0.229439
0.241643
1.012107
0.083029
0.118769
0.267267
0.075955
-0.111272
0.270951
0.284789
1.153161
-0.097346
0.171984
0.403126
0.457385
0.389723
0.210996
-0.466763
0.150251
-0.734925
-0.219282
0.166133
-0.561774
0.821771
-0.811155
0.864675
0.891187
-0.178735
-0.527439
-0.008232
-0.527567
-0.992593
0.535434
0.614173
0.640487
0.627892
-0.475389
0.396603
-0.177529
0.392344
-0.142173
0.081843
-0.751265
-0.597122
0.224485
-0.197220
-0.848305
-0.154699
-0.827687
-0.691871
1.030978
1.292990
-0.522721
-0.927626
0.240144
0.560879
-1.183636
0.481366
-0.525896
-0.090626
0.554534
-0.585577
0.394291
0.418242
1.338876
0.175005
-0.295562
-0.064731
-0.048091
-0.371827
0.083074
0.420014
0.209586
-0.411821
0.466381
0.271724
0.672806
0.905529
0.037702
1.010474
-0.501082
-0.286214
-0.630939
-0.014094
0.743652
0.461204
0.417893
-0.285004
-0.027128
0.008703
0.030185
0.487039
0.691833
-0.145627
-0.716433
-0.835760
0.519481
-0.211245
-0.144373
0.280288
-0.276185
-0.080912
-0.238113
0.565424
0.870538
-0.183787
-0.169121
-0.179281
0.714650
0.418147
0.303815
0.668620
0.836197
0.506979
-0.085882
0.138354
0.125046
-0.272362
0.143261
-0.849827
-0.829802
0.692828
0.911408
-0.201053
1.157332
1.589355
0.391168
0.355411
-0.017174
-0.805136
0.258876
-0.341265
0.051315
0.276071
-0.719109
-0.088903
-0.935635
0.266597
-0.775142
-0.217785
0.662447
0.668794
-0.374272
-0.080598
-0.358616
0.511873
-0.090169
0.302290
-0.926683
-0.997891
0.131615
-0.476718
0.916146
0.220737
-0.139692
0.303557
-1.132829
-0.495761
0.663409
-0.664084
-0.734493
0.321845
0.196960
0.379309
-0.080722
0.244397
-0.309004
0.660997
-0.038462
0.129353
0.584161
-0.237960
0.182269
0.548863
0.281939
0.128247
0.219568
-0.324840
0.634396
0.386559
1.021435
0.878422
0.180603
0.454294
-0.101030
-0.849602
-0.502034
-0.157935
-0.236551
-0.771286
0.000391
0.505788
0.037946
-0.566592
0.190389
-0.023251
0.341488
-0.470616
0.174867
0.434825
0.131199
0.145610
0.586554
0.538007
0.941115
0.097015
-0.125317
-0.354485
-0.206481
0.080491
-0.445404
-0.342517
-0.025657
0.680145
-0.137850
-0.154933
0.732893
-0.247393
0.473128
-0.625501
0.179080
0.439995
-0.270632
-0.453506
0.162818
-0.407252
-1.032143
0.036504
0.614586
0.509268
0.520904
-0.120006
0.463799
0.117626
0.072946
-0.141716
0.453800
-1.060562
0.500281
1.121916
0.045513
-0.147771
-0.320361
0.031204
0.211444
-0.087841
-0.601737
-0.621414
0.081893
-0.101245
0.074393
-0.726447
-0.079559
-0.444853
-0.246455
1.183761
0.359874
0.753130
0.709688
1.156686
-0.070338
