1
512
-0.198771
-0.191338
-0.101167
-0.589429
0.067178
-0.258509
-0.538665
-0.313094
0.057656
-0.134547
-0.192823
-0.336778
-0.080778
-0.586726
-0.524316
-0.352394
0.455861
0.348969
0.468764
-0.120558
-0.102575
-0.125491
-0.416249
-0.369751
-0.593129
-0.074370
-0.118413
-0.287928
-0.049031
0.435051
-0.423223
-0.281662
-0.385397
-0.162511
-0.021583
0.148654
0.029964
-0.585073
-0.173476
-0.196777
-0.064397
-0.130469
0.064471
0.017330
-0.104686
-0.143642
0.199859
-0.332160
-0.301278
-0.052267
0.032035
-0.313293
-0.289028
-0.245121
-0.159485
-0.134169
-0.401219
-0.258116
0.019120
-0.277829
-0.046556
-0.463860
-0.220884
0.013123
-0.243036
-0.539264
-0.560438
-0.452057
-0.265699
-0.216237
-0.316594
-0.116399
-0.198772
0.041617
0.124653
-0.380695
-0.510085
-0.056504
-0.087024
0.259513
0.065141
-0.315148
-0.761114
-0.058584
0.175679
0.246131
0.101036
0.157204
-0.468678
0.574024
-0.626066
-0.236132
-0.664418
0.245097
-0.056371
-0.197835
-0.895681
0.269978
-0.462351
-0.239853
-0.202071
-0.341280
0.224996
-0.055404
-0.289870
0.163745
-0.207705
0.305604
-0.713807
-0.098055
-0.512978
-0.363185
-0.228425
-0.299885
0.290818
-0.245759
-0.086373
-0.334511
-0.347709
-0.018533
0.125605
-0.038558
-0.012605
-0.386394
-0.299396
-0.228651
-0.323425
-0.173099
-0.000852
-0.119354
-0.354117
-0.098724
0.147568
0.059149
0.156244
0.256016
-0.322525
0.190606
-0.315165
-0.124463
-0.562997
-0.602388
-0.077151
0.349971
-0.108885
0.028965
0.000716
-0.060315
0.010205
-0.142738
0.505558
-0.226812
0.037286
-0.008799
0.139782
-0.088389
-0.395364
0.269833
0.152150
-0.367338
0.296872
-0.299350
-0.634102
-0.282188
-0.304522
-0.227893
-0.434339
-0.515919
-0.398430
0.080167
-0.149572
0.518558
-0.563354
-0.017539
-0.535012
-0.119052
0.040594
-0.300166
-0.221060
0.000143
0.027045
-0.212726
-0.313567
0.020017
-0.478103
0.184072
-0.417697
-0.111829
0.136778
0.076536
-0.149338
-0.377152
-0.131343
-0.296126
0.300540
-0.012671
-0.279510
-0.013016
-0.195570
0.004427
-0.304761
-0.099770
0.548656
-0.447371
-0.696530
-0.308033
-0.497239
-0.186421
0.145482
-0.322215
0.087004
0.276355
-0.112093
0.214653
0.117503
-0.369550
-0.500025
0.546177
-0.145314
-0.539922
-0.247019
-0.063572
-0.193596
-0.381576
-0.324562
-0.678374
0.238869
-0.285051
-0.038336
-0.254296
-0.401382
-0.237603
-0.519845
-0.272046
-0.213405
0.112381
0.061431
-0.298596
-0.008253
0.148242
-0.274423
0.243628
-0.474942
-0.132501
-0.156259
-0.271344
-0.226064
0.403451
-0.371857
-0.530130
0.075484
-0.206022
-0.470186
-0.313140
-0.486510
0.419583
0.212162
-0.214652
-0.293429
0.099288
-0.090405
0.719429
-0.405684
0.239005
-0.346177
-0.104583
-0.046794
0.155211
-0.268188
0.371537
0.125291
0.162282
0.010127
0.397281
-0.204012
0.020093
0.035898
-0.275453
-0.619004
-0.134225
0.086333
-0.221780
-0.260805
-0.373006
0.383943
-0.302105
0.017642
0.131241
-0.019622
-0.544814
-0.041841
0.228702
-0.094720
-0.242561
-0.049215
0.306622
-0.324926
0.609279
-0.375144
-0.012530
0.083084
-0.387826
-0.141754
-0.001392
0.009325
-0.058156
-0.337050
0.400994
0.052704
-0.194510
-0.611434
0.260731
-0.285116
-0.224694
0.201065
-0.551572
0.151775
0.000769
-0.188533
-0.463752
-0.002361
-0.539276
0.078604
-0.018388
-0.261975
-0.241517
-0.052052
-0.173742
-0.011763
0.496005
-0.116195
0.006223
0.078130
0.050353
0.007220
0.188903
0.478639
0.020530
-0.342825
0.167883
0.296731
0.037765
-0.040293
0.100714
-0.037316
0.093094
0.035724
0.100960
-0.136972
0.186034
0.190963
-0.314002
-0.008761
0.369728
-0.405337
0.219953
0.010074
0.341300
-0.535797
-0.202601
-0.089172
-0.075551
0.128293
-0.332645
0.400364
-0.375884
-0.507920
-0.033963
0.179065
-0.081730
-0.275569
0.572726
0.286074
-0.216180
-0.689987
-0.416007
-0.452051
-0.459975
-0.016299
0.000038
0.049856
0.354971
-0.296757
-0.660556
0.170114
-0.256918
-0.089975
-0.034229
-0.198308
-0.553700
-0.060638
0.229140
0.078198
0.491737
0.137587
-0.002054
-0.178015
-0.156931
-0.172731
-0.397610
0.126865
-0.401181
0.129992
-0.041276
0.078963
0.245868
0.019494
-0.275651
-0.083845
-0.212579
-0.025301
0.308988
0.114029
-0.059701
-0.028353
0.001134
-0.007363
0.202006
-0.677513
-0.038113
-0.524899
0.190703
0.145957
-0.429252
-0.306569
-0.144143
-0.339794
0.226973
-0.100154
0.031170
0.910682
-0.029129
-0.277077
0.035353
-0.490198
-0.012259
0.331801
0.060201
-0.282596
-0.075236
-0.097968
-0.042205
0.052545
0.108048
0.111612
-0.187624
0.464554
-0.765203
0.018211
-0.433389
-0.201925
-0.841522
-0.209407
-0.422011
0.107713
-0.285458
-0.290293
-0.032929
-0.102640
0.457138
0.177869
0.033756
-0.414129
-0.171646
-0.476499
-0.048025
0.090396
-0.095398
-0.661935
-0.327677
-0.026351
-0.437027
-0.013895
-0.309431
0.107754
0.040573
-0.348886
0.134119
-0.025639
0.055213
-0.323776
0.090213
-0.220241
-0.424090
0.104341
-0.380376
0.158710
-0.102238
-0.115321
0.039174
-0.323348
0.165832
0.049566
0.350238
-0.658417
0.418252
-0.176155
-0.060641
-0.290849
0.096468
0.164069
-0.474534
0.241270
-0.187102
-0.467990
0.231773
-0.222550
-0.185270
0.146345
-0.635578
0.183949
-0.183489
