1
512
-0.634135
-0.049146
0.021674
0.147820
-0.722116
-0.696325
0.170543
0.051019
0.742685
-1.002876
-1.027614
0.045216
-0.689968
0.102818
-0.295163
-1.161355
0.114420
1.123556
0.500304
-0.143941
-0.575756
-0.082263
0.060528
0.466716
-0.551300
0.065845
1.035979
-0.537582
-0.458219
0.486183
0.528748
0.224431
-0.456357
-0.540404
-0.586676
-0.644091
0.774158
-0.835353
0.434314
-0.001992
0.237275
-0.781917
-0.993442
-1.169403
-0.759882
-0.684369
0.397768
-0.577869
0.169851
0.918047
-0.476538
-0.267407
-0.933787
1.405459
-0.622777
0.695844
0.086136
0.825203
-0.102307
-0.121340
0.261160
-0.997044
0.150342
-0.532081
-0.672129
-0.935110
1.363757
-1.393293
0.419883
-0.591152
-0.077750
-0.166818
-0.824616
-0.673536
0.749729
-0.140283
0.784011
0.466721
0.435080
-0.638847
-0.246753
-0.143061
-0.761196
0.525533
1.304536
-0.121135
0.356552
-0.533376
-1.089061
0.049724
0.493243
1.528364
-0.699270
-0.665260
0.543592
0.260730
0.673743
-0.732731
1.145322
-0.491022
0.562620
-1.133668
0.102725
-1.114563
0.217145
0.638306
-0.911715
0.950570
0.352282
0.356725
0.986478
-0.638565
0.594211
-0.511804
0.547147
0.622616
0.302779
0.054348
0.635068
-1.036234
1.290185
-0.164248
0.721483
-0.300037
0.146256
0.229694
0.320414
-0.407570
-0.071877
0.549676
-0.830153
-0.168169
0.994765
0.526383
-0.326540
-0.247169
-0.504268
-1.036746
0.388972
0.129360
0.622785
0.877027
0.121320
-0.722741
0.448641
0.425744
-0.487605
-0.813060
0.491308
0.653693
-0.803355
0.482442
0.908971
0.146479
0.566727
0.184417
0.322935
0.277987
-0.793619
0.540567
-0.973546
-0.097467
-0.813097
0.349553
0.019814
-0.608409
1.365018
0.377923
0.503080
-0.098071
0.976163
-0.446401
-0.378954
-0.638510
0.782177
-0.475371
-0.404019
0.304287
0.120116
1.573082
0.696984
-0.487835
-0.427285
-0.233543
0.795744
2.300109
-0.550477
0.645717
-0.460935
-0.773113
-0.315928
0.307047
0.110132
0.133652
-0.880989
-0.272116
-0.178227
1.332711
-0.774396
0.406406
-0.739188
-0.248910
-0.688327
0.094123
-0.242956
0.593937
-0.108467
-0.804522
-0.574906
0.406213
-0.340414
-0.445601
0.297598
-0.337068
-0.618136
0.640448
0.092118
0.453350
0.291804
0.892269
0.030258
0.268268
0.659864
-0.028817
-0.863586
-0.207296
0.802153
-0.520796
0.095198
-0.412113
-0.861917
0.433269
0.053703
-0.806158
-0.090867
-0.308895
0.279802
0.456854
0.583797
-0.517103
-0.476596
-0.457376
-0.049885
-0.882889
0.217350
0.023358
0.550945
0.711733
-0.327771
0.977492
-0.780360
-0.730103
0.540615
-1.152830
0.080021
0.943026
-0.039890
0.452271
-0.126503
0.213265
-0.928645
-0.273304
0.358355
-0.056990
-0.709423
-0.049531
-0.273812
-0.111787
0.032698
-0.012093
0.226009
-0.051451
-0.364771
0.456774
-0.028779
-0.084567
-0.886607
-0.710767
-0.686971
-0.043674
-0.285123
1.059600
-0.891893
0.680807
-0.062862
0.779378
-0.801191
-0.187230
-0.662071
-0.851798
-0.024389
0.277289
0.310563
1.440032
1.069223
-0.265590
-0.009616
0.535160
0.215971
0.115964
-0.081947
-0.366992
0.349584
-0.200109
1.002374
0.036723
-0.916505
-0.495283
-1.007929
0.006750
0.082488
0.699904
0.369784
-0.284925
0.269961
-0.491620
0.658252
0.778751
-1.008264
0.552724
0.454482
-0.094350
-0.277459
-0.874110
-0.603454
0.009830
-0.508500
0.443538
0.140878
0.254410
1.510373
0.098584
-0.653682
0.860025
1.524233
-1.354003
0.539880
0.736294
0.358222
-0.614070
0.869345
0.364573
0.337654
0.423009
0.812120
0.498796
0.675370
-0.057384
0.035146
-0.737037
0.132754
0.954680
-0.607644
0.279504
0.279074
-0.366639
0.403214
0.382720
0.573082
-0.111976
0.542504
0.290500
-1.229505
-0.775603
0.551397
0.285968
0.865692
-0.742551
0.592599
0.115722
-0.676544
-0.237928
-0.193689
-0.532210
-0.133215
-0.109669
0.251004
0.069351
0.567052
-0.902060
-0.067825
0.915689
0.268147
-0.828115
0.745010
-1.034922
-0.263613
-0.191458
-0.925472
-0.557822
1.402337
0.166608
0.371992
0.388451
-0.226552
-0.221261
0.137557
0.585262
0.357257
0.066104
0.827295
-0.591965
0.558375
-1.165902
0.275407
-0.855682
0.014761
-0.653672
-0.619814
0.026064
-0.866136
0.141076
-0.330047
0.497756
-0.566554
-0.146290
0.279849
0.739054
0.626891
0.343828
-0.621177
-0.147457
0.315966
-0.518078
-0.043797
-0.147777
0.937198
-0.117755
0.856887
0.000744
-0.778599
-1.256224
0.741146
0.382158
0.187193
0.135034
-0.191367
-0.915833
0.119611
-0.327984
0.550683
-0.386145
1.011566
0.274068
-1.036892
0.381843
-0.349986
-0.576435
-0.799742
1.202883
0.482117
-0.568730
0.439595
0.242663
0.133628
-0.480537
-0.528311
-0.250630
0.458752
0.150598
-0.764881
0.711797
0.263543
0.924171
-0.200980
-0.643463
0.069028
0.561521
1.064073
-0.259996
0.711900
0.702158
-0.348726
0.137263
-0.213650
0.383811
-0.758556
-0.273037
0.683635
-0.644761
0.727556
0.450862
-0.292249
-0.166841
-0.364765
0.000749
0.316968
0.574609
0.208370
-0.053341
-1.589972
-0.032718
0.332852
0.423737
-0.432975
-0.286945
-0.730887
-0.495041
0.470863
-0.977930
-0.539310
0.034696
0.561250
1.749285
-0.325668
-0.660023
-0.605976
0.888810
-0.387117
0.645919
0.668108
-1.090698
