1
512
0.031693
0.254772
0.648562
0.162879
0.133298
0.520984
0.549845
0.563999
0.244175
0.372650
0.793534
0.166591
0.010618
0.028839
0.224759
0.112382
1.198234
0.051065
-0.088072
-0.102435
0.344796
0.394265
0.110419
0.060135
0.263636
-0.288789
0.861939
-0.384171
0.527041
0.442061
0.592920
0.389288
0.331474
0.199846
-0.310127
0.352009
0.698451
0.299168
-0.146093
0.283212
0.442973
-0.326386
0.051191
0.969333
0.070048
0.220614
0.318136
0.843597
0.406199
0.197215
0.042686
1.560710
-0.551341
0.088383
0.785743
0.497991
0.592937
-0.041488
0.443416
1.130414
0.364004
0.497059
0.627137
0.180434
0.584991
0.349115
-0.454781
0.673306
0.553590
0.539604
-0.096048
0.141352
0.001300
0.187802
0.429993
0.019637
0.691859
0.130153
0.250448
0.407680
0.231096
0.142788
0.199074
0.000727
-0.116702
0.525976
0.716217
0.115403
0.149415
0.914574
0.244446
0.345492
0.329241
-0.088753
-0.290086
-0.014452
0.345353
1.397926
-0.325553
0.142470
1.024302
1.639354
0.571485
0.461335
-0.160971
-0.324272
-0.004702
0.575529
0.583353
0.512382
-0.049142
0.217548
0.057439
0.370326
0.503698
0.573060
0.147695
0.343939
0.408085
0.623696
-0.096931
0.230895
0.608940
0.120721
0.569535
0.225587
-0.370231
0.392879
0.648215
0.427821
0.529501
0.123805
0.546876
1.179714
0.051376
0.475649
-0.120159
0.168007
0.123248
0.652868
0.011974
0.244035
-0.070494
0.463204
0.057368
0.118882
0.410017
0.311383
0.445618
0.208844
0.022513
-0.052306
0.102977
0.706566
-0.173092
0.648478
0.096966
0.380229
0.552172
-0.062386
0.611414
0.343188
0.359537
0.176638
-0.102427
0.568515
0.487772
0.092552
0.290308
0.380844
0.537182
0.602988
0.294080
0.179992
0.064420
0.406932
0.420152
-0.017004
0.217491
0.602440
0.537088
-0.180572
0.283421
0.232253
0.832649
0.259405
0.062451
0.013725
-0.076639
-0.228192
-0.059707
0.541822
0.353491
0.185857
0.423991
0.291626
0.280448
0.090070
0.695001
-0.091382
0.391207
0.502803
0.206367
-0.478075
0.290933
0.855593
1.266323
0.830405
0.481372
-0.044464
0.087791
0.185675
1.212485
-0.480226
0.365588
0.449450
0.604243
0.332559
0.419768
0.106066
0.137552
0.548922
-0.010711
0.180725
0.639503
0.836668
0.103923
0.488262
-0.123675
-0.026918
0.498375
-0.011810
0.122216
0.439500
0.168155
0.290591
0.301485
0.345302
-0.137718
0.507991
0.524188
0.215779
0.323034
0.577442
0.360164
-0.211197
0.532632
-0.311594
1.457362
0.788883
0.410904
0.475198
0.331852
-0.506572
-0.283943
0.402849
0.320266
0.106652
-0.006269
0.243411
0.325267
1.394125
0.047430
0.581797
0.408544
0.125083
0.532904
0.468991
0.268217
0.476315
0.030470
0.403220
-0.162876
-0.046835
0.102444
0.482423
0.009765
-0.189828
-0.196112
0.131153
0.605346
-0.450489
0.520474
0.130409
0.235302
0.417141
0.511125
0.534443
0.649134
0.596772
0.064363
-0.071011
0.832456
0.126510
-0.012202
0.412834
0.118499
0.306560
0.165282
-0.322796
-0.226985
0.191806
0.005611
0.633439
0.099714
0.462844
0.964629
-0.136671
-0.260813
0.712887
0.473215
0.197218
0.638692
0.763705
0.506336
0.202097
0.368774
0.567583
0.198717
0.291039
0.309432
0.266248
0.437744
0.456356
0.392893
0.246290
0.409176
0.595042
-0.070195
0.387805
-0.028255
0.220875
-0.154920
0.200246
0.323480
-0.306895
0.561990
0.183120
0.162226
0.241444
1.217937
0.317538
0.097700
0.187421
1.012547
0.674923
0.069170
0.417122
0.741232
0.274356
0.018674
0.424017
-0.606916
0.199842
0.580696
0.085917
0.586907
0.473382
0.700139
0.435800
0.102070
0.806212
-0.223298
0.301180
0.542312
0.337009
1.283464
-0.137289
0.664412
0.324541
0.159235
0.459026
0.068562
-0.054142
0.716244
-0.187096
-0.247191
1.518602
0.020775
1.247301
-0.125659
0.443989
0.244523
0.286813
0.587004
-0.208911
0.680428
0.193164
0.634727
0.127429
-0.117251
0.195682
0.412278
0.269357
0.041822
0.417525
0.423552
0.282470
0.712432
-0.025938
-0.061477
-0.120562
0.130465
0.151681
0.138928
0.232188
0.543718
-0.221142
0.446367
-0.020470
0.045712
-0.008391
0.562666
-0.128653
0.364448
0.349447
0.512107
0.092093
-0.167146
0.819812
0.560745
-0.191515
0.694214
0.453162
0.265076
0.512431
0.159558
0.530086
0.488074
0.040692
0.697706
-0.045515
0.103333
0.023480
0.224911
0.761963
0.239745
-0.557118
0.324450
0.113193
0.268441
0.372452
0.743275
0.588224
0.093949
0.180747
0.084675
0.063274
0.193790
0.444083
0.588456
0.525368
0.402726
0.516380
-0.027869
0.155149
0.163185
0.047719
0.379792
0.449749
0.729611
0.068287
0.330775
0.590321
0.550831
0.004979
0.134461
-0.758468
0.200585
0.771906
0.205318
0.481735
0.271184
0.198624
0.423760
0.367277
0.455418
-0.027029
-0.152195
0.242988
0.365989
0.093427
0.466141
0.511853
0.081522
0.301274
0.372224
0.250931
-0.442405
0.434382
-0.097013
0.346737
0.732727
0.473097
0.213263
0.231320
0.555441
0.079631
-0.444946
0.403577
0.447395
0.184959
0.130365
0.259341
0.743920
0.306617
-0.540094
0.352202
0.356153
0.405794
-0.000305
0.374699
