1
512
0.112113
-0.204303
-0.034529
0.216025
-0.153776
-0.013785
0.046904
-0.386853
-0.046577
0.077361
0.186559
-0.127646
-0.003980
-0.010660
0.246927
0.058522
-0.674989
-0.234263
-0.313582
-0.145891
0.163549
-0.103470
-0.215675
-0.165382
-0.049796
-0.061439
-0.142358
-0.010852
0.054371
-0.458312
0.251537
-0.085266
0.023585
-0.103048
-0.112528
-0.694893
-0.234667
0.115704
-0.280293
0.090914
0.061565
-0.293819
-0.081235
-0.368173
-0.115763
-0.128356
-0.433659
-0.155202
0.064736
-0.007998
-0.290879
0.105635
-0.256872
0.023237
0.208413
-0.113597
0.006615
-0.125381
-0.149807
0.030506
-0.327914
0.210947
-0.074894
-0.203952
0.109498
-0.162480
0.005037
-0.095811
0.019292
0.098420
0.074981
-0.186755
0.041931
-0.037999
0.006799
0.024372
0.340130
-0.201747
-0.194145
-0.166015
-0.128625
-0.055784
0.270189
-0.151860
-0.207267
-0.163750
-0.125603
-0.510747
0.186344
-0.399953
0.271987
-0.145755
0.357466
-0.224399
-0.148864
0.208563
0.235472
-0.207676
0.054843
0.180999
0.304269
0.146461
-0.696381
-0.160767
-0.073616
-0.190463
-0.210704
-0.250096
0.268608
-0.331777
0.279903
0.006935
0.061267
-0.192512
-0.196579
0.171044
-0.023281
0.069955
-0.033403
-0.017632
0.037132
-0.107850
-0.302343
0.327387
-0.231697
0.171510
0.154343
0.266772
0.019980
-0.278546
0.235278
-0.135046
-0.228255
-0.196564
-0.038454
-0.575441
-0.029447
-0.439251
-0.168652
-0.045811
0.423229
-0.260940
-0.275359
-0.214576
-0.101956
-0.118386
-0.291057
-0.331663
-0.109351
-0.289599
-0.072422
-0.021384
-0.037276
-0.210554
0.027410
-0.372466
-0.008494
-0.333717
-0.075468
-0.067464
-0.372646
-0.104175
0.051292
0.058817
0.122993
-0.337595
0.070730
0.394267
0.012292
-0.199542
-0.276243
-0.350501
0.452463
0.044784
0.324638
-0.110727
-0.385510
0.094316
0.041068
-0.536967
0.001203
0.077649
-0.110220
-0.223149
0.341077
-0.331315
0.106265
-0.231835
-0.360394
-0.489707
-0.036922
-0.088539
-0.486655
-0.253902
-0.156838
-0.063294
0.204213
-0.374774
-0.351863
-0.145894
-0.013027
-0.223600
-0.331923
-0.026564
0.291603
-0.048051
-0.129207
-0.108311
0.031516
0.002765
0.016039
-0.427620
-0.084778
-0.320218
-0.078242
-0.140989
0.105237
-0.151387
-0.096382
0.337509
0.101892
-0.242003
-0.069126
-0.046863
-0.199129
0.327787
0.173310
0.035086
-0.150014
0.132800
-0.005703
-0.086876
0.247447
-0.277200
-0.030840
-0.068884
-0.178730
-0.037486
-0.223086
-0.198479
0.252820
-0.067745
0.233478
0.168480
-0.185930
-0.060591
-0.075289
-0.157403
-0.147208
0.129615
-0.131145
0.034039
0.056253
0.234312
-0.011953
-0.328060
-0.440891
0.159595
0.158009
-0.254303
-0.050638
-0.743862
-0.070101
-0.214930
0.101809
-0.269596
0.076582
-0.211180
0.123816
-0.321532
-0.148543
-0.298150
-0.201147
-0.596433
0.012028
-0.326724
-0.213778
-0.183015
0.500637
-0.153695
-0.456851
-0.125522
0.185530
0.186771
-0.501344
0.346486
-0.120585
0.022998
-0.142969
0.561703
-0.100352
-0.249562
-0.285690
0.260442
-0.109752
-0.587716
-0.053630
-0.635971
0.333500
0.030362
-0.214670
0.124866
0.117925
-0.081185
-0.115490
0.158753
0.308482
-0.136009
-0.016498
-0.263314
0.303964
-0.182357
-0.129331
-0.021491
-0.340419
0.356402
-0.398809
-0.010863
-0.249365
-0.199030
0.169183
0.019797
-0.389293
-0.339790
-0.069512
0.184054
-0.362134
-0.043475
0.122112
-0.344629
-0.047572
-0.224241
-0.437265
-0.220979
-0.236299
-0.224257
-0.377648
-0.042783
0.006084
-0.267338
-0.209454
-0.163419
-0.381334
-0.421633
-0.264882
-0.108734
-0.072091
-0.326269
-0.209806
-0.113988
-0.369949
-0.196247
-0.143214
-0.761898
0.260245
-0.534463
-0.107892
-0.357349
0.110847
-0.103552
-0.298654
-0.009968
-0.132230
-0.322078
-0.396220
-0.037103
-0.010636
-0.174476
-0.355438
-0.196617
-0.097002
-0.763032
-0.318828
0.023759
0.301273
-0.175217
0.097299
0.259278
-0.102159
-0.272622
-0.300015
0.051086
-0.186480
0.375618
-0.430714
-0.236760
-0.347360
-0.099362
0.167758
-0.015760
-0.289442
-0.230237
-0.212099
-0.109999
-0.270333
-0.045142
0.194195
-0.084739
-0.172575
0.251029
-0.105037
-0.226662
-0.074747
-0.131350
-0.330572
-0.087383
-0.051658
0.297794
-0.049485
-0.072802
-0.340524
-0.396746
-0.368472
-0.044737
-0.138366
-0.109724
0.005814
-0.239805
0.480898
-0.042583
0.027212
-0.440019
-0.082722
0.123925
-0.303462
-0.237445
0.236004
0.139720
0.003881
-0.153551
-0.486120
-0.219723
-0.096016
-0.138901
0.048577
0.029049
-0.357043
-0.014526
-0.144813
-0.284004
-0.339186
-0.262549
-0.208437
-0.277827
-0.117383
0.112237
-0.448354
0.417790
-0.307112
0.089735
0.027853
0.170783
-0.078798
0.217012
-0.260350
0.564624
-0.008308
-0.208873
-0.068097
-0.351533
-0.177945
-0.124141
-0.182363
-0.197649
0.253687
-0.143174
-0.272342
-0.189871
0.213074
0.210474
-0.184242
-0.294528
-0.128783
-0.441505
-0.001926
-0.298208
0.254740
0.332989
-0.202384
-0.139167
0.190311
-0.055122
0.021786
0.183919
-0.133848
0.073158
-0.135686
-0.187716
-0.150448
-0.067197
0.077117
-0.164947
0.121902
-0.194133
0.442293
-0.385021
-0.242353
-0.061647
-0.183297
0.048546
-0.270394
0.404341
-0.399218
0.079303
0.179087
-0.398023
-0.105948
-0.139067
-0.315147
-0.237426
-0.453120
-0.214995
