1
512
1.335586
0.060411
0.312135
0.681618
0.401281
1.017556
0.326368
0.490337
-0.494123
0.870709
1.351725
0.813750
1.261487
0.519420
0.601358
1.204889
0.239136
0.418776
0.318955
0.170116
0.357350
0.690563
0.708730
0.088062
0.716762
0.257887
0.274015
0.444218
0.998112
0.438181
-0.042548
0.073250
0.491559
1.312798
0.289019
0.882056
0.029636
0.631477
-0.085539
0.409183
0.232268
1.184934
1.009477
0.421545
0.922473
0.584074
0.173916
0.364644
0.179925
0.295833
0.750327
1.247001
0.770472
0.424943
0.874346
0.469853
0.339398
0.544338
-0.021912
0.148439
0.261005
0.862491
0.096175
0.781645
0.623257
0.819970
0.203528
1.424389
0.270896
0.412183
0.374887
0.259565
0.892195
0.944937
0.269130
0.232717
0.205264
0.146127
-0.107793
0.227580
1.272482
0.559697
0.602355
0.200058
-0.464961
0.257039
0.042113
1.158704
0.527953
-0.032892
0.447423
-0.830260
0.484009
0.801620
0.616606
0.221214
0.701503
0.296361
0.127270
1.202817
0.420171
0.852104
0.543746
1.037662
0.262385
0.334630
1.363661
0.232608
-0.030332
0.107087
-0.174087
0.560250
0.445152
0.189511
0.545300
-0.103148
-0.254107
0.310004
0.209473
1.180686
0.132292
0.346640
0.013983
1.381302
0.191916
0.307994
-0.300235
1.128613
0.251728
-0.120050
0.422009
0.661300
0.114057
0.211442
0.216163
1.021099
1.144810
0.781475
0.200423
-0.028706
0.285372
0.403238
0.155948
1.354424
0.109253
0.288298
1.136333
0.891037
0.170048
0.543377
1.369024
0.494944
0.079234
-0.011224
-0.120652
0.276185
-0.006784
0.792876
0.649497
0.786281
1.325504
0.449470
0.830915
-0.409473
0.134172
0.451498
-1.161171
0.537671
0.183430
0.372823
0.022584
0.496957
-0.015519
0.280606
0.346190
0.265492
1.236938
0.182882
0.436708
-1.198869
0.105989
0.122194
-0.009115
0.290542
0.069990
-1.506814
0.751576
0.706718
0.166733
1.000048
0.519181
-0.378324
0.006063
0.139020
0.656094
0.278732
0.519044
-0.567355
1.115415
0.721789
0.622301
0.458300
0.549034
0.400688
0.457041
0.199572
0.073215
1.127933
0.246719
0.452688
0.031464
0.444621
-0.004596
0.216274
1.349946
-0.061438
-0.009574
0.154936
-0.240811
0.012311
0.122569
0.191071
-0.024402
0.447899
0.745182
0.384608
-0.428682
0.572423
0.144080
1.000922
1.543669
0.094516
0.296700
0.470799
0.105593
0.906993
0.550485
0.009554
0.529003
0.676468
0.464470
0.677591
0.448282
1.260065
0.511645
-0.125534
0.433350
0.104719
0.417602
0.019516
0.876833
0.949882
0.212634
0.026963
0.618558
0.080748
0.226692
0.253135
0.178682
-0.003757
0.829255
0.234122
0.499660
-0.007107
0.735525
0.329897
0.148520
-0.157254
0.304765
0.223786
0.042877
0.309535
0.906093
0.028489
0.188080
0.203575
0.548431
0.412326
0.771050
0.382206
0.864542
0.379545
0.507219
0.310535
0.324571
-0.171925
0.465118
0.853107
0.902262
1.316606
0.261206
0.608925
0.220776
-0.717299
0.115763
0.362844
0.320925
-0.500432
0.143718
0.409082
0.600576
0.840694
-0.141607
0.906356
-0.097629
0.030950
0.590608
0.757815
0.937003
0.013865
0.300973
-0.235862
0.349428
0.399147
0.221460
0.454503
-0.002967
0.160473
1.450285
0.151704
0.231347
0.112984
0.358498
0.679588
0.264173
0.355713
1.118090
0.148270
0.389853
0.051898
-0.802638
0.396898
1.305444
0.721251
-0.829710
1.562853
-0.112541
0.302883
0.268771
1.185765
0.574511
0.650542
0.294639
0.341698
0.108081
0.223421
0.138491
-0.059396
0.088803
0.532141
0.517275
0.485601
0.963693
-0.002032
0.515370
0.524510
0.466129
0.193771
0.311850
0.264620
-0.035921
0.142514
1.307406
1.124406
0.191993
0.606723
0.048713
0.681576
0.100336
0.507600
0.950273
0.326202
0.330614
0.580172
0.421545
0.023854
-0.285010
0.246292
0.380766
0.844910
0.016243
0.420464
0.460473
0.835278
0.530979
0.960516
0.232169
0.218940
1.055036
1.527253
0.007481
0.049832
0.440060
0.312696
0.404594
1.197702
0.545386
0.227559
0.420101
0.146040
0.063579
1.148303
0.312211
1.481402
0.176381
0.802287
0.609271
1.342166
1.047008
0.359848
0.978807
-0.152318
1.254459
0.228303
1.531692
0.445339
0.346792
0.494863
-0.149436
0.081057
0.831207
0.466241
0.187122
1.413234
0.355233
0.188571
-0.172996
0.525733
0.126614
0.158047
0.804983
0.800290
0.165818
-0.112096
0.158987
0.528168
0.507670
1.236195
0.337114
0.508789
-0.210750
0.504705
0.237439
0.410484
0.770479
0.511747
1.007812
0.664034
1.131069
-0.089694
-0.038617
0.423120
0.158656
0.181534
0.024111
0.812402
0.569852
0.183944
0.099418
0.176670
0.482079
0.244666
0.051554
0.091071
0.476302
0.730109
0.100153
-0.328787
-0.256675
0.296964
-0.033884
0.209888
0.347120
0.600512
1.328681
-0.206653
1.284208
0.302458
0.096824
0.578726
0.099935
0.299779
0.792255
0.479556
0.501762
0.260386
0.270697
0.346776
0.649140
-0.131407
0.694072
0.577996
0.176232
0.189500
0.719623
0.369959
1.441022
0.943690
0.218637
0.748734
0.968221
0.492321
0.191431
-0.870129
0.340009
1.400240
0.633542
0.000462
0.456380
0.037317
0.612976
1.110578
