1
512
-0.634871
-0.643884
-0.531588
-0.402255
-0.655753
-0.662311
-0.156208
0.074095
-0.757763
-0.591320
-0.820319
-0.674331
-0.111522
-1.215630
-0.971043
-0.529591
-0.516645
-0.737075
-0.759406
-0.642233
-0.801796
-0.289204
0.188679
-0.645452
-0.680605
-1.304794
-0.439523
-1.186998
-0.247929
-0.863022
-0.130563
-0.657237
-0.593774
-0.335764
-1.029291
-1.060256
-0.074682
-0.806539
-0.324638
-1.037606
-0.296252
-0.872606
-0.605645
-0.375883
-0.923742
-0.371524
-0.575761
-0.803360
-0.393763
0.069707
-0.461676
-0.778825
-1.092756
-0.459952
-0.135043
0.209018
-0.253344
-0.899122
-0.292230
-0.635668
-0.235746
0.515731
0.008829
-0.987969
-0.547493
-0.322890
-0.629823
-0.116882
-0.517173
-0.265038
-0.044211
-0.639520
-0.887069
-0.421258
0.525344
-0.508940
-0.673347
0.057615
-0.423107
-0.802129
-0.305288
-0.698154
-0.237083
-0.488172
-0.430131
-0.041546
-0.347721
-0.537293
-0.362403
0.056237
-0.660638
-0.286720
-0.699569
0.452717
-0.994026
-0.642547
-0.394765
-1.103622
-0.774247
-0.895161
-0.884913
-1.486979
-0.368771
0.160367
-0.196891
-0.617899
-0.361436
-0.669299
0.190164
-0.624364
-0.181087
-0.193015
-0.352012
-0.642327
-0.011492
-0.203703
0.120044
-0.171373
-0.574778
-0.824246
-1.120769
-0.401526
-0.717875
-0.257037
-0.268327
0.028423
-1.480962
-0.614076
-0.530724
-0.606212
0.036559
-0.393511
-0.188970
-0.496150
-0.393768
-0.003556
-0.655388
-0.345417
-0.661078
-0.406393
-0.856076
-0.351526
-0.945964
-0.022498
-0.588457
-1.001928
-1.025514
-0.012767
-0.051921
-0.169959
-0.302448
-0.937955
-0.201374
0.084311
-0.262636
-0.472851
-0.789402
-0.292514
-0.315771
-0.410005
-0.012460
-0.034411
-0.230492
-0.107149
-0.921424
-0.675515
-0.674110
-0.114137
-0.851251
-0.542566
-0.342146
-0.436793
-0.412774
-0.283634
-0.351592
-0.626752
-0.099967
-0.822018
-1.048618
-0.073714
-0.468160
-0.522152
-0.280917
-0.338415
-0.510543
-0.088078
-0.881694
-0.394609
-0.950392
-0.730730
-0.285932
0.218291
-0.267772
-0.742476
0.260040
-0.250124
-0.396287
-0.794133
-0.365997
-0.362678
-0.918539
-0.059866
-0.836206
-0.559213
-0.820558
0.238305
-0.881791
-0.110907
-0.350310
-0.974067
-1.064899
-0.083785
0.185533
-0.484353
-0.119411
-0.501476
0.969398
-0.117555
0.007711
-0.805236
-0.760751
-0.046641
-0.773142
-0.162217
-0.560762
-0.118736
-0.496043
-0.799362
-0.865751
-0.789719
-0.305405
-0.303524
0.294048
-1.003264
-0.235299
-0.655787
-0.093274
0.034728
-0.252856
-0.253516
-0.268656
-0.330280
0.156572
-0.688891
-0.306832
-0.784661
-0.169250
-0.298562
-1.063113
-0.227101
-0.005382
-0.214875
-0.463555
-1.137508
-0.114102
-0.431223
-0.085464
-0.083016
0.091759
-0.215197
-0.348045
0.288747
-0.241349
0.106594
-0.495879
-0.776105
0.347884
-0.136261
-0.294510
-0.431704
-0.535981
-0.386472
-0.545026
-0.677364
-0.551208
-0.631276
-0.917614
-0.993919
-0.262728
-0.340485
-0.307137
-0.852511
-0.341491
-0.215085
-0.043555
-0.689412
-0.783642
-1.053996
-0.251342
0.114546
-0.446611
-0.312265
-0.446095
-0.357089
-0.012501
-0.412236
-0.617675
-0.637625
-0.214494
-0.648028
-0.980852
-0.493507
-0.422859
-0.374730
-0.577921
-0.080819
-0.277039
-1.080712
-0.730275
-0.506424
-0.299989
-0.739321
-0.390141
-0.260283
-0.570638
-0.520520
-0.044751
0.113790
-0.066314
-0.096586
-0.165727
-0.153788
-0.537976
-0.311076
-0.127092
-0.772611
0.095071
-0.539357
-0.234338
-0.406194
-1.083437
-0.237900
-0.753888
-0.371793
-0.408733
-1.090077
-0.838600
-0.395555
-0.755593
0.437274
-0.900985
0.062521
-1.028728
-0.546020
-0.332232
-0.467412
-1.045235
-0.638634
-0.217152
-0.422692
-0.424102
-0.307538
-0.627436
-0.609157
-0.637111
-0.710873
-0.433350
-0.608377
-0.077658
-0.611640
-0.672114
0.234989
-0.977118
-0.448925
0.659676
-0.665976
-0.678924
-0.406050
0.024175
-0.675386
-0.800176
-0.921739
-0.031349
-0.720140
-0.118399
-1.055359
-0.562831
-1.050894
-0.394139
-1.363765
-0.731554
-0.218781
-0.230051
-0.666064
-0.300310
-0.548568
-0.236409
-0.637529
-0.076673
-0.551020
-1.672174
-0.407116
-0.543447
0.445622
-0.849827
0.296290
-0.760685
-0.328353
-0.422002
-0.302119
-0.397558
-0.467747
-0.643781
-1.075631
-0.571330
-0.093491
-0.329912
-0.586252
-0.631142
-0.753294
-0.521148
-0.602805
-0.287217
-0.291459
-0.149233
0.262092
0.013423
-0.790022
-0.046390
-0.005053
-0.633045
-0.956166
-0.538690
-0.283301
-0.891273
-0.106237
-0.695540
-0.017337
-0.209725
-0.831345
-0.198314
-0.576362
-0.447775
-0.301456
-0.286611
-0.068395
-0.658796
-1.521014
0.185130
-0.269465
-0.590965
-0.421554
0.330986
-0.091880
0.180590
-0.330744
-0.285500
-0.058648
-0.806330
0.308492
-0.253979
-0.378514
-0.202132
-0.772537
-0.506709
-0.557136
-0.605626
-0.460641
-0.143644
-0.313485
0.005898
-0.307610
-0.226525
-0.331272
-0.504901
-0.550631
-0.162870
-0.626395
-0.195561
-0.623850
-0.959693
-0.302157
-0.199765
0.095561
-0.103968
-0.318573
-0.102199
-0.747731
0.053851
-0.620713
-0.440892
-0.003020
0.021447
0.187999
-0.213797
0.012672
-0.680677
-0.476363
-1.348236
-0.377811
-0.839465
-0.350593
-0.027630
-0.696780
0.089106
-1.000957
-0.556301
-0.436081
-1.347175
-0.068438
-0.230692
-0.475147
-0.795496
-0.243109
-0.109005
-0.045522
-0.306046
-0.735804
-0.628764
-0.696602
-1.081608
0.063906
