1
512
-0.599270
-0.771654
-0.802170
-0.902398
-0.582978
-0.448652
-0.900380
-0.838772
-0.681352
-0.643009
-0.436981
-0.871423
-0.340187
-0.603928
-0.801538
-0.466679
-0.572245
-0.670653
-0.559788
-0.333803
-0.493548
-0.441318
-0.583913
-0.669349
-0.911001
-0.772720
-0.641537
-0.645496
-0.442877
-0.754212
-0.802392
-0.511304
-0.805786
-0.698618
-0.597453
-0.738099
-0.530211
-0.684309
-0.726261
-0.753247
-0.739974
-0.523444
-0.620251
-0.475228
-0.595469
-0.602720
-0.600716
-0.716958
-0.636313
-0.954205
-0.770756
-0.551307
-0.669627
-0.712950
-0.648171
-0.688620
-0.572765
-0.363389
-0.673803
-0.687538
-0.395264
-0.503360
-0.414509
-0.595623
-0.573779
-0.464220
-0.631628
-0.447828
-0.763762
-0.790551
-0.640155
-0.704915
-0.584949
-0.374513
-0.626164
-0.559064
-0.996499
-0.524567
-0.432311
-0.728395
-0.605316
-0.692159
-0.717024
-0.235523
-0.623470
-0.559789
-0.602006
-0.688651
-0.669686
-0.618243
-0.719424
-0.481044
-0.865670
-0.388602
-0.511273
-0.591419
-0.720087
-0.395143
-0.459662
-0.703124
-1.029696
-0.800765
-0.546038
-0.624755
-0.509374
-0.757571
-0.723906
-0.313424
-0.866651
-0.892937
-0.733146
-0.554188
-0.758817
-0.660035
-0.634195
-1.082790
-0.582733
-0.801521
-0.505233
-0.587489
-0.791323
-0.543808
-0.514128
-0.629002
-1.108121
-0.417985
-0.931777
-0.612520
-0.514918
-0.663258
-0.965560
-0.839233
-0.605143
-0.611962
-0.532345
-0.614586
-0.571350
-0.720256
-0.584139
-0.717668
-1.019589
-0.672412
-0.717262
-0.561814
-0.760504
-0.398192
-0.636909
-0.567149
-0.844042
-0.870622
-0.763059
-0.750408
-0.564482
-0.695241
-0.683189
-0.407442
-0.527324
-0.728982
-0.432568
-0.781553
-0.581715
-0.820668
-0.913664
-0.600828
-0.994055
-0.691655
-0.690486
-0.771895
-0.708930
-0.513620
-0.794127
-0.470697
-0.728259
-0.588292
-0.697617
-0.709262
-0.611543
-0.653904
-0.612191
-0.692735
-0.318241
-0.732685
-0.925655
-0.789323
-0.817088
-0.665160
-0.685802
-0.681096
-0.486998
-0.418283
-0.645523
-0.719686
-0.727631
-0.961732
-0.387523
-0.788657
-0.723007
-0.670485
-0.719610
-0.562359
-1.014109
-0.451581
-0.429027
-0.591859
-0.963794
-0.779053
-0.689401
-0.504543
-0.663934
-0.818652
-0.699642
-0.394553
-0.492257
-0.348322
-0.532550
-0.745321
-0.870632
-0.590675
-0.719020
-0.955252
-0.815684
-0.809759
-0.780592
-0.637447
-0.588707
-0.988401
-0.815081
-0.745919
-0.418381
-0.676294
-0.946736
-0.474025
-0.760377
-0.614761
-0.556057
-0.604134
-0.443044
-0.852926
-0.454972
-0.589109
-0.913308
-0.546781
-0.839305
-0.716945
-0.849431
-0.507319
-0.478460
-0.850836
-0.854709
-0.473340
-0.482232
-0.617136
-0.968171
-0.766311
-0.527708
-0.689362
-0.548602
-1.039195
-0.465267
-0.688136
-0.773592
-0.314640
-0.665621
-0.535654
-1.006505
-0.398049
-0.637731
-0.612536
-0.544621
-0.450500
-0.601530
-0.631645
-0.589728
-0.476061
-0.665165
-0.664445
-0.504491
-0.687054
-1.094196
-0.699714
-0.544813
-0.560969
-0.706488
-0.732491
-0.497797
-0.956284
-0.487727
-0.462490
-0.750994
-0.971671
-0.697055
-0.615176
-0.577516
-0.855303
-0.730450
-0.418827
-0.502725
-0.563803
-0.744025
-0.618761
-0.451505
-0.673736
-0.570463
-0.768325
-0.516200
-0.699253
-0.857778
-0.435179
-0.557197
-0.762005
-0.863321
-0.716352
-0.843975
-0.764392
-0.698809
-0.882180
-0.468780
-0.624848
-0.678546
-0.734876
-0.715435
-0.759559
-0.540851
-0.341080
-0.359045
-0.989098
-0.667792
-0.695203
-0.696961
-0.469675
-0.718438
-0.418443
-0.797611
-0.543224
-0.489932
-0.687801
-0.563583
-0.724493
-0.581395
-0.588700
-0.591045
-0.341918
-0.625689
-0.662811
-0.539961
-0.831336
-0.689538
-0.504796
-0.685872
-0.668529
-0.817432
-0.438617
-0.659596
-0.467492
-0.655471
-0.402234
-0.620552
-0.507148
-0.897470
-0.859647
-0.847228
-0.634245
-0.679978
-0.788398
-0.635020
-0.795085
-0.487984
-0.528474
-0.574493
-0.524033
-0.443649
-0.486414
-0.554356
-0.842923
-0.712148
-0.814692
-0.780837
-0.681738
-0.732790
-0.806766
-0.458486
-0.305398
-0.534420
-0.954999
-0.521837
-0.748707
-0.719324
-0.677714
-1.100721
-0.677297
-0.473585
-0.661703
-0.508647
-0.448765
-0.387949
-0.637609
-0.652293
-0.475975
-0.722380
-0.539974
-0.527518
-0.544695
-0.318129
-0.695299
-0.718385
-0.424450
-0.602485
-0.750531
-0.554811
-0.803694
-0.417169
-0.633942
-0.798485
-0.679346
-0.468820
-0.413492
-0.659492
-0.793338
-0.772890
-0.580773
-0.644377
-0.500664
-0.645305
-0.680081
-0.608307
-0.732522
-1.080534
-0.564422
-0.609107
-0.546736
-0.553910
-0.598085
-0.888634
-0.522757
-1.027176
-0.532515
-0.817185
-0.300640
-0.821185
-0.590394
-0.592236
-0.391130
-0.708922
-0.732635
-0.658082
-0.789384
-0.738602
-0.659388
-0.660570
-0.795631
-0.607840
-1.099417
-0.678441
-0.557575
-0.509103
-1.005721
-0.714497
-0.411140
-0.662222
-0.402111
-0.591325
-0.602880
-0.640661
-0.643106
-0.895783
-0.759379
-0.649252
-0.440047
-1.009933
-0.891357
-0.523342
-0.861311
-0.966060
-0.649271
-0.782792
-0.676569
-0.919997
-0.726975
-0.664505
-0.527077
-0.797298
-0.624751
-0.698620
-0.420568
-0.491334
-0.734680
-0.435217
-0.584763
-0.692911
-0.466403
-0.871769
-0.461199
-0.978201
-0.915305
-0.885365
-0.083024
-0.752989
-0.833124
-0.825812
-0.666717
-0.724811
-0.810859
-0.698422
-0.418814
-1.126825
-0.588212
-0.458346
-0.893554
-0.673303
-0.736179
-0.611650
-0.509126
