1
512
-0.308164
-0.372678
-0.141667
-0.390107
-0.140034
-0.198288
-0.359329
-0.242570
-0.540052
0.261410
-0.394143
-0.767541
-0.022853
-1.184881
0.239411
-0.156613
-0.158706
-2.105686
-0.345383
-0.462231
-0.145137
-0.469723
-0.726277
-0.791740
-0.608022
-0.689917
-1.851140
-0.203610
0.011489
0.040423
-0.147724
-0.382151
-0.192994
-0.151173
0.228169
-0.076301
-1.441489
0.097229
-0.714867
0.037844
0.209155
-0.143770
-0.528555
0.093428
-0.443193
-0.410931
-0.339915
0.090975
-0.064878
-0.716335
0.394429
-0.020696
0.091600
-2.323052
-0.398886
-1.306150
-0.320600
-1.504338
-0.243104
-0.091791
-0.355064
-0.447982
-0.779503
-0.232950
-0.263619
-0.431122
-1.480260
-0.123712
-0.484528
0.061144
-0.122242
-0.307697
-0.091544
-0.441081
-1.026872
-0.076477
-0.754192
-0.358792
-0.421539
-0.071952
-0.398043
-0.602415
-0.153372
-0.325466
-2.010083
-0.579708
-0.251052
-0.386837
-0.288952
-0.310914
-0.427589
-0.322499
-0.137130
-0.170623
-0.982587
-0.519149
-1.126114
-0.252012
-2.083697
-0.236878
-0.624791
-0.249339
-0.145314
0.100817
-1.243441
-0.931153
-0.005697
-1.091459
-0.716871
-0.765715
-0.403986
-0.135791
-0.664383
-0.053420
-0.906103
-0.212068
-0.061991
-0.552722
-0.773489
-0.000418
-2.066847
-0.132510
-0.295154
-0.232379
-0.276067
-0.159960
0.003142
-0.095254
-0.569471
-0.842835
0.132396
-0.204621
-2.240674
-1.469756
-0.392833
-0.572953
-0.570752
-0.133066
-0.510085
-0.268387
-0.641760
-1.252321
-0.384734
-0.173445
-0.334088
-1.166685
-0.121499
-0.383894
-0.678784
-0.618101
-0.464297
-0.356262
-0.411900
-0.605982
-0.742018
-1.411278
-0.255970
-0.852742
-0.119255
-1.079265
0.049821
-0.689079
-0.165648
-0.892418
-1.033144
-0.307280
-0.431031
-0.576063
-0.262792
-0.377366
-0.994948
0.047469
-0.458672
-0.525079
-1.379596
-0.002234
-0.306493
0.001761
-0.426700
-0.890701
-0.856918
-0.369391
-0.066604
-0.385358
-1.633155
-0.753949
-0.454260
-1.106166
-0.311993
-0.225893
-0.318135
-0.809579
-0.206501
-0.799557
0.143692
-0.128431
0.134046
-1.177364
-0.500069
-0.066181
-0.163864
-0.438236
-0.066233
-0.317711
-0.011892
-0.722258
-0.539071
-0.189754
0.145660
-0.324179
-0.157005
0.074539
-0.287684
0.096158
-0.091485
-0.773965
0.053700
-0.857308
-0.103061
-1.258951
-0.265876
-0.358688
-0.663100
-0.373225
-0.000992
-0.509869
-0.136310
-0.452812
-0.154143
-0.569200
0.044300
-0.222199
-0.289674
-0.331237
-0.239536
-0.404895
-0.485846
-0.389139
0.040470
-0.524363
-0.117105
-0.338077
-0.235747
-0.182452
-0.499230
-0.346046
-0.583776
0.092865
0.145826
-1.215783
-0.156719
-0.335375
-0.788204
-0.430346
-0.933578
-1.189742
-0.288000
-0.019473
-0.194004
-0.681878
-0.245868
0.247604
-0.489317
-0.054958
-0.743192
-0.056406
-0.338312
-0.298912
-0.317229
-0.492423
0.113417
-0.164931
-0.229626
-0.659433
-0.084465
-0.132383
-0.003685
-0.159646
-0.397380
0.058821
-0.162819
-1.064475
-0.188720
-0.902552
-0.203069
-0.138721
-0.451222
0.440754
-0.043241
0.089515
-0.158016
-0.371686
-0.900325
-0.393193
-0.829338
0.118991
-0.541409
-0.566468
-0.877622
-0.613908
-0.658216
-0.204841
-0.521714
-0.269890
-1.378787
-0.142836
-0.349592
-0.514818
0.078141
-0.519493
-0.184318
-1.006963
-0.221573
-0.552710
-0.243677
-0.294263
-0.384805
-0.669216
-0.226164
-0.711380
-0.301145
0.131705
-0.262418
0.013755
-0.676414
-0.468850
0.028535
-0.463740
-0.626505
-0.628058
-0.800011
0.050235
-0.084459
-0.706557
-0.603190
0.203992
-0.550119
-0.490184
-1.567607
-0.308547
-2.077291
-0.485959
-0.714264
-0.715678
-0.713531
-0.708682
-0.480823
-0.234262
-0.250284
-0.180947
-0.440708
-2.161466
-0.122349
0.051802
-0.684634
-0.278271
-0.616621
-0.336164
-0.412227
-0.340477
-0.385369
-0.506912
-0.316663
-0.269069
-0.741795
-0.415589
-1.487496
0.115137
-1.110635
-0.739642
-0.270483
-0.091301
-0.264982
-0.407935
-0.276893
-0.261842
-0.259550
-0.063872
-0.996453
-0.303282
0.193295
-1.462873
-0.752681
0.114374
-1.972369
0.026942
-0.353780
-0.189016
-0.379498
-0.406141
-1.431201
-0.326419
-0.860449
-0.774250
-0.351174
-0.179838
-0.558190
-0.928033
-0.309781
-0.298648
-1.254403
-0.236782
-0.732064
-0.287860
-0.281254
-0.294948
-0.385218
0.184230
-0.446702
-0.240823
0.111333
-0.319014
-0.145675
-0.593738
-0.185980
-0.090840
-0.302076
-1.420959
0.218785
-1.136361
-0.004763
-0.284315
0.187075
-0.304054
-0.340977
-0.326889
-0.760549
-0.298583
-1.528277
-0.278054
-0.054245
0.150468
-0.421774
-0.033136
-0.471716
-0.077348
-0.038557
-0.473120
-0.719153
-0.145940
-0.492089
0.036688
-1.055611
-0.161225
0.064841
-0.598218
-0.223418
-0.507779
0.018641
-0.808349
-0.660448
-0.043080
-0.411743
-0.192817
-0.893214
-0.416671
-0.072001
-0.246362
-0.556461
-0.291796
-0.415864
-0.463323
-0.391715
-0.958992
-0.440560
0.268895
-0.342911
0.167782
-0.801864
0.003504
-0.600729
-1.082442
-0.264468
-0.811189
-0.173944
-0.419813
0.095164
0.127453
-0.440892
0.182392
-0.799462
-0.448995
-0.412882
-0.616723
-0.231527
-0.380979
-0.168806
-0.418837
-0.134717
-0.293857
-0.186127
-0.052215
0.051982
0.043760
-0.536748
-0.002279
-0.441208
-0.300362
-0.298487
-0.250407
-0.804216
-0.515566
-0.968380
-0.458409
-0.165728
-0.397277
0.126900
-1.099445
-0.133965
-1.095539
-1.062362
-0.002916
