1
512
-1.093126
-1.906247
-1.321061
-2.089661
-1.904684
-1.497767
-0.491728
-1.062390
-0.708864
-1.942150
-1.404339
-1.485045
-0.179583
-2.575885
-2.599045
-1.432000
-0.639768
-1.667735
-2.008564
-2.039455
-1.522706
-0.539775
-0.230422
-1.022117
-1.316067
-1.759482
-1.341921
-2.670583
-0.246911
-0.880149
-0.335851
-2.102817
-1.471903
-0.593269
-2.153109
-1.062998
-0.049887
-1.576017
-1.518566
-2.084522
-1.151303
-1.473783
-1.909076
-1.918527
-2.919430
-0.802479
-1.226074
-1.147598
-2.421091
0.346022
-1.047085
-0.219343
-1.958716
-0.740446
-0.989129
-0.256708
-0.461600
-2.062985
-0.833542
-0.107170
-0.768561
-0.998048
-0.565162
-2.353499
-2.201529
-1.291173
-1.826293
-0.795739
-1.106838
-0.111440
-0.123888
-1.845412
-1.337723
-0.484076
-1.018020
-1.562766
-1.377572
-0.533513
-0.457418
-2.443834
-1.094190
-1.680550
-1.155242
-0.960455
-1.839011
-0.446652
-0.795055
-0.491586
-0.822337
-0.506434
-1.457705
-0.886633
-4.213414
-0.998699
-2.459473
-1.540983
-0.961643
-0.208891
-1.046353
-1.953586
-1.949553
-0.007508
-2.214162
-0.900637
-0.578321
-1.585237
-0.361728
-1.216789
-0.180016
-0.404688
-0.366553
-0.622613
-1.903802
-1.499680
-0.516583
-1.722198
-0.518628
-0.384393
-1.945458
-3.001626
-1.408996
-1.305078
-0.678428
-1.154151
-0.992851
-0.780123
-2.749758
-1.309439
-2.227327
-1.467425
-0.868389
-1.394401
-0.243256
0.228119
-0.534871
-0.408424
-1.576598
-0.438013
-2.436206
-1.175298
-1.755659
-0.656026
-3.122650
-0.255279
-0.950737
-2.905495
-1.616293
-0.461305
-0.280986
-1.027143
-0.745386
-2.147168
-0.488153
-0.830400
-0.103028
0.012897
-2.237611
-0.887134
-0.796600
-1.959090
-0.909727
-0.549965
-0.421147
-1.235019
-2.007338
-2.610513
-0.235517
-0.792146
-2.622672
-0.874606
-1.439256
-1.430639
-1.377596
-0.655264
-1.161701
-1.412263
-0.575557
-1.176539
-1.270192
-0.538892
-2.516428
-1.472329
-1.438343
-0.532846
-2.265559
-0.559287
-1.663573
-0.973409
-2.635400
-2.198634
-0.872328
-0.390020
-0.239770
-0.647427
-0.254312
-0.693334
-0.682222
-0.352468
-0.526328
-1.455836
-1.596030
-0.307482
-1.808792
-1.269344
-1.882430
-0.297360
-0.045916
-0.346042
-1.122161
-2.496442
-2.625474
-0.395542
-2.714364
-1.974891
-1.046622
-0.313047
-0.249621
-0.239516
-0.372910
-2.443033
-1.772014
-0.250502
-2.708112
-1.194407
-1.346624
-0.491606
-1.663018
-1.904145
-2.099674
-1.448884
-1.081276
-0.541228
-1.454950
-2.068857
-0.585750
-2.267209
-1.208291
-0.564808
-1.681213
-0.481319
-1.610971
-0.837038
0.034182
-1.737051
-1.346643
-1.590157
-0.310647
-0.502776
0.053928
-2.163914
-0.974681
-1.193100
-1.167455
-2.167844
-0.636625
-0.512983
-0.595626
-0.704484
-0.790478
-0.818893
-0.982414
-0.100190
-1.462065
-0.096713
-1.836687
-1.642403
-0.812417
-1.587416
-1.444076
-0.426937
-1.890653
-0.757315
-1.019295
-2.065713
-1.623531
-1.879188
-1.886426
-1.969198
-1.090108
-0.594619
-0.814714
-1.874471
-0.792016
-1.150985
-1.395539
-1.874481
-2.406991
-3.081807
-1.025950
-0.233240
-0.655096
-0.720707
-2.051337
-1.679964
-0.753678
-0.910648
-1.102707
-2.176498
-0.834495
-1.472388
-1.224576
-1.974048
-2.117550
-0.986508
-1.470973
-0.329627
-0.769686
-2.924674
-2.533820
-0.961946
-0.960459
-1.671071
-0.727222
-1.549171
-2.010538
-1.538675
-0.568815
-0.843544
-1.184103
-0.882007
-1.402664
-1.130630
-2.251761
-0.910942
-1.651077
-1.709278
-0.295499
-2.424802
-1.847912
-0.511325
-2.182874
-1.141870
-1.072482
-2.183720
-1.021242
-2.063929
-1.922317
-1.438547
-0.995466
-0.662516
0.187222
-0.366857
-3.857955
-0.132438
-0.334732
-2.325966
-2.469440
-2.163800
-1.093758
-0.199314
-0.690179
-1.370635
-0.664959
-1.575375
-1.581703
-1.415204
-1.322613
-1.030163
-0.988415
-2.093547
-1.787436
-0.540180
-1.995656
-2.250854
-0.397310
-0.632751
-1.398001
-1.062594
-0.045220
-1.562809
-1.778332
-2.440935
-1.355537
-2.851861
-0.539639
-1.941424
-1.989801
-0.282224
-0.713086
-0.359192
-1.891782
-0.546223
-1.135648
-0.650768
-1.405060
-1.332845
-0.579427
-1.775906
-0.825915
-1.161939
-1.334002
-1.793525
-2.437383
-0.757109
-1.331064
-0.760474
-2.275259
-0.439063
-0.690052
-2.043991
-1.997589
-1.180637
-2.056184
-1.942971
-1.330974
-0.733646
-1.477209
-1.883544
-2.042454
-1.068215
-1.418559
-2.952142
-1.054189
-1.652137
-1.175116
-0.168523
-0.181289
-1.224027
-1.409317
-0.842066
-1.325367
-1.773047
-0.831864
-1.049385
-1.138837
-0.845483
-0.787841
-0.612948
-0.819228
-0.985630
-0.730485
-1.827004
-3.384804
-0.451581
-1.081015
-0.669062
-2.268777
-1.906992
-1.024183
-0.886710
-1.127103
-1.318981
-0.409978
-0.450614
-1.169530
-0.847475
-1.031317
-1.611717
-0.889785
-0.848211
-0.958011
-0.620256
-0.376277
-0.922581
-1.804649
-2.072183
-0.932018
-0.965691
-0.412122
-0.606971
-0.143517
-1.333807
-1.122127
-0.693156
-2.378525
-0.981765
-0.916234
-1.453670
-0.704655
-1.825957
-1.568645
-1.134013
-0.834821
-1.086350
-1.317611
-1.006004
-0.317383
-1.557531
-0.417183
-1.232215
-0.233066
-0.872791
-0.843978
-0.581020
-1.169813
-0.667983
-0.175373
-1.209316
-2.554708
-1.154306
-2.624908
-1.060268
-0.394743
-0.557196
-0.201530
-1.292814
-1.824272
-1.605360
-2.678706
-0.123787
-1.010985
-0.257532
-1.626473
-0.462052
-1.198824
-0.114676
-2.179978
-0.793437
-1.388783
-1.587542
-2.793476
-1.084906
