1
99
-0.430489
-0.114516
-0.443446
-0.831340
0.119958
-0.529793
-0.175773
-0.435891
-0.213096
0.846687
-0.121359
-0.465377
-0.785266
-0.852728
0.123112
0.316979
-0.259126
-0.324028
-0.487298
0.542694
-0.118119
-0.647745
-1.005483
-0.076108
-0.054625
-0.551947
-0.233771
-0.231740
-0.573308
-0.042069
-0.794171
-1.078730
-0.182644
-0.165921
-0.152524
0.237632
-0.916523
-0.292273
-0.040711
-0.819329
0.006962
-0.040630
-0.488650
0.440603
-1.458197
0.068071
-0.308212
0.212389
0.124576
-0.689522
-0.898596
0.343083
-0.309447
-0.772968
-0.455848
-0.348944
-0.203560
-0.910952
0.507343
0.343368
0.285977
0.014459
0.440319
0.045248
0.397662
-0.519239
-0.442494
-0.202714
0.407609
0.068875
-7.071968
0.844419
-2.333827
-0.719675
-0.958103
-1.410658
0.034256
-0.711252
-1.088149
-3.837877
-4.144736
0.510299
-1.679694
0.348140
-3.544265
-4.484292
-6.215578
-6.921793
-8.864609
-8.376056
-9.217057
-9.163268
-9.132878
-9.165835
-7.801894
-9.300878
-9.386373
-9.028191
-7.050786
