1
128
0.022655
0.013398
-0.078113
-0.027706
0.031094
-0.056248
-0.023925
-0.002038
0.187323
-0.052767
-0.105476
-0.121389
0.088193
-0.007064
0.140522
-0.060060
-0.039646
0.005676
-0.098032
-0.025267
0.001852
-0.072716
-0.076606
-0.153184
0.035036
-0.130500
0.099107
-0.148141
-0.059598
0.057411
0.000832
-0.159119
0.093601
0.034470
0.075056
0.305664
-0.018652
0.076671
0.084797
0.066401
-0.088341
-0.156958
-0.060765
-0.129950
0.101735
0.143875
0.044200
-0.084536
-0.029600
0.029289
0.068881
0.101837
-0.012627
0.065301
0.036028
0.151981
-0.069588
0.064534
0.069622
0.056059
0.047677
0.131721
0.063615
0.009138
0.003805
-0.113839
0.039055
-0.122867
0.167792
0.190119
-0.013201
-0.118095
-0.033802
-0.020275
-0.004369
-0.085878
-0.079110
-0.001267
0.175729
0.035808
0.004792
0.000582
-0.119788
-0.061755
-0.093967
0.060603
-0.098327
-0.115768
-0.141482
0.092521
0.043641
-0.007894
0.011553
-0.100197
-0.011439
-0.018766
0.021968
0.014764
-0.177546
-0.013167
-0.096998
0.003805
0.029745
0.051577
-0.043520
0.020122
-0.112682
0.003796
0.013794
0.104888
0.054574
0.075764
0.093114
-0.053988
-0.021355
-0.001969
0.148844
-0.036725
0.099378
0.168217
-0.100298
-0.066009
0.009879
0.056126
0.024236
-0.070118
-0.062934
0.006355
