1
128
0.060339
0.027143
0.109639
-0.148655
-0.135911
0.398987
-0.002244
-0.290396
-0.183816
0.115249
0.070587
-0.239499
0.028354
0.173431
-0.317536
-0.399996
0.060829
-0.241495
0.064818
-0.097510
-0.294149
-0.215976
0.049965
0.065580
0.057905
-0.118106
-0.110206
-0.084125
0.157684
0.097573
0.115962
-0.241147
0.427495
-0.098582
-0.257713
0.015137
-0.015400
-0.168510
-0.027207
-0.039487
0.088611
-0.221107
-0.229090
0.272703
-0.011961
-0.005353
0.183812
-0.192969
0.270869
0.033227
0.055398
-0.007317
0.086477
0.106620
0.168919
-0.114151
-0.014982
-0.243217
0.024778
-0.125015
0.649564
0.136577
0.177603
0.123394
0.077992
-0.080931
-0.067399
0.249749
0.258241
0.344509
0.191823
0.343535
0.017039
-0.067652
0.128272
-0.043549
-0.211002
-0.460331
0.176113
0.166397
-0.057355
-0.388399
0.244337
-0.249666
-0.041446
0.088437
0.337127
-0.071990
0.067355
0.000292
-0.180866
0.090773
-0.284442
-0.006470
-0.021106
0.283203
0.129507
-0.335947
0.077784
0.112826
0.097345
0.142052
0.085993
0.074819
0.146873
0.113450
0.180901
-0.126814
0.052074
-0.190417
0.160030
0.406382
0.048987
-0.212116
0.038718
-0.015975
0.238091
-0.110454
0.328717
0.282815
0.069543
0.124082
-0.108118
-0.006333
0.070886
-0.364158
0.135340
-0.004256
