1
128
-0.039073
0.220598
-0.097771
0.126502
-0.056110
0.244501
-0.078055
0.138520
-0.051484
-0.146335
0.105666
-0.065215
0.051420
0.034482
-0.108892
-0.027946
-0.249196
-0.101937
-0.024151
0.076808
0.035166
0.082390
0.055881
0.081363
0.119264
0.028907
-0.002700
-0.126359
0.013924
-0.005541
-0.034733
0.050374
-0.036905
0.052619
0.131689
-0.053198
-0.647522
0.034091
-0.077703
-0.069480
-0.092883
0.242797
-0.006660
0.069449
-0.008659
0.056100
0.101096
-0.382246
-0.042250
-0.090687
-0.171150
0.003146
-0.167248
-0.067940
-0.219883
-0.141863
-0.078361
-0.094990
-0.014158
0.184295
0.035265
0.001466
-0.026918
0.226937
-0.006574
-0.062759
-0.142347
0.022204
-0.090266
-0.093862
0.143814
0.048415
0.015772
0.023272
-0.501019
-0.064706
-0.075649
0.058299
0.055740
0.122858
-0.044791
0.041393
-0.053415
0.008436
0.096403
0.031304
0.026692
-0.090651
-0.071398
-0.172129
-0.049581
0.176051
0.058601
0.337749
-0.254889
0.135055
-0.196582
-0.090398
0.254974
0.758474
-0.200276
0.048089
0.391262
0.054329
-0.190355
-0.053786
-0.049263
0.066444
-0.111284
-0.034473
-0.061785
0.076443
-0.085997
0.153914
-0.109274
0.011939
0.005515
-0.281650
-0.170019
0.049594
0.053467
-0.522690
-0.134911
-0.032268
0.002964
0.244801
0.026650
-0.119788
