1
128
-0.255126
-0.306533
-0.329068
-0.280406
0.031067
-0.386250
0.561302
0.192411
-0.430866
0.187177
0.065102
-0.532127
0.742523
-0.326453
0.013675
0.091558
0.320497
-0.228459
0.144688
0.019046
-0.206906
0.499694
0.471304
-0.081506
-0.382164
0.130652
0.300614
0.391002
0.025533
-0.560974
0.395994
-0.569809
0.283629
0.180144
-0.113661
-0.459068
0.284714
0.142914
0.562797
-0.223981
0.391568
0.254663
0.929608
-0.143230
-0.036839
0.288389
0.400889
0.581719
0.475474
-0.373479
0.062743
-0.276551
0.019921
0.127964
-0.056365
-0.124476
0.026333
-0.039307
-0.007648
0.314040
0.814122
-0.258345
0.216568
-0.242150
0.176616
0.051240
0.301520
-0.234350
-0.515950
-0.519030
-0.155957
0.166691
0.201437
0.237615
-0.699534
-0.155203
-0.567260
-0.495532
0.328057
0.261282
0.015949
-0.090007
0.006209
0.133206
-0.055654
-0.419098
-0.300703
-0.570526
0.307619
0.108845
-0.291161
0.378291
0.044238
-0.332150
0.353481
0.227977
0.044033
-0.004898
-0.365107
0.277240
0.213888
-0.303871
0.306859
0.619479
0.022990
-0.205964
0.091379
0.262183
0.434871
-0.231063
0.240630
0.160483
0.389312
0.208733
-0.040024
0.048408
0.082586
-0.233867
0.150744
0.251997
0.156694
0.004086
0.140116
0.087753
-0.484150
0.161247
0.097826
0.383631
