1
128
-0.582878
-0.657899
0.585148
-0.653447
-0.789184
0.172728
0.322077
1.206634
0.153161
1.169674
-0.693600
1.308968
-1.768178
1.011789
1.239033
1.000454
0.694527
-0.206457
0.918460
0.958332
0.973156
-0.045342
0.941553
-0.577074
-0.105151
-0.559112
-0.580773
-0.341919
1.091566
-1.204221
0.072503
1.092041
1.060840
1.005035
0.138324
-0.050287
-2.025733
-0.181267
-1.336532
0.615690
0.915458
0.164128
-0.119914
0.755099
-0.245015
1.082668
1.201645
1.055158
0.678881
-0.280088
-0.503376
0.286162
1.158222
-0.464944
-1.148852
1.098184
0.363640
0.541365
-0.167346
-0.380392
0.569183
-1.398840
-0.348577
-0.623793
0.345043
-0.602869
-0.015336
1.108657
0.360095
-0.380333
-0.260971
0.806888
0.005461
-0.379847
1.049688
-0.592346
1.163063
-0.237321
0.975739
0.391264
-1.242918
0.194233
0.988291
0.814825
0.170308
-0.133308
0.968905
0.197656
0.789578
-0.578941
0.922944
0.299570
-0.364239
-1.158969
-1.325474
0.761774
-0.598054
1.239831
-0.848010
0.491003
0.678446
1.130271
-0.358726
-1.106814
-0.286632
0.890926
-0.233718
1.144073
-0.177836
-0.296576
1.196591
0.798328
0.794230
1.102961
-1.295200
-0.662416
-0.497080
0.573277
-0.224963
0.854042
-1.000955
-0.790999
1.210672
-0.504638
0.647863
-0.160038
0.159145
-1.883450
