1
128
1.059028
0.572225
0.422134
1.273636
0.703980
0.908264
0.847434
0.507536
0.505457
1.149051
0.725694
0.684554
0.246099
0.394969
0.094792
0.575217
0.537679
0.490846
0.919618
0.328162
0.722844
0.298954
0.429992
0.936911
0.099657
0.405868
0.607560
0.052817
1.123139
0.139836
0.715734
0.614785
0.532320
0.881112
0.118998
0.957837
0.222850
0.739308
0.472721
0.273930
0.318769
0.588049
0.504519
0.936894
0.489037
0.924545
0.635861
0.579565
0.824652
1.105005
0.274352
0.801599
0.347814
0.398280
0.360017
0.601426
1.040392
-0.596034
0.199915
0.125500
0.400546
1.099555
0.661902
0.335652
0.785761
0.570864
0.814223
0.595447
0.937443
0.765020
0.659260
0.446398
0.769665
0.867140
0.906559
0.652565
0.846169
0.952961
0.823657
1.046356
0.649478
0.037191
1.017679
0.355212
0.979227
0.982382
0.877057
0.119007
0.024574
0.730014
1.125592
0.760840
0.856583
0.444221
0.615694
0.665977
0.145228
1.032144
0.372276
0.599746
0.761629
1.148627
0.275157
0.599605
0.645635
0.350213
0.601554
0.758988
0.775393
0.999055
0.531859
0.101158
0.934201
0.378644
0.392243
1.250037
0.079174
0.469918
0.171330
0.650576
0.596346
0.448114
0.374888
0.562396
0.127541
0.060757
0.737024
0.370262
