1
128
1.000737
0.626368
0.981197
0.796869
0.778777
0.605058
0.709379
0.661724
0.733923
0.501731
0.728805
0.989543
0.340501
0.742402
0.907186
0.898081
0.618926
0.656811
0.364489
0.598620
0.496038
0.025965
0.267520
0.911384
0.914938
0.181167
0.459505
0.383564
0.047782
1.435474
0.761267
0.766501
0.635182
0.405617
0.743263
0.903287
-0.007963
0.437716
0.472671
1.007924
0.251868
0.622308
-0.078421
0.812493
0.985986
0.832878
0.326704
0.275503
0.575128
0.479462
0.651108
0.686307
0.691312
0.655077
1.019862
0.622770
0.823349
0.862689
0.953973
0.827862
0.290294
0.581048
0.620675
1.239938
0.807427
0.347041
0.504327
0.785996
0.831526
0.879521
0.729384
0.579256
-0.154799
0.609425
1.462839
1.133422
1.440710
0.836078
0.689361
0.779511
0.008583
0.360131
0.557101
0.547271
0.718164
0.942217
1.233338
1.510673
0.604912
0.730022
0.700298
0.578896
0.465326
1.125950
0.772924
0.860476
0.393375
0.458874
0.911936
0.155485
0.733809
0.922333
0.803282
0.488385
1.259181
1.201030
0.439095
0.683157
0.453847
0.741209
0.633260
0.549503
0.171866
0.594497
0.730765
0.357029
0.798642
0.848752
0.172560
0.170588
0.364799
0.956908
0.481381
1.023608
1.584075
0.566015
0.680689
0.275171
