1
128
0.213179
0.448823
0.422356
0.392216
1.117291
0.275190
0.532080
0.513223
0.179638
0.509459
0.699722
0.038799
0.676079
0.522505
0.303508
0.484527
0.421818
0.366762
0.360155
0.742440
0.070136
0.511132
0.238204
0.819316
0.778063
0.145048
0.560229
0.530635
0.411246
0.360813
0.548360
0.652445
0.989289
0.295574
0.554341
-0.199140
0.441409
0.126308
0.434118
0.876915
0.463885
0.600072
0.459417
0.310869
0.279180
0.360253
0.182599
0.129128
0.470567
0.703249
0.961046
0.288707
0.457335
0.738042
0.214165
0.725490
0.645434
0.458101
0.807005
0.719972
0.920324
0.938661
0.703788
0.630806
0.351834
0.279576
0.369465
0.170643
0.309277
0.169543
0.222506
0.241843
0.744463
0.450397
0.616614
1.255039
0.256809
0.154132
0.367474
0.690110
0.533290
0.698860
0.401630
0.367443
0.408895
0.424700
0.522284
0.579444
0.225447
0.027027
0.431739
-0.111568
0.524565
0.212151
0.364747
0.615753
0.483575
0.650226
0.484205
0.531483
0.430611
0.188421
0.620837
0.464645
0.436164
0.636151
0.259996
0.315223
0.283041
0.943392
0.156236
0.519522
0.091457
0.626515
0.319265
0.468595
0.117239
0.305342
0.427881
0.499306
0.627443
0.810901
0.093921
0.739235
0.692977
0.283138
0.435249
0.153646
