1
128
0.105506
0.100815
0.188735
0.334962
-0.220339
0.132890
0.037720
0.188774
-0.023860
0.210776
0.039742
-0.224459
0.089664
-0.377400
0.257092
-0.061777
0.359276
0.275895
0.433932
-0.002862
-0.240772
-0.524079
-0.011338
0.215029
0.384546
-0.343104
-0.052367
-0.375943
-0.456037
-0.273813
0.081338
0.254289
-0.260150
-0.097185
0.315415
0.000110
-0.160529
0.107905
-0.038455
0.243446
-0.046450
-0.318845
-0.219109
-0.262565
0.196886
-0.191842
0.069607
-0.102385
-0.088885
0.048205
0.039737
-0.028588
-0.135611
0.083564
0.034536
0.054435
0.128195
-0.390750
-0.452377
0.085795
-0.419255
-0.357448
-0.205697
-0.164415
0.082250
0.064868
-0.217955
-0.196866
0.007357
0.145690
-0.095173
-0.132576
-0.110429
0.142337
-0.417327
-0.109139
-0.156447
0.060730
-0.110748
0.288505
0.631420
-0.358617
-0.168503
-0.440823
0.046689
-0.068485
0.025551
0.096040
-0.289287
0.051965
-0.062773
-0.226883
0.210772
0.130191
0.124470
0.028212
-0.738981
-0.099895
-0.337775
-0.182222
0.059727
-0.125424
0.291118
-0.395990
0.027856
-0.133464
0.763689
0.361734
0.208364
0.096536
0.179904
-0.287990
0.322710
0.162957
0.128574
-0.296445
-0.173901
0.375377
-0.248784
-0.250808
-0.072198
-0.436395
0.033676
-0.094900
-0.131409
-0.061881
0.000602
-0.063849
