1
128
0.033949
-0.375334
0.170017
-0.233232
0.579428
-0.363368
0.410720
-0.226952
-0.365185
0.015130
0.231373
0.131258
-0.074887
-0.209018
0.127466
-0.216543
-0.065964
-0.258924
-0.084856
0.187841
-0.138256
-0.051018
-0.028745
-0.009608
-0.401234
0.284559
-0.233493
0.066350
-0.456550
0.299444
0.059907
-0.298658
-0.009358
0.080043
0.193487
-0.220269
0.007333
0.115841
0.150334
0.031761
-0.209801
0.351877
0.066152
-0.313206
0.102358
0.207940
0.281632
-0.052033
-0.032019
-0.438080
-0.093658
-0.166030
-0.261098
-0.134147
0.124985
-0.141102
-0.535471
0.096628
0.025418
0.462958
-0.213712
0.054880
0.230691
0.144169
0.030104
-0.017216
0.535560
0.270337
-0.069731
-0.062846
0.634951
-0.272125
-0.049021
-0.024273
-0.188082
-0.052264
0.016065
0.100437
0.445785
0.095304
-0.116734
-0.272984
0.228546
-0.052947
-0.056811
-0.387663
-0.289778
0.613322
0.225104
-0.215768
-0.442781
0.267089
-0.403257
-0.261818
-0.271960
0.141215
0.128000
0.088951
-0.121966
-0.323413
0.173458
-0.287898
0.075248
0.009547
0.311151
-0.142588
-0.262717
-0.298904
-0.220359
-0.136904
-0.100040
-0.093092
0.155327
-0.225436
0.358725
-0.317349
0.262118
-0.329809
0.098469
-0.175144
-0.063830
-0.028577
-0.003393
0.401345
0.016164
-0.084226
-0.000550
-0.051893
