1
128
0.202728
0.078665
0.215284
0.285025
0.037413
-0.172240
-0.388933
-1.081232
-0.226812
-1.005908
0.030009
-1.032557
0.216490
-0.712088
-0.696509
-0.652741
0.012837
0.138503
-0.552385
-0.713746
0.299846
-0.169119
-0.425963
0.151862
-0.285529
-0.192487
-0.244776
0.008183
-0.479657
-0.134531
-0.087137
-0.583357
-0.870562
-0.264479
-0.170676
-0.411394
-0.055291
-0.253736
0.106218
0.136311
-0.732532
0.091126
-0.294229
-0.085762
-0.492235
-1.066411
-0.277546
-0.481951
-0.210179
0.171500
0.218146
-0.090857
-0.378653
0.477453
0.343953
-0.242535
-0.186931
-0.599660
0.773117
-0.193988
-0.923992
0.649431
0.004858
-0.068021
0.063993
0.372153
0.318932
-0.264882
-0.337371
-0.446609
-0.466736
-1.045849
-0.103476
0.378241
-0.951946
-0.083329
-1.062631
-0.436885
-0.749598
-0.400296
-0.109139
-0.262370
-0.679753
-0.862927
0.122528
-0.242655
-0.586260
0.011179
-0.893621
-0.093085
-1.016450
-0.342623
0.370545
0.388907
0.171825
-0.923860
-0.191650
-0.951141
-0.049898
0.155803
-0.664575
0.160636
-0.038261
0.244648
-0.370007
-0.796047
-0.298493
-0.803820
0.114355
0.003116
-0.620518
-0.765215
-0.067272
-0.927505
0.082326
0.007594
-0.421555
0.330329
-0.038488
-0.598680
-0.256236
0.148269
-0.687328
-0.403129
0.030637
-0.250614
0.047776
0.126314
