1
128
-0.898170
-0.590993
0.116559
-1.136940
-0.910475
-0.615114
-1.070531
-0.241020
-0.345013
-0.863892
-0.836030
-0.621317
0.343986
0.153670
0.118052
-0.420293
0.138373
-1.049803
-1.093670
-0.212708
-0.600390
-0.222048
-0.334261
-1.130478
0.126405
-0.151088
0.383600
-0.038390
0.252699
-0.275761
-0.761797
0.384931
0.386714
-1.297534
-0.206617
-0.634420
0.398932
-0.744842
-0.480385
-0.394357
-0.401854
-0.341010
-0.579804
-0.091007
-0.012461
-0.643543
-0.515782
0.171917
-0.792083
-0.663341
-0.244111
-0.340644
-0.015822
-0.149130
-0.649371
-0.021887
-1.205110
-0.237430
-0.092559
-0.459807
-0.373791
0.429311
-0.830553
0.273952
-0.488693
0.321438
0.186785
-0.162359
-0.135036
-1.042203
-0.425156
-0.732981
-0.075403
-1.185579
-0.459630
-0.655924
-0.857121
-1.355819
-0.541110
-0.851201
0.035061
-0.262255
-0.260856
0.214638
-0.476614
-0.883026
-0.341631
-0.021181
0.490256
-1.011477
0.427123
-0.095428
-0.321854
0.567819
-0.407514
-0.609701
-0.105714
-0.517110
-0.433880
0.574332
-0.231172
-0.764192
-1.016005
-0.442390
-0.152640
0.001346
0.466286
-1.328241
0.284387
-1.246962
-0.215928
-0.403482
-0.369807
-1.112438
0.264919
-0.130246
-0.065453
0.047516
-0.299264
-0.580705
-0.448404
-0.785454
0.332535
-0.217704
-0.022139
0.329057
-0.342146
0.208910
