1
119
-0.761961
-0.280858
-0.563836
0.124185
-0.038099
-0.438949
0.050439
-0.143169
0.753710
0.179856
-0.148088
-0.483733
0.414293
0.448683
0.229858
0.395013
0.932994
-2.077276
0.117923
-0.098910
-0.903488
-2.683126
-0.031774
-0.074139
-1.086354
-0.051869
0.275545
-0.637630
0.068130
0.338786
-0.099873
-0.167612
-0.433258
-0.897872
-0.843617
0.167377
-1.921489
-0.434965
-0.549686
-0.055183
0.078245
0.118653
-1.274957
-0.291697
0.053725
-1.088572
0.255050
-0.947684
-0.511738
-2.015991
0.365042
-0.126741
-1.662695
-1.318882
-1.189219
0.905911
-0.390523
-0.796603
-0.116973
-0.945425
-1.120723
0.001839
-2.105103
-0.455649
-1.153221
-1.749999
-2.050404
-1.633771
-1.392286
-1.074526
-1.507578
-1.286057
-0.741678
-0.286787
-0.977558
-1.750576
-1.324586
-0.360760
-1.167867
-0.376564
-1.552289
-1.668286
-2.783266
-2.702481
-2.844777
-4.329245
-3.465260
-4.055195
-3.166208
-3.207821
-5.496754
-5.404889
-5.371598
-1.530015
-1.656528
-1.349488
-1.711633
-1.699058
-5.405190
-2.295201
-2.569537
-1.550513
-2.222731
-1.846717
-5.039056
-2.721221
-5.392113
-4.416622
-5.405730
-5.477469
-4.977206
-1.733874
-5.584141
-4.111355
-4.546533
-3.087661
-2.127696
-1.950679
-5.515332
