1
128
-0.001331
0.077802
-0.147224
-0.036847
-0.001222
0.128209
0.032632
0.045178
-0.005256
-0.019722
0.001842
0.089342
0.180503
-0.057329
0.198448
0.041590
-0.066170
0.126685
0.097755
0.078219
-0.089321
0.040965
-0.008668
0.043649
0.046892
0.052937
-0.063468
0.074435
0.068410
0.063254
-0.009087
0.004767
0.011070
-0.070957
-0.064271
0.168417
-0.202346
0.029727
-0.052039
0.042850
0.092774
0.004900
0.140422
-0.173983
0.041366
0.009097
-0.022348
0.009256
0.010625
0.031543
-0.032130
-0.094410
0.077999
0.071812
0.069737
-0.010701
-0.104899
0.051156
0.001249
-0.131132
-0.059846
0.133205
0.023957
0.079037
0.110915
0.046886
0.122113
0.008587
0.004408
-0.092193
-0.051661
-0.056204
-0.078698
0.013191
0.038075
-0.021009
-0.015393
-0.009077
0.024425
-0.032974
0.096529
-0.036311
-0.061259
-0.024471
0.179766
0.203563
-0.037365
0.042908
-0.012055
0.013128
0.035465
-0.066309
-0.002725
-0.090177
-0.019437
-0.034276
0.093084
0.092050
0.112439
-0.082861
-0.057172
-0.020905
0.026532
0.113306
0.178587
-0.038540
-0.026507
0.012057
-0.055756
0.050468
0.023613
-0.030940
-0.072282
0.075413
0.008672
0.064586
0.004769
0.086823
-0.026157
-0.030294
0.121312
0.078562
-0.089368
-0.018047
-0.002183
0.050990
0.091567
-0.077625
