1
128
0.129319
0.068484
0.186539
-0.362936
-0.093901
0.047751
-0.027727
0.035002
0.095533
-0.108451
-0.072917
0.022558
0.090270
-0.293659
-0.052109
0.081701
-0.217177
-0.122871
0.156321
0.103903
-0.189056
0.099818
-0.139309
-0.090766
-0.039564
-0.231627
0.010982
-0.014150
0.022118
0.356202
-0.071999
-0.038327
-0.021971
-0.212510
0.128515
0.018852
0.001293
0.037032
0.140270
0.086484
-0.042801
-0.003774
0.377384
0.093825
0.128359
-0.060777
0.095181
-0.166629
-0.071527
-0.149614
-0.215069
-0.269717
0.384911
0.240362
-0.007501
0.168851
0.016932
0.132723
-0.164858
-0.080348
-0.027634
0.022473
0.195381
-0.034320
0.227358
0.033304
0.061553
0.271246
0.104951
0.244326
0.013244
0.175597
0.051542
-0.103987
-0.113055
0.163767
-0.022917
0.068324
-0.146587
-0.338620
0.177045
0.366296
-0.039571
0.005159
-0.088143
0.041778
0.136529
-0.181496
0.206678
0.077718
0.025535
-0.036232
0.199107
-0.407582
0.174204
-0.033081
-0.191737
0.166702
-0.316629
0.150551
-0.036543
0.021762
0.115469
-0.305030
0.067466
0.063105
0.148009
-0.114773
0.030696
-0.005174
0.015001
0.105240
0.196620
0.069676
0.397151
0.219629
0.201809
0.048743
0.211120
-0.070746
-0.177562
-0.131928
-0.036752
-0.051609
-0.062199
0.129052
-0.000922
0.168993
