1
128
-0.159521
0.081859
-0.046715
0.124870
-0.062515
0.056445
-0.024145
0.075684
-0.108603
0.105933
0.015399
-0.081286
-0.110814
-0.112663
0.195737
0.110068
-0.123172
0.088718
-0.108253
-0.321644
0.252983
-0.009271
0.118007
0.232430
0.017515
0.032468
0.080800
-0.135458
0.057781
0.136776
-0.133324
-0.178816
-0.248914
0.019017
0.118497
0.017271
0.112042
0.230603
-0.108738
0.440623
0.007309
-0.080567
-0.062906
-0.083666
0.121334
-0.055056
0.132178
0.071191
-0.364680
-0.102315
-0.151516
-0.304337
-0.049753
0.101796
-0.050874
0.012084
-0.079305
0.211211
0.023627
-0.046074
0.215702
0.049701
-0.152777
0.292355
-0.035073
-0.180382
0.302341
0.117101
0.194522
-0.251257
-0.229586
0.017244
0.126963
-0.041985
-0.141771
0.110198
0.278062
0.070811
0.038116
0.068819
0.268370
0.052332
-0.063349
-0.066597
-0.120925
0.166115
0.281085
-0.330364
-0.071581
-0.109321
-0.138001
0.087645
-0.293110
-0.180436
-0.193238
0.038295
-0.098771
0.291924
-0.162029
0.106605
0.239395
-0.006335
0.106284
-0.255586
-0.038764
-0.735055
-0.194653
-0.302344
-0.047337
0.009926
0.030769
0.026389
-0.036731
-0.136507
0.193448
0.103669
0.058906
0.026143
0.432939
0.047427
0.312190
-0.608498
0.298790
-0.103627
0.254996
-0.148211
0.015051
-0.421593
