1
128
0.883989
0.511283
-0.028600
0.853813
0.579142
-0.478453
0.860786
1.107435
-0.112466
0.822772
0.836682
0.846373
-0.408863
0.543399
0.360435
1.043429
-0.306298
-0.012275
-0.305833
0.185642
-0.700003
0.789312
0.897917
0.956757
-0.250924
0.804927
0.837661
0.472273
0.925007
1.092665
1.025499
0.754759
0.768898
0.923521
0.605038
0.147020
0.898395
0.809589
0.976580
1.270880
0.267829
0.541430
-0.004670
0.785246
0.859817
0.853619
0.052785
0.888725
0.669279
0.785467
0.947628
-0.200676
0.854556
0.040202
0.303916
0.989746
0.670338
1.086829
0.789546
-0.548261
0.948746
-0.131004
0.244878
0.059538
0.789978
1.038074
0.393560
0.704456
0.748208
0.197712
0.480933
0.955558
0.737967
1.047756
0.874417
1.064494
1.012786
1.149793
0.583180
0.779947
0.075855
1.089697
0.750823
0.095062
-0.382822
-0.906145
0.793930
0.753132
-0.041825
0.927355
0.810755
0.722932
1.108304
1.063183
0.603713
0.918053
1.128354
0.534621
0.379461
1.055453
0.833497
0.543383
0.685808
0.333359
-0.719976
1.097512
0.977037
0.672396
1.082813
0.674462
0.548351
-0.270220
1.042503
0.571661
0.960271
0.835480
1.055805
1.154143
0.802210
0.994567
-0.687208
0.544906
1.096251
0.595117
0.927109
1.070920
0.830904
0.807334
