1
128
-1.204639
0.514317
-0.224597
-0.827801
0.773345
0.802153
-1.525191
0.294460
1.117664
0.689193
-0.656485
0.606850
0.664920
-1.304885
0.533125
-0.828807
-0.266929
-1.117408
0.160047
0.580650
0.695916
-0.992034
-1.009742
1.069814
0.118109
-0.795650
0.228940
-1.252815
1.578529
-1.105196
1.096052
1.052636
-0.495841
-0.946002
-0.845069
1.045898
0.968885
-0.601268
-0.159922
0.629471
-0.478922
-1.043223
-0.519236
-0.966417
-1.172651
0.713496
-0.738327
-1.169996
0.328456
0.924007
0.730343
0.694793
-0.349272
-0.109659
0.895134
-1.084206
0.155214
0.097160
1.372285
1.211816
1.030971
-0.656567
-0.505519
0.571289
-0.487784
-0.707876
0.400583
-0.008597
-0.481786
-1.076226
1.415945
-1.298425
-0.329116
-0.943867
-1.043710
-0.508046
0.152666
0.646900
0.698256
-0.275517
0.675115
-1.249837
-1.229151
0.604567
1.349794
1.336749
0.332349
0.735438
0.285614
-0.780081
0.073265
-0.237776
0.117219
-0.139602
0.518442
-0.393796
-0.652752
0.631940
0.477918
-0.336179
-0.331311
0.339778
-0.874999
-0.334343
1.100444
-0.140790
0.038194
-0.090788
-0.806720
0.004210
-0.929157
-0.142422
-1.817586
0.215427
-0.222797
-0.305237
0.713009
0.823171
0.223531
-0.748932
0.769457
0.828231
0.863961
0.945645
0.864564
-0.306984
-1.087615
0.497012
