1
128
0.812220
0.602077
0.726198
0.985737
0.449334
0.795118
0.949781
0.242269
0.763899
1.064465
0.159989
0.637505
-0.937038
1.066891
-0.037914
0.364884
0.897866
0.336936
-0.037921
-0.081305
1.125461
1.062995
0.026757
-1.016403
0.953147
0.844854
-0.762039
0.348914
0.656987
0.373101
0.905286
-0.178670
0.516175
0.904729
-0.892490
0.481025
-0.021869
-0.473132
0.341068
-0.637957
1.169454
-0.957507
-1.653669
1.027694
0.659589
-0.385230
1.135950
-1.147418
1.231151
1.234375
0.350592
0.277737
-0.024403
0.850132
0.517248
0.695613
1.067876
0.782586
0.266252
0.219230
0.661925
0.675904
-0.627823
-0.304378
-0.312445
0.376482
-0.151049
-0.409636
-0.458882
1.384311
0.890121
-0.594918
-0.052348
0.844100
-0.841525
0.359605
0.463688
-0.920678
1.009851
0.960706
1.409581
-0.138818
-0.366607
0.400456
-0.541467
0.025667
0.850595
-1.156160
1.218629
1.143647
-1.315656
0.991256
0.512236
1.085606
0.133387
0.620700
-0.168578
0.907573
0.638382
1.056090
-0.669946
-0.539989
1.177628
0.954760
-0.821809
1.560188
-0.556818
-1.012398
-0.048552
0.931503
-0.462871
0.896103
0.847888
1.051498
1.164823
-0.145900
0.303282
0.197504
-0.222993
-0.014020
-0.431649
-0.867338
0.644286
1.079970
-1.183168
0.381143
0.555471
-0.852373
