1
128
0.336080
1.178837
1.499070
0.855931
0.911082
1.636362
0.288483
0.585097
1.408246
-0.029272
0.538219
0.554681
1.706152
0.603817
1.373594
0.300598
0.720357
0.957305
1.395052
1.117432
1.332634
0.194533
0.718485
0.440606
1.202402
0.358106
0.431702
1.386425
0.397754
-0.028142
0.399958
0.569548
0.625171
0.510351
0.804269
0.979491
0.519281
0.357610
-0.050662
0.188588
0.971562
0.958200
1.044474
0.639902
0.622244
0.330585
1.063987
0.132482
0.337153
1.186516
0.639206
1.440007
0.793282
0.834726
0.764140
0.619051
0.642639
0.349569
0.445506
1.199098
0.517424
1.559382
0.802503
1.236961
0.318089
0.014297
1.012748
0.034588
0.492485
0.598673
0.820123
0.607178
0.815759
0.445331
0.771269
0.177627
0.728949
0.490596
0.729215
0.608605
1.369945
0.461419
0.593366
0.792553
1.322957
1.585133
0.295179
0.368360
1.124027
0.534184
0.491391
0.291038
0.033040
0.278614
0.628870
0.456037
-0.161973
1.165315
1.264812
0.349529
0.561965
0.694717
0.551077
0.905321
1.828503
-0.000519
0.688590
0.505704
0.488740
0.720443
0.838727
0.232692
-0.103407
1.617232
0.076930
0.887956
0.564565
-0.024169
0.607158
0.536388
1.470543
0.526435
0.029231
1.153329
0.485463
0.613365
0.105504
0.743582
