1
128
2.551787
0.747920
0.744545
1.457611
0.631540
0.683972
2.391760
0.622802
-0.124936
0.590576
0.960619
0.884590
0.395562
1.173175
0.362163
1.417126
1.530505
2.057548
0.332382
0.451202
0.351274
2.055670
2.211847
0.035827
0.748556
1.484255
2.007461
1.703574
0.266579
2.046409
0.203071
0.211132
1.966492
1.941456
2.094971
1.078433
0.403477
1.184622
1.272117
0.912800
1.239460
1.657469
1.894437
2.262734
0.376779
0.125760
1.181903
1.736090
0.726272
0.695207
0.645831
0.447921
1.292728
0.659375
0.123942
2.210249
0.844101
0.645004
-0.038601
0.175035
0.779309
2.015023
1.177890
0.167930
1.480213
2.063484
0.460312
1.383082
1.345758
1.604329
0.126661
1.028918
0.870701
1.230386
1.551648
1.643296
1.091869
0.311561
0.093250
1.221976
1.065114
1.954941
1.645019
0.373758
-0.056180
0.279438
0.533006
0.127974
0.201501
1.532247
0.308183
0.356046
0.980552
1.388953
0.205521
0.623235
1.429345
0.404610
0.782835
0.818010
1.129984
0.340132
1.846630
1.408311
0.346071
1.306761
0.761733
1.431759
1.587921
0.764982
1.296735
1.736657
1.637641
0.672644
1.430460
1.499577
0.412161
0.643399
1.039713
0.329475
0.095237
0.170652
0.646515
0.082320
-0.128536
1.235490
2.270116
0.938382
