1
128
0.634679
-0.789854
-0.268752
0.597124
-0.022505
0.409018
0.694204
0.051405
0.012889
0.440677
-0.261937
-0.288597
-1.706987
-0.323465
-0.480378
0.132884
-0.096689
-0.333510
-1.094421
-0.226082
0.207475
0.322682
-0.278811
-0.645666
0.180855
0.098730
-1.463167
-0.802247
0.616584
0.019980
0.161963
-1.349682
0.076975
0.084515
0.065945
-0.986362
-0.684869
-0.237011
-0.134468
0.033343
-0.025268
-0.600004
-1.308966
0.119021
0.183461
-1.186675
0.205786
-1.699328
-0.051140
0.369236
-0.127634
0.455918
-0.811548
0.507012
0.062495
-0.232255
0.952032
-0.144449
-0.414999
-0.706988
0.337529
-0.748142
-1.102191
0.031287
-0.444830
-0.622245
-1.017259
-1.470893
-1.500292
0.153420
0.131853
-1.039159
-0.875189
-0.744483
-0.360885
-0.296478
0.235429
-0.915901
-0.349639
-0.404286
0.133683
-0.379598
-0.463141
0.309472
-0.268106
-0.452561
-0.173554
-0.716397
0.129823
0.092708
-1.519743
0.468240
-0.112052
0.210850
-0.330814
-0.128875
-0.255530
-0.128610
0.225917
0.077233
-0.322690
-0.225955
0.167461
-0.154182
-0.084634
-0.662138
-0.237075
0.259325
-0.850908
-0.042013
-1.734069
0.526586
-0.194104
0.348495
-0.026223
-0.840500
-1.237368
0.072371
-1.153566
-0.389280
-0.420613
0.148227
1.009941
0.320471
-1.470838
-0.174948
0.002171
-0.302953
