1
128
-0.110129
0.516798
0.907252
-0.139644
0.479030
0.431990
0.227106
0.070169
0.603423
-0.111991
0.575153
0.186590
0.306241
0.105106
0.756232
-0.149717
0.074810
0.382739
0.877381
0.525723
0.919536
0.316895
0.066055
0.292590
0.754281
0.376419
-0.378352
0.569888
-0.136369
0.152531
0.228799
0.223544
0.410388
0.185951
0.110769
0.563439
0.512224
0.428579
0.304212
-0.176784
0.157063
0.237482
0.498187
-0.046106
0.038370
0.295470
0.070878
-0.333809
-0.052972
0.023696
0.105811
0.345588
0.466014
0.538574
0.494329
0.337099
0.506787
-0.224412
-0.277569
0.515911
0.351116
0.344727
0.260233
0.961856
0.212922
0.394128
0.227158
0.628587
0.082532
0.245935
-0.430441
0.244379
0.336876
0.042429
0.368182
0.196408
0.086474
0.055933
0.178455
0.334484
0.619362
0.149602
0.279984
0.845684
0.642371
0.533854
0.127472
0.209422
0.549517
0.164941
0.237462
0.304501
0.050556
0.077646
0.299008
0.413555
-0.143291
0.694371
0.804321
0.188530
0.046654
0.379642
0.187466
0.332944
0.680503
0.190894
-0.000390
0.187929
0.359495
0.539296
-0.100911
0.016416
0.010825
0.075774
-0.099774
0.187215
-0.281305
0.338299
-0.114941
0.120403
0.838810
0.148581
0.071397
0.402793
0.156332
-0.051778
0.421839
0.150798
