1
128
0.640906
-0.148615
0.034174
0.526556
0.042763
-0.259264
0.590593
-0.116237
0.092530
-0.121084
-0.135855
-0.216084
0.414855
0.662469
0.430852
0.084735
1.251855
1.057222
0.379055
0.445998
-0.407448
1.274114
0.495930
-0.214840
0.573074
1.033625
0.732834
1.009464
-0.724578
1.053310
-0.207742
0.082663
0.923436
0.989672
1.475656
0.076520
-0.244526
0.547169
0.548124
0.669933
0.651768
0.750786
0.910290
0.953050
0.346902
-0.058605
0.408425
0.779810
-0.170751
0.090266
0.439904
-0.063398
-0.070946
0.675446
-0.249410
0.942587
0.068939
0.527757
-0.402145
-0.031098
-0.416459
0.645897
-0.003959
-0.099296
0.276435
0.359050
0.165211
-0.040511
0.317645
0.909239
0.345029
-0.736528
-0.108727
0.176372
-0.114108
0.604087
0.569124
0.151375
0.335264
0.311515
-0.348014
0.677864
0.712121
-0.321129
-0.272200
-0.126746
-0.363331
0.412735
-0.503576
0.970530
-0.094871
-0.904837
0.374712
0.289693
0.345303
0.329817
0.400625
0.158098
0.868279
0.397750
-0.033648
0.440967
0.930270
0.797619
0.006762
0.098369
-0.326142
0.527322
0.822166
0.418210
-0.413797
0.257035
0.624946
-0.042171
0.347742
0.246425
-0.136294
-0.314918
-0.380192
0.125011
0.025845
0.045361
-0.120197
-0.153839
-0.149442
-0.068465
1.813706
-0.394804
