1
128
-0.677565
-1.752070
-1.044571
-1.742277
-1.599343
-0.980288
-1.091411
-0.684221
-1.595222
-1.022797
-0.967849
-0.937983
-1.082730
-0.881664
-0.893911
-1.183731
-1.231916
-1.406717
-0.492960
-0.677282
-0.931217
-1.778409
-0.459593
-1.115108
-2.043907
-0.002030
-0.803494
-1.772589
-1.026525
-0.562234
0.384408
-2.136931
-0.280508
-0.482763
-1.571838
-1.356988
-1.242555
-1.712550
-0.833283
-0.050673
-0.481210
-1.617632
-2.538837
-0.965057
-0.755913
-1.365286
-0.388562
-0.737004
-0.763644
-1.111178
-1.488225
-0.921854
-0.805547
-0.481573
-0.545483
-1.253005
-0.807132
-1.170123
-0.341610
-0.901420
-0.655247
0.355625
-1.088476
-1.151185
-1.989225
-0.667656
-1.250613
-1.037108
-1.459094
-0.750229
-1.435764
-0.659043
-0.991229
-0.762555
-2.286334
-1.476518
-0.314054
-1.006179
-0.430101
-0.584242
-0.963789
-1.317513
-1.440506
-0.267696
-0.697388
-0.374635
-0.893479
-1.018077
-0.579156
-0.638222
-2.093778
-1.358391
-0.172739
-1.086790
0.569585
0.115041
-1.351058
-1.594007
-0.493129
-0.862208
-2.567846
-1.163784
-0.341095
-0.611271
-0.899420
-1.160957
-0.893927
-2.116754
-0.990611
-0.871091
-1.079695
-0.122648
-0.347831
-0.795063
-0.527851
-0.821860
-0.515621
-1.158702
-0.844443
-0.888048
-0.778399
-2.696831
-0.939864
-0.743234
0.131524
0.048694
-0.645865
-2.624072
