1
78
0.946905
0.283498
-0.325492
0.076327
0.000836
-0.567629
-0.326864
0.616819
0.499013
1.274651
0.132027
0.225744
-0.607109
0.123363
0.396535
0.513353
-0.581778
1.182578
-0.350926
-0.812615
-1.267178
-0.628388
1.148710
-0.703797
0.185387
0.339997
-0.963239
0.182295
1.685550
0.727424
-0.475191
0.045376
-0.295108
-0.367292
0.196816
0.343408
1.145903
-0.790777
1.469007
-0.376381
0.960493
0.437818
0.765540
1.342855
1.134936
-1.866534
0.540510
-1.481296
0.686300
0.312391
0.311090
0.918102
-3.066132
0.176189
0.419039
-1.396840
1.521745
-1.000130
0.913777
0.156354
0.435171
-0.845151
-0.635342
-0.322093
0.126492
1.958301
-0.518796
-0.451162
-0.594408
-1.792223
0.669671
0.473878
-0.898458
0.397174
-0.467987
-1.318865
-5.070217
-0.628576
