2
128
78
2.065568
0.470383
0.051056
0.104166
-0.099492
0.029682
0.036180
-0.030858
0.138291
0.324656
-0.096770
-0.099290
-0.004080
-0.054190
-0.283700
-0.114584
-0.046379
0.551812
0.028986
0.004044
2.666197
2.476205
1.940664
1.132846
-0.033722
-0.094818
-0.057201
-0.057641
0.904667
-0.057074
0.049250
-0.089270
-0.015128
-0.051393
0.029218
-0.034396
0.576023
-0.315110
-0.123502
-0.042935
-0.324879
-0.321872
-0.840206
3.230755
0.031079
1.495579
1.700348
0.173747
2.621022
0.609270
2.092941
0.147562
3.219622
0.328221
-0.364063
-0.193826
0.636799
0.321599
0.166634
0.251137
2.052945
-0.117489
1.807634
2.399961
-0.501583
1.497361
0.262245
2.148457
1.897590
1.827830
-0.405933
0.498319
1.961255
0.646611
-0.165695
-0.059045
1.009496
0.234853
-1.595947
-0.886507
0.668664
-0.006410
0.847085
0.835009
-1.000821
0.807380
1.314331
-0.138855
0.871903
-0.852721
0.641992
0.735101
-0.072957
0.717829
0.365631
-0.807333
-0.781909
-1.204993
0.038565
-0.711630
0.568519
0.845049
0.653460
-0.956878
0.745684
0.328351
-1.160620
-0.716211
-1.446282
0.536990
0.714136
1.060466
1.138137
0.323546
-1.448484
-2.274561
-1.633698
-1.459771
0.049318
-1.026339
-0.519338
-1.578875
-0.487745
-1.822430
-2.337512
0.612654
-0.738746
-0.976847
-1.084592
-1.094809
-0.181210
-2.211723
-1.046566
-1.712016
-1.096752
-0.530203
-0.714759
-0.031297
1.332650
1.693075
0.893226
-1.642178
-1.527382
-0.657693
-1.384596
-1.799413
-1.522294
-1.362290
-1.893270
-1.728606
-2.067757
-1.606933
-0.891916
-1.064359
-0.330545
-0.193706
-2.365318
-1.502799
0.328479
0.269272
0.281911
0.259444
-0.468500
0.300723
-0.150964
-3.210587
-1.266869
-0.971401
-1.422995
-0.266531
-3.119450
0.025508
-1.310876
-1.736674
0.262936
0.405595
-1.403609
-0.987718
-4.440697
-2.582640
-0.990725
-0.451663
0.269904
-1.056527
-2.348214
-1.993749
-2.299486
-0.962265
-2.335596
0.832865
-3.034004
-0.695339
-2.149226
-3.198321
-1.530270
-0.138627
-3.145774
-3.377126
-3.186161
-1.835960
-2.893446
0.133610
-3.515779
0.272922
-3.511524
-3.302388
-2.331610
-1.718280
-2.170065
-2.948612
-1.254138
0.397647
-2.665941
-4.158370
-3.453643
-2.633427
-1.298846
0.388912
-0.384276
-0.554141
-2.254462
-2.271587
-1.833306
0.482920
-1.563709
0.605086
-2.477038
-2.271437
-0.071179
-1.951210
-3.420077
-1.448927
-0.685272
-0.623319
-0.016292
0.295887
-0.608662
-1.242855
-0.157228
0.341440
0.373222
-2.101072
-1.807738
0.701019
-0.522897
-1.124566
0.365369
-1.142550
0.775098
0.090727
-0.832123
-0.915175
0.438891
0.493199
-2.088384
-1.103825
-1.908204
-0.353345
-1.144262
-0.383513
0.434095
0.182184
0.917413
-2.512289
-1.034924
-1.509096
-1.485950
-1.198431
-1.082493
-2.717903
1.020081
0.203640
0.914345
-2.331566
0.911037
0.969892
0.189068
0.034155
-1.871986
-2.102530
-1.896599
-1.896854
-0.745167
-2.177135
-1.415372
-1.887113
-1.302913
0.678166
-0.440066
-2.985316
-0.303655
-3.474102
-1.059919
1.197961
-1.100497
-1.876092
-1.317605
-1.408486
-0.807829
0.429243
-2.579462
-1.676937
-1.275708
-0.918270
-0.872071
-1.106299
-0.034961
-0.624566
-0.427904
0.229429
-0.655680
0.128033
2.040509
-0.476047
-0.176526
-0.321161
-0.236951
-0.361129
0.788985
-0.095038
0.349096
1.598166
2.148483
2.477815
-0.244214
-0.142632
1.405127
1.036763
-0.221446
1.953385
2.413283
2.347185
-0.597783
1.430468
-0.357250
-0.172666
-0.257006
1.695892
1.052554
-0.172862
1.089153
0.736589
2.406348
-0.160601
-0.065508
0.148536
1.570210
-0.549282
0.413060
-0.342921
0.772422
-0.592215
0.311007
2.553265
-0.118778
1.920994
2.246029
-0.446376
-0.384925
2.485278
0.470590
2.937094
0.365021
0.931759
1.738632
1.846796
2.459434
-0.505695
1.295747
3.274361
-0.768198
1.378698
2.573215
1.843746
-0.714215
0.621925
-0.275832
0.934418
3.508935
2.784290
1.295443
2.521645
2.737662
3.545246
0.157951
1.686792
2.636126
0.006855
0.844817
2.612797
4.213748
1.544646
1.745866
-0.236823
1.841665
-0.273586
-0.225119
0.640549
3.341795
0.688026
1.832873
-0.541902
-0.365434
1.958323
0.321744
0.500218
-0.366510
1.336281
-0.231896
0.079169
-0.949956
2.505919
3.972169
-0.043443
0.431263
-0.393296
-0.238821
0.491232
1.817683
0.452935
0.635476
0.762446
0.238638
2.139221
-0.749935
2.808265
0.169004
2.929306
0.195014
0.131711
5.852574
2.495829
2.597322
5.336475
3.092020
-0.102323
1.819916
2.154776
2.012534
3.779858
2.252088
1.803884
-0.577116
2.056249
1.363510
1.061064
1.556292
4.650627
4.511160
3.328491
1.567588
2.846636
1.892078
0.116595
3.230359
2.930709
1.846334
2.500044
2.523932
1.268917
2.888760
2.441714
2.218817
1.320277
3.538200
1.679883
0.583201
1.326819
4.350906
-0.178905
1.154746
-0.138930
1.458508
-0.176277
-0.217635
0.860469
4.162097
2.953572
1.102612
-0.226857
-0.293934
1.532570
1.126666
0.335952
-0.145057
0.014996
-0.173793
-0.215927
0.109085
1.952582
2.978760
0.895758
0.815247
-0.395729
-0.209243
0.769345
0.903415
1.473132
-0.302569
0.729172
1.162023
0.678721
1.578867
1.161442
0.334490
1.644284
0.329310
0.520426
4.175231
0.753875
2.968951
3.249236
3.281339
-0.296238
0.692882
0.598176
-0.397499
5.907582
3.601175
2.074165
-0.106000
2.619844
2.449286
1.742314
3.229498
2.954889
3.324698
4.547524
1.400612
2.619975
2.351228
0.657270
3.734382
3.185208
2.375205
3.367958
2.314141
1.163885
2.420597
2.629753
3.181553
2.558223
0.500184
2.234150
0.718332
0.259792
0.926019
-0.021372
0.531538
-0.272063
-0.190170
-0.333305
-0.325249
0.266273
1.464004
2.007205
-0.050915
-0.595632
0.397254
-0.578845
2.001946
0.586470
-0.138382
2.656005
1.277538
0.613626
0.943538
2.446469
-1.380503
0.327797
-0.610949
-0.489513
-0.348626
-0.489874
-0.212407
-0.547181
-0.417988
0.284021
1.337251
1.030026
0.682243
-0.031951
-0.857363
0.080063
-0.709923
-0.899545
2.014531
2.479642
-0.788796
1.472485
2.577710
1.885842
1.685931
-1.448292
0.276863
-1.009362
0.808331
0.084456
2.502576
-0.630844
0.132982
0.906835
0.024010
-0.837482
0.667846
2.767383
-0.117797
1.880247
1.969283
1.817644
-1.032516
0.827122
2.399308
-0.104281
1.772961
0.261967
-0.651675
0.116997
1.707879
-0.252627
2.599832
1.556069
0.846938
1.747590
-0.423747
0.168274
-1.671030
2.364040
1.817669
-0.213752
-0.926521
0.141193
0.093609
1.926326
0.937362
1.903805
0.107811
0.675860
2.985526
-1.287373
1.489838
1.277034
-0.639215
-0.815925
2.966975
1.166546
-0.344784
-1.245867
0.980713
2.235577
-0.158922
1.751974
1.877239
-1.545418
2.205536
2.050955
0.924669
2.226676
-0.100101
1.323599
0.153927
2.761492
1.821208
1.884293
1.444690
0.670970
-1.216637
0.279728
1.379790
-2.276276
0.522164
0.325997
-1.712282
2.231097
2.628837
-0.717171
-1.384531
-2.061215
1.326171
2.472126
1.297850
1.792643
1.579302
2.590105
1.507064
1.463590
0.520708
1.798499
0.375097
0.886630
2.134631
0.612621
0.815150
1.336840
1.272167
0.571322
-0.736999
2.823926
3.862303
3.159789
0.494818
0.679930
-4.166128
0.285122
-0.643797
0.156124
-1.720205
0.131568
0.236666
-1.703357
-1.449120
-3.043124
-0.185908
-1.172077
0.307281
-0.600675
-1.351245
0.295523
0.147124
-0.223043
0.194201
0.292180
0.352612
-2.258981
-2.232617
0.185621
-0.598771
0.281601
0.001124
-1.488669
-1.968900
-0.556359
-0.025382
-0.868473
-0.133910
0.348203
-4.362462
0.070093
-4.059704
-1.053161
-3.614031
-1.143591
-3.848278
-2.611042
-4.142317
0.146201
-3.322433
0.410302
-3.106203
-0.353744
0.531061
-5.628649
-4.109837
-3.227212
0.180044
-3.954335
-5.614653
-1.359723
-2.647127
-5.379531
-4.197004
-2.759580
-3.556857
0.210489
-1.234141
-0.250928
-2.783392
-2.604034
-0.655068
-2.859618
-0.395270
-1.199781
-2.425917
-2.311631
-5.887057
-3.182827
-3.628603
-0.467697
-0.604294
-0.266679
-0.579618
0.695845
-0.160181
0.706550
0.817198
-0.801937
-1.149035
-1.348541
-1.375811
-1.147442
-1.153834
1.455869
-0.012874
1.049025
-0.938948
0.929911
0.858912
-0.786053
0.961249
0.089879
-1.006792
-0.562481
-1.112124
-1.435010
0.665527
0.318993
0.379962
0.963871
-1.225902
-0.138553
1.193940
0.138152
-1.200158
1.372360
-1.236425
1.003896
-1.179162
0.109567
-1.076981
1.574854
-1.081777
-1.093637
-1.111178
-1.219004
-1.168383
1.458264
-1.029114
0.192315
-1.269241
0.102410
-1.174367
-1.217227
-1.069529
-0.686382
-1.338834
1.730389
-1.000363
2.123493
1.297780
-1.055470
0.759514
0.937080
1.738329
-0.302484
-0.031986
-0.576664
-0.356634
0.988182
0.115749
-0.486228
0.485998
0.799282
-1.422685
1.439076
0.703726
0.772416
0.252780
-0.085289
-1.562815
-0.369852
-0.206573
-0.229233
-0.021937
-0.453976
-0.394992
-0.373633
1.317508
-0.628675
0.730807
-0.294427
-0.268999
0.170098
1.838821
-0.262365
-0.244057
1.767669
0.290495
1.108281
1.099441
0.992922
1.134069
-0.586166
-0.450091
1.374506
-0.534859
-0.599177
0.077321
-0.537100
0.652599
-0.640855
-0.550835
0.069844
1.016168
-0.158506
0.553287
0.288786
1.261673
-0.172784
1.630459
-0.461574
1.295721
1.243780
1.702749
1.463457
0.903498
1.178634
1.193688
1.055743
1.246746
2.243590
-0.443894
2.203867
1.171245
1.323258
2.647861
2.021774
-0.297946
2.277583
1.014433
1.150368
1.275361
1.736841
0.937599
0.848539
-0.123637
1.731338
1.968165
1.051838
0.666659
0.008244
-0.153287
1.230110
0.215130
0.495747
0.625839
0.495813
-0.723411
-0.596765
-0.874115
1.479700
-0.566245
0.468942
1.616543
-0.849860
-0.704863
-0.696402
-0.506712
2.004969
1.908108
-0.642871
-0.719301
-0.811370
1.864819
2.086091
-0.587761
1.649277
0.355312
1.426999
-0.734413
-0.974081
-0.503801
1.919524
1.463677
-0.918041
-0.689347
-0.603916
2.023712
-0.704707
1.148977
-0.637543
-0.615425
-0.593407
-0.411966
-0.796513
-0.352757
-0.136917
-0.693478
-0.486031
-0.501954
-0.670644
-0.639829
1.452902
-0.739787
1.785237
-0.062971
-0.398804
-0.662774
-0.631735
-0.244675
-0.099387
-0.703921
-0.709858
-0.155518
0.661233
0.013087
-0.571383
1.896740
-0.311820
-0.819633
1.572797
1.563984
-0.179874
0.810837
0.656749
-0.260588
2.047810
1.644742
1.390240
-0.836547
0.509795
-0.257356
0.751917
0.824843
0.765248
-0.005778
-0.228623
0.419308
-0.219261
0.479228
0.110600
0.118198
-0.036441
-0.305600
0.568314
0.464046
3.293608
-0.108844
0.212417
-0.904562
-0.281925
-0.360773
2.862664
-0.064596
0.834822
2.387448
1.151589
-0.177668
-0.423642
-0.109178
-0.525374
1.520012
0.982617
-0.234594
0.634901
-0.612524
1.810596
-0.643604
0.031492
0.131273
3.190261
-0.482498
2.985890
-0.429008
1.940197
-0.753701
2.898634
1.425398
0.166710
-0.728676
-0.743413
-0.687961
1.101067
-0.933122
2.136333
-0.358183
-0.478261
-0.498041
-0.377816
3.440392
-0.024655
0.818849
2.737365
1.921717
0.151466
1.751907
1.829309
2.440973
1.819335
0.625660
0.724171
1.846507
1.322857
1.472413
0.801774
0.982934
1.398091
1.991663
0.373252
2.053760
-1.230328
0.701355
1.911805
-0.202940
-0.269568
0.531936
0.618889
-1.837236
0.421363
0.679051
0.709445
0.467116
0.350840
-0.592967
0.320652
-0.084576
0.246335
0.022509
-0.806338
-2.020594
0.781237
0.733796
-0.148711
1.585044
-0.256706
-0.072507
0.737830
0.988389
1.053385
-2.139886
-1.754017
0.615206
0.136882
0.723682
-1.682268
1.306020
-1.366122
0.953843
-1.135412
-2.700970
0.179047
-0.372140
-2.290760
0.956851
-1.839477
-0.184505
-0.939009
1.657922
0.985378
1.284717
0.030572
-1.618621
-0.178656
1.231644
-1.677222
0.896791
-0.938130
-2.152752
0.623649
1.597499
-1.501944
-1.254495
1.125053
0.730511
0.133868
0.296328
-0.942946
-1.211199
-0.525943
-1.597433
-1.894557
-0.970858
-1.091217
-1.918220
-0.796813
1.089469
1.165759
-0.840785
0.953766
-0.238807
-0.877927
-3.404624
-1.176204
-1.058170
0.207887
-1.571386
0.125108
0.244078
-1.115184
-2.520278
-0.966085
0.507077
0.245636
0.439996
-0.254942
-2.880924
-0.084526
0.446310
0.347602
0.197455
0.353013
-0.176324
-1.379144
-1.883952
-0.664784
-1.987248
-0.621894
0.241489
-2.971664
-1.783657
-1.081900
-0.224910
0.028472
0.170437
0.218820
-1.923959
0.117365
-1.042334
-1.783682
-1.322865
-2.949262
-2.816519
-0.733763
0.216972
-1.419599
-2.181806
-0.743107
-1.954319
0.430818
0.950126
-2.743571
0.166298
-0.933415
-0.278913
-1.020522
-1.783892
-2.176680
-1.064707
0.596902
-3.434908
0.552102
-0.993465
0.553020
-2.878614
0.043321
-2.628325
-4.167261
-1.934730
-2.667009
-1.136611
-2.247536
-2.587056
-2.349313
-2.423108
-1.999622
-2.020142
-1.555354
-0.670807
0.048257
0.455694
0.372166
-0.159406
-0.126755
-0.226717
1.093276
0.795985
-0.203080
-0.235883
0.884375
-0.319603
1.724860
-0.117555
-0.275718
3.823535
-0.309524
0.177701
3.337686
1.310230
-0.408648
2.799091
1.863158
2.492152
-0.233581
-0.299741
0.400391
0.249905
1.009297
-0.099167
1.121843
-0.159112
-0.281851
0.335153
0.576832
4.687395
1.792704
1.811484
2.354458
2.034683
0.703141
0.705532
1.831199
0.339544
-0.080633
1.682474
-0.378392
2.207386
0.225661
2.399799
0.427249
1.497163
1.089037
-0.517719
2.088275
0.373814
-0.222054
2.077616
3.574231
3.837084
1.804201
2.157753
-0.335049
2.631699
-0.010771
0.208656
1.646299
2.537223
1.543067
1.610177
1.329356
1.853957
0.090326
-0.634288
2.592382
1.659438
2.912103
0.627045
3.290429
-0.246129
0.187051
0.023472
-0.730588
-0.486214
0.473535
1.029170
0.692081
-0.333655
1.198548
0.566932
1.159091
-0.341512
-0.539178
-1.115865
1.055089
-1.127219
0.607692
-1.221680
0.948647
2.203971
-0.580058
0.967333
-1.000177
-1.145112
1.054455
-1.013342
-1.624335
-1.316083
1.282243
-1.392449
-0.059544
1.270025
0.279020
-2.931941
1.072769
-0.102679
0.586180
0.534349
0.155038
0.675435
1.962723
1.698980
-0.630522
-0.375463
-0.044143
-0.403217
0.614438
-0.007650
0.461858
-1.453061
-0.976440
-1.069075
-0.157216
1.891386
0.450951
0.934437
-0.740276
-2.270821
-2.878693
-0.484511
-1.166414
0.407153
-2.435288
-0.117177
-1.178107
-0.526208
-1.033908
-1.326647
0.046453
-0.897713
-1.181348
1.317141
-0.172115
1.766058
-1.256228
0.294610
-0.479652
0.147533
0.589160
-1.223498
-1.142177
-1.460855
0.704733
0.446181
1.108412
-0.610004
1.032834
-1.841700
-1.504262
1.133299
-1.091641
-0.565794
1.360463
-1.460569
-0.221871
0.471230
-0.834105
-1.254078
-0.185866
0.183291
1.293984
0.885409
1.082898
1.027679
1.269430
-0.150983
-1.487168
-1.535740
-1.698783
1.668599
-0.717106
-0.055434
-0.190941
-0.276637
-0.502247
-0.161223
-2.171809
0.762790
0.975279
0.427701
0.829336
0.556858
1.747083
1.249789
-0.182891
1.738616
0.551046
-2.108281
-3.126344
1.276309
-0.391879
1.604817
-1.263253
0.445862
-0.345067
-1.981480
-0.570667
0.411920
1.167920
0.692051
-1.368568
-0.028954
-0.970253
-0.497162
0.939075
0.124559
-0.104696
-1.522857
-1.954655
1.280235
-2.575577
0.582439
-0.950214
-0.183741
-0.495744
-0.576825
0.237308
-1.026952
-1.556013
0.299024
0.004847
0.194596
-1.922865
0.687653
-0.969213
0.283622
0.298727
0.208173
-0.382232
0.741540
0.138434
0.105074
0.693777
0.305077
0.281544
-2.336282
-1.692773
0.317904
-1.974275
-0.006252
-0.792942
0.318459
0.127207
-0.142147
0.327741
0.100837
0.062345
0.193475
0.016936
-1.588278
0.202032
0.236317
0.135555
0.178179
0.380794
0.743643
0.661380
-0.705370
-1.131155
-1.096048
-1.816222
-0.992386
-2.411899
0.066153
-0.422897
-1.300204
-0.775290
-2.755710
-1.837981
-0.866913
-1.428053
-1.440162
-1.429674
0.674058
-1.309175
-1.668982
-2.313785
-2.561972
-0.684695
-1.496429
-1.635232
0.941269
-1.673827
-0.706675
-0.792592
-1.268637
-2.003885
-1.365811
-1.777107
-0.035566
-1.337879
-0.933749
0.047274
-0.443323
-0.139266
-0.272707
-0.877315
-0.565653
-0.343567
-0.073325
0.294231
-0.292975
0.249763
-0.410490
-1.354211
0.142681
-1.111576
0.214406
-0.066023
-0.326206
-0.289053
0.100171
0.060360
-0.322666
-4.158946
0.331853
-1.177858
-1.296748
-0.995822
0.068334
-2.471696
0.354094
0.295205
-0.759882
-2.683186
-2.152749
-0.717864
0.325448
-0.961812
0.275400
-0.541195
0.290390
-2.051353
0.100170
0.277779
0.058498
0.188515
-0.072284
-1.847625
0.174027
-4.555552
0.079690
-6.240863
0.342008
-0.014732
-2.378125
-0.018903
-1.205249
-2.399334
0.232178
-5.616146
-2.566248
0.410436
-3.976475
-4.683392
-4.705315
-0.541802
-4.473392
0.533774
-0.118762
-3.923324
-4.131122
-2.744432
-3.993719
-3.346923
-1.541984
-0.378822
-1.600495
-0.648520
-1.109141
0.260561
-3.631363
0.070182
-0.709045
0.154437
-1.983114
0.251598
0.152142
-1.242716
-4.116196
-1.250198
-1.231886
0.238653
0.377138
-0.315465
-2.069749
0.070816
0.290442
-0.130542
0.234698
-0.973420
0.231247
-1.450232
-2.027476
0.208765
-0.570625
0.412200
0.220833
0.565320
-0.846668
-2.889590
-0.506207
-0.578320
-0.287162
-0.890747
0.366546
-1.127857
-0.624598
-4.070914
-0.299805
-1.160013
-3.653929
-2.581993
-4.005301
-2.386400
-0.615608
-0.072390
-1.459728
-1.233927
-2.695360
-5.484338
-3.428975
-0.965818
0.362974
-1.008992
-1.777351
-1.203173
-2.023519
-3.872849
-3.510909
-2.514014
-0.843489
-2.146676
-1.838904
-0.508509
-1.464148
-3.653036
-1.183807
-3.230884
-1.850618
-1.358884
-2.525462
-2.469661
-2.291362
-2.592621
-0.595141
-2.737699
-0.560280
-1.028314
-0.828876
-0.501416
0.367789
-0.511475
1.529387
0.686855
1.435255
-0.482862
-1.106417
1.764248
0.124562
1.941283
1.956482
0.234619
-0.880259
-0.556746
-0.380040
0.397148
1.480246
0.347673
2.413361
0.232435
-0.757186
-0.626520
-0.323554
-0.636782
-0.509655
-0.611747
-0.407864
2.443089
-0.585301
0.520299
2.489002
-0.833070
0.855231
-0.640906
-0.584592
2.014496
0.098144
0.551015
-0.698735
-0.319214
2.643057
-0.179442
-0.759668
0.472659
-0.521078
1.053358
-0.222983
3.919187
1.709814
0.258931
3.048422
-0.474075
0.180934
2.217170
-0.339722
0.705450
0.216834
0.748610
0.806203
1.025551
1.093971
1.157085
1.320565
-0.411466
1.537825
2.171949
1.755978
1.128929
0.888662
1.524030
2.119541
0.212092
1.719618
2.792894
1.021289
1.423298
0.082169
-0.878626
0.037317
0.149542
0.786643
0.321907
-1.148016
1.479657
-1.376899
-1.811659
-1.338240
-0.672188
0.977914
1.530163
-0.296573
1.203968
1.378335
-0.090979
-1.010524
0.374427
0.331296
-0.919825
0.211894
-0.483842
1.100664
-0.856310
1.567108
-1.513836
-0.999145
0.627749
-1.066575
-0.898889
-1.367116
-1.248827
0.703718
-0.967281
-0.609953
-1.268680
1.757525
-0.370515
-0.400872
-1.681656
1.251970
1.337471
0.284314
-1.517180
0.785055
-0.803844
-1.615203
-1.132078
-0.566684
0.913953
-1.071241
1.607168
0.436325
-0.885181
0.952992
-1.208998
0.883146
0.607759
-0.999198
-0.883310
-0.586215
-0.504825
1.003618
-0.627958
0.088764
-0.566686
-0.195485
-1.037277
1.180174
0.793686
0.833077
1.092279
1.067673
-0.166101
0.127512
-0.318396
1.773230
1.520862
0.110325
-0.207978
1.782953
-0.226699
0.765728
0.505409
2.887542
0.868244
0.972405
-0.431629
0.830642
-0.203320
-0.262298
1.314126
-0.431426
-0.474655
0.291462
1.731133
-0.673818
0.754662
0.666670
-0.473125
1.986776
-0.407739
1.376552
-0.413245
0.368442
1.218564
0.910470
-0.337686
-0.656291
-0.518803
-0.689815
0.209632
1.906104
2.507971
0.896220
-0.076776
2.162222
-0.195098
1.191229
0.160156
0.480578
0.553871
0.490944
1.272234
0.528193
3.349727
3.006831
1.986086
-0.793655
1.646470
3.382038
0.204473
1.972095
2.280215
5.925877
1.283382
-0.103956
0.483657
0.401418
-0.603539
1.373357
4.990878
1.508186
1.730727
1.353502
1.533388
3.310656
3.206807
-0.082084
2.120864
4.299770
3.165721
0.839507
3.496537
0.687381
-0.432401
-0.649573
-0.379147
0.639616
-0.548126
0.295668
-0.472383
0.261939
0.271688
0.638406
0.374568
0.087071
0.142732
0.978157
1.187930
-0.146697
0.502680
0.054722
1.844807
1.631701
1.584351
-0.795302
-0.599035
-0.475530
-0.251897
-0.387185
-0.299642
-0.269396
1.359303
-0.186114
-0.123886
0.711171
1.630233
-1.186095
-0.509373
0.474246
1.022862
1.314475
1.611130
1.041950
-0.218260
0.944788
0.430037
-1.212797
-0.002841
0.935109
0.449548
1.716571
1.742338
1.117892
0.193471
-0.356462
1.058617
-0.321514
-0.478282
1.026088
1.450994
0.121073
-0.133890
-0.889715
0.626242
-0.804840
1.273263
1.714345
2.204606
-1.023170
-0.248718
0.084951
0.467193
-0.462511
-1.140925
-0.550683
2.186203
-0.295527
-1.032061
0.428156
0.306529
0.339825
0.635022
-1.105837
-0.722141
-1.069113
0.890948
-0.606837
-0.805098
-1.174386
-0.859155
0.635207
-0.655680
1.259602
-1.005180
1.398857
0.942753
0.689912
-0.249174
1.184068
0.440738
0.113887
1.301204
-1.893990
1.220763
-1.505841
0.321412
-1.307876
0.939277
-1.287041
1.044841
-0.619027
1.069997
1.018611
1.118797
1.727483
1.317037
0.247452
0.987732
-0.877368
1.101761
0.734058
2.142884
0.800173
-0.277032
-1.506265
-0.346758
0.841357
1.108189
0.230539
-1.296131
-1.020808
2.125750
0.406163
-1.159140
-1.683087
-0.805790
-1.505974
0.502107
-0.663021
1.097138
0.467212
1.823166
0.809975
0.850874
0.010084
0.660314
1.488102
-0.531361
1.376072
0.153821
-0.970735
-1.400323
-2.337936
0.808441
1.613828
-1.536138
0.118767
-0.102640
-2.626807
1.057583
-1.236177
-0.059748
0.865644
-0.161340
0.647282
-1.121744
2.200945
-0.787321
1.208909
-2.379960
-1.667500
-1.082219
-0.686013
1.421780
-0.975645
0.233361
-0.086141
-1.479922
-1.595263
-1.556726
-0.687489
0.249153
1.235281
1.526018
-1.262464
1.342401
1.006573
-2.547604
-1.098770
-1.417856
-0.929735
1.403542
-2.754148
1.308219
-1.265488
1.108282
-1.547110
-1.632493
0.533773
-0.781258
0.213483
-2.498806
-2.178015
-0.530542
0.314668
-0.064259
-0.556027
-1.684462
-2.258575
-1.117999
-1.125852
-2.592691
-2.387835
0.241255
-2.293553
-1.073648
-0.627267
-1.476637
1.691384
0.904010
0.405472
-2.659801
-1.585711
0.439976
-2.472974
-1.316695
-2.481368
1.345257
0.010714
-0.362038
-0.657407
-1.942806
-0.426829
-0.023115
-0.565319
-0.342021
-2.977977
-1.508223
0.209561
0.111726
0.169495
0.037195
-0.916925
0.214901
-0.257989
-2.779415
0.346633
-0.564172
0.099316
0.228367
-1.689696
0.013047
0.184136
-2.613549
0.117348
0.260473
-0.364386
-1.808756
-3.520466
0.164449
0.046985
-2.469744
-0.891449
-1.871477
-2.137173
0.185398
0.348076
0.254839
0.255773
-0.277006
-2.118124
-1.307907
-0.702985
-0.314025
-0.675029
0.326438
0.031118
-3.744335
-0.408502
-3.164590
-4.496408
0.183976
-2.905066
0.342624
0.204025
-2.085404
-0.994745
-0.042216
0.265198
-0.945282
-2.718053
0.171305
-2.733275
-2.506323
-3.969298
0.141461
-0.493322
0.380640
0.146918
-1.174013
-2.324702
-2.132979
-1.461355
0.036709
-0.368109
0.386773
-2.348609
-2.120865
0.046257
-1.055405
-2.786132
-1.608067
-0.802144
-1.755053
1.509848
-0.268604
0.128837
-0.121693
0.638389
0.693242
-0.367113
-0.499584
-0.821116
-0.420578
0.514296
2.195624
0.473516
1.949539
-0.467470
-0.322842
1.652059
2.725202
0.835234
1.128781
1.380469
1.499050
-0.588223
0.899282
0.492056
0.161204
-0.215158
-0.241867
-0.244194
0.002551
1.953933
1.011535
0.814468
-0.299801
0.190893
-0.214769
-0.803153
-0.585386
-0.491325
-0.022252
-0.264195
-0.542052
-0.128693
-0.507195
-0.457109
-0.515924
1.551432
2.060516
0.191018
2.102361
-0.707484
0.260819
3.309310
2.842933
0.116103
0.732803
2.141374
2.432514
-0.150262
-0.613124
1.615655
2.084440
1.393547
2.534107
1.244930
-0.101731
1.160112
2.006138
0.644794
0.922123
2.434542
2.110507
1.989510
2.100403
3.557026
1.999523
1.104299
1.331482
-0.315113
-0.166737
0.406497
0.271918
-0.435286
0.253122
-0.076311
0.169397
0.069242
-0.265188
-0.518807
-0.264618
0.222863
0.294172
0.066101
0.185791
0.157497
-0.586727
0.283017
-1.901911
-2.098813
-0.294822
-0.118893
0.209995
0.052410
-2.198237
0.250874
0.227069
-0.277016
-2.526171
-1.637364
0.400690
-0.195662
-1.722751
-0.622778
-0.521723
0.089941
-2.668792
-1.190693
0.286505
-1.601935
0.077951
-2.054821
-1.508463
0.384825
0.488322
-0.548207
0.411547
-0.440284
-1.966954
-1.168527
0.988499
-0.189716
1.281910
0.178886
0.289145
-0.935631
-2.020555
0.715169
-2.134262
-2.174871
0.821870
-0.293630
-2.840664
-1.775615
-0.987920
-0.971973
0.105461
-0.576711
-0.460472
-0.139628
-0.010294
-1.284971
-1.159099
0.868361
0.890738
-0.554984
-0.800424
-2.170265
-1.249632
-0.944678
-0.940031
-1.146844
-0.970348
-0.997550
-0.991525
-0.706733
-0.304450
1.208028
1.408667
1.028034
1.441266
0.024169
-1.204965
1.369825
-0.496590
-0.909160
-1.134356
-0.045652
-0.964075
1.556211
1.116220
1.353043
1.295811
-0.947311
0.453876
1.080942
1.111056
1.401286
0.543620
0.977027
0.961922
0.446395
1.212927
0.437423
-0.460132
1.092024
-0.720496
0.010470
0.187100
0.107539
-0.033234
-0.515681
-0.739139
-1.962800
0.471161
0.673573
0.986045
-1.214191
0.299236
1.865115
-1.413545
-1.086326
-1.046879
-0.126984
1.295487
-0.046180
0.849069
1.233441
-0.315071
-0.304738
-0.195732
1.720565
0.549787
-1.327208
-0.510401
-0.791654
-1.302253
0.433563
-0.222631
0.492703
-2.016452
-1.636891
-0.420712
-0.404995
-0.751422
1.043737
0.096162
-0.486585
-1.306458
0.410328
-0.753121
0.578491
-1.181896
0.840603
0.732813
0.572566
0.532409
-1.612091
0.018628
-0.282322
-1.608427
-0.183073
1.161046
0.497821
-2.250447
-1.614620
-0.373692
0.657459
1.167040
0.148519
0.446294
0.726383
0.597710
0.499519
-1.411159
0.675597
0.393232
-1.573787
-0.067502
0.616601
0.608797
0.875031
-2.834334
-0.011544
-0.287242
0.436899
0.822312
-1.944728
-0.262989
1.180235
-0.688641
0.085139
0.399137
0.672403
0.064057
-0.588556
0.798614
-0.612917
0.996223
0.573588
-0.832495
0.385743
0.774101
-1.597075
-0.930066
-0.872711
-1.560463
0.623838
-0.372808
-1.446414
-1.346496
0.783898
-0.835258
-1.576946
-0.759547
-1.693804
-1.302754
-1.317437
-0.379392
0.552765
-2.405779
-0.509138
0.320337
1.021438
0.454472
1.589001
-0.045645
0.487303
0.044843
-0.208971
1.254806
1.189652
-0.771900
-0.513837
-0.370001
0.277895
-0.157673
-1.232211
0.045772
-0.383664
-0.121003
-0.164528
0.276675
-0.386168
0.138514
1.726359
1.543410
0.184206
-0.337070
0.244387
-0.077955
0.125747
-0.097355
-0.246865
-0.223851
-0.381406
0.015312
-0.387882
0.337573
-0.169649
-0.484881
0.913144
0.644838
-0.469675
-0.673310
-0.681602
1.797561
-1.317335
1.580140
0.951305
1.403352
0.632650
0.902267
0.064821
2.281646
1.723408
1.611406
0.225140
1.955812
-0.329943
3.377911
2.278466
2.598409
0.993735
2.057770
2.807441
2.290075
2.101133
1.539101
2.122390
2.031687
1.107023
2.004938
1.675865
2.091213
1.236387
2.499013
0.676797
-0.254609
0.851673
-0.259578
-1.447802
1.729463
1.208611
1.171888
-0.794403
-0.960630
-0.774853
1.178551
1.328450
-0.427357
1.376375
-0.719553
1.561559
-1.011215
-1.112152
-0.509366
-0.477602
-0.039477
-0.574762
1.486169
0.516820
-0.922567
0.776926
-1.117352
-0.878039
-0.862633
-0.955657
-0.791935
-0.892598
1.747351
-0.685366
1.837824
-0.285150
-1.139797
-0.936639
-0.995869
-0.745875
-1.059552
1.530842
0.437739
-2.029799
1.148578
0.572811
-0.515760
-0.546953
0.263688
0.109041
0.988540
0.849325
0.867990
0.521591
1.351105
-0.788874
-0.294355
1.771552
1.321063
-0.709258
0.921203
-0.215793
-1.566843
-0.385422
-0.252702
0.427691
-0.186174
0.787080
1.894768
-0.678414
0.765575
1.283447
1.475841
1.783725
1.018087
1.019383
-0.312717
0.030044
0.373779
-0.087387
-0.275942
0.573923
0.153099
-0.588456
-0.880944
0.151013
-1.264012
0.232864
-1.177037
-0.613659
-1.200357
0.103425
0.253125
0.150682
-0.043683
0.844582
0.224927
0.014761
-1.351611
0.118368
-0.005370
-1.426052
-1.614480
-1.805027
-0.913176
0.139890
0.329221
0.351754
0.212592
0.169032
0.102808
0.223137
0.055168
0.240760
-0.309808
-0.238376
0.072025
0.161445
-0.491437
-1.041194
0.045353
0.288845
-0.697624
-2.273344
0.566467
-0.465295
-1.090334
0.808205
-1.314325
-2.414116
-0.130263
1.018840
0.268919
-2.047503
0.925630
-0.043774
-2.054933
0.461112
0.075211
0.689343
-1.616017
-1.275067
-1.531852
-0.959598
-0.933199
-2.190197
-0.250308
-1.898682
-0.626604
-1.627712
0.134818
-1.386636
-2.111615
0.531551
0.193439
-2.053653
-1.740941
-0.841189
-0.234408
-0.273006
-0.510854
1.513670
0.030319
0.998225
-0.446866
-0.974075
1.211533
1.938891
0.860962
1.471980
-1.093958
0.999757
-1.445070
-1.151603
0.778253
0.156327
-0.370901
-0.796385
-1.333305
1.387332
0.349512
1.937278
-1.046012
1.043528
-1.278834
1.253287
1.219815
-1.041037
0.222195
-1.300633
-0.629091
1.324942
1.086633
1.894735
-1.779002
-0.869454
0.478563
-1.446474
1.057817
-0.931901
-2.310212
-1.865981
1.130995
-2.183313
1.338281
-2.993920
-0.473695
-1.638981
-0.231026
-0.731046
1.101339
1.683180
-0.058318
1.097187
-0.995502
-1.683349
-1.492136
-0.557421
-0.561689
-0.269994
0.733992
-0.534496
-0.565911
-0.428291
-0.249997
0.695373
-0.381566
-0.061897
0.514456
0.726701
0.901171
0.697837
-1.808117
-0.853568
1.908104
-0.496865
-1.834208
1.005898
-1.011627
0.958998
0.514016
-1.379870
-1.292984
0.017336
1.016463
1.329366
1.341600
-1.152944
0.331417
-0.622879
-1.138331
-0.593529
1.244563
-0.108309
0.939329
1.105440
-1.177182
-0.100551
-0.902510
0.766977
1.088026
-1.330474
-0.981901
1.358464
1.207752
0.597508
-1.428756
-1.085337
1.240042
-1.126981
-1.284307
0.446902
-1.287003
0.044706
-0.634149
0.899527
0.185901
-0.602782
0.336068
-1.720145
0.722788
1.184505
0.754628
1.435610
-1.343524
-0.086466
-1.583166
-0.249018
0.640848
-0.867560
1.243405
2.301461
1.244967
0.568987
-1.668158
1.316324
-0.276613
-0.757656
-1.659405
0.888026
1.486946
-0.315340
-2.760187
-3.183436
-1.534828
1.082965
0.902685
-0.582085
0.380031
1.116230
-2.403402
0.654732
1.420364
0.052063
-0.832184
0.738559
0.009650
-0.164250
-0.467501
0.539070
-0.552371
1.271081
-0.028602
0.572377
2.421489
-0.924601
0.239220
1.890944
-0.097057
-1.326166
-1.186207
1.756950
-0.432151
-0.528451
1.546927
0.320234
0.377932
-1.004444
-0.320536
-1.579354
-0.510206
1.838602
0.849046
-1.534599
-1.153971
0.454235
0.030431
0.365785
0.637262
-0.043163
-3.090410
1.994768
-3.521021
1.828581
0.835492
1.733240
-1.112512
1.910933
1.011287
2.281679
0.374512
1.604935
0.056092
0.954600
-1.779089
-2.323770
-0.271324
-0.747393
0.858199
0.237829
-0.423283
1.179039
-1.081824
-0.704171
2.352157
0.724807
0.789039
-0.183889
1.702776
1.134951
-0.287547
0.852428
-0.601002
0.356137
1.531579
0.253311
0.997677
0.663092
1.208436
-0.679624
0.708196
0.638968
0.046915
0.843060
1.151250
-0.823652
-0.696944
-0.671369
-0.791655
1.154091
0.819788
-0.213288
0.171955
-0.725990
-1.172428
-0.012003
-1.098480
-1.958625
1.173584
-0.790014
1.489455
-0.835642
-0.697703
1.471408
-1.536393
0.780456
1.076290
-0.141423
0.777740
-0.920560
1.286881
1.586851
1.005557
1.239609
1.326731
-0.382588
0.546622
-0.745089
-0.413893
0.546920
0.808594
-1.072688
1.929675
-1.189292
1.463308
1.707837
1.041020
-1.611935
2.213332
0.730613
-0.042087
1.156468
1.644597
-2.545948
-0.012976
1.294656
-1.592900
1.964471
1.619813
-1.228023
-1.966544
-1.310878
0.566779
-0.104359
-0.246155
0.932199
1.723524
1.844208
-2.031880
-1.756682
-0.933854
1.479227
0.473309
1.083285
0.553334
0.839887
0.712227
0.127596
-0.682812
0.194370
-0.934674
3.479441
-0.162676
0.025812
-0.107667
-0.070625
-0.173298
-0.145585
0.108004
0.451583
3.307655
-0.250598
2.620747
-0.150627
0.857764
3.048220
-0.011208
-0.037894
0.074961
-0.149767
-0.224003
0.184146
0.709213
1.042422
-0.023382
0.520888
2.027408
-0.172808
2.117114
1.566159
-0.110952
0.296236
0.555409
-0.215516
1.472865
-0.331450
2.097676
2.354233
2.071012
2.359665
1.133778
1.447217
-0.110848
-0.223687
2.064968
4.777408
-0.522564
2.750338
-0.272402
0.692811
4.632783
0.940169
0.244264
0.349922
4.722714
1.320735
1.258131
2.504673
1.925010
3.354868
0.941805
1.967858
-0.502502
0.402577
1.298899
2.982752
2.349764
2.633521
-0.083450
1.937149
-0.221463
2.055325
2.380949
2.720301
2.696405
-0.193586
1.750280
0.652175
-0.198339
0.028196
1.217789
-0.541139
-1.448379
-1.106655
-0.522509
1.480680
1.435322
0.093136
2.058733
1.486318
0.836343
-1.164401
-0.103075
1.433645
-1.505650
-1.692718
-0.028912
-1.538171
1.414882
-0.400348
-2.264498
-0.511786
-1.743771
-1.311787
1.377920
-1.337844
1.638408
0.774559
-0.452878
-2.129037
-0.672440
-1.461714
1.315751
1.946175
1.298018
0.594728
0.720295
0.897977
-0.112501
0.697175
1.201656
-0.428613
-1.113937
1.567923
-1.355213
-0.503878
0.146017
1.187573
0.754746
1.181815
-0.402244
-1.965257
-0.358297
0.103342
1.886052
-0.700778
0.781322
-0.406274
1.094122
-0.052033
0.161885
1.183211
-1.420139
-1.982131
-1.044388
-0.883265
-0.319893
-2.526224
0.938040
-1.065406
-1.756039
-0.004383
-3.123752
-0.998138
-1.425236
-0.767635
-0.573534
-0.116060
-1.146101
-0.927237
1.623169
-0.933792
1.264569
1.883240
-0.806624
-0.558342
-1.020461
-0.525870
1.859365
0.390784
-0.469256
-0.854232
-0.494965
1.634078
1.663715
1.487614
2.016448
-0.032380
0.461815
-0.912203
-0.994169
-0.600284
2.163165
0.182209
-1.035164
-0.763293
3.343842
1.780846
-0.813536
-0.973458
-0.993074
0.433378
-0.918476
0.344427
1.327506
0.508261
-0.468255
-0.762935
-0.486244
0.729689
-0.312929
-0.305145
1.948033
-0.862021
1.180194
-0.829337
-0.236332
-0.592457
0.330965
0.318420
1.079346
-0.646242
-0.883806
-0.907407
1.416926
0.439868
-0.649984
1.911850
-0.309883
-0.990754
0.955951
2.014675
1.506411
-0.157260
0.582783
1.708864
2.177670
2.373987
2.595186
-0.872770
1.103613
1.150430
0.241759
0.859970
1.337474
2.453829
0.799580
-0.096621
-0.101328
0.344559
-0.125308
0.230082
-0.029766
-0.160452
1.798920
-0.113985
0.308837
-0.167632
-0.087303
0.944477
-0.208647
-0.120928
4.196769
0.430820
0.212102
0.317767
3.148970
4.991786
-0.118379
-0.164660
0.032989
0.587980
-0.173888
3.644266
-0.179671
0.232436
-0.081632
-0.241942
-0.151758
1.639015
-0.171471
2.304413
-0.118241
4.191772
1.176617
1.940714
4.768682
2.327905
2.782670
3.119422
-0.194740
3.486552
-0.103477
1.534366
1.352734
5.246451
1.140037
-0.229945
2.705778
4.986808
-0.165218
3.095810
2.720114
2.659816
4.537889
0.545650
-0.323796
-0.144064
2.878664
3.375378
1.920629
3.560376
0.931722
2.237449
2.898303
4.349872
2.248541
0.457512
3.176640
1.583905
2.327028
1.181065
3.318571
-0.088471
0.808761
0.361858
-0.180418
1.806289
0.115846
-0.250997
-0.024732
-0.892068
-0.781349
-0.153486
0.427298
0.105020
0.027701
2.320801
-0.229733
-0.299070
2.217108
2.840160
1.013144
-0.869943
3.152479
1.598324
-0.119311
0.057086
-0.092888
1.221422
-0.381010
0.410047
-0.549361
0.679350
-0.170510
0.836078
-0.494505
-0.796340
0.871794
0.805533
1.046828
-0.882447
0.253442
0.639263
1.834887
-0.534427
-0.144021
0.133442
-0.271379
-0.069123
2.198109
1.264457
-0.411377
-0.242555
-0.571680
-0.384206
-1.139454
2.641101
3.548730
0.140946
-0.166602
1.984245
-0.276358
1.925206
3.055619
-0.030700
3.158498
1.066671
0.441950
2.465954
0.891853
2.875758
0.153262
2.343207
3.772070
-0.306528
-0.002433
1.334299
2.158533
0.793238
2.893302
-1.631891
0.985908
-0.486596
-0.754557
-1.373461
-0.968417
0.903361
-1.130415
1.739333
1.068107
0.668449
-0.404153
1.002747
-1.727651
-2.322375
0.196298
0.832898
-1.268831
-1.126658
-1.471134
-1.238278
-2.049413
1.326466
1.116911
1.074519
-0.166801
1.054666
1.017915
-1.726271
1.116807
0.798416
1.056837
-0.062644
-0.029545
0.106672
1.153163
-0.938460
1.183640
0.301524
-0.221064
-2.581290
0.637287
-0.805565
-1.899595
-0.294997
-0.116793
-0.591195
-0.795860
-0.832859
0.153258
0.683815
-2.471844
0.587595
-1.729098
0.835665
-1.545341
0.624972
-0.807684
1.025888
-0.794736
-0.296999
-0.567785
-0.701112
-1.989540
-2.166383
-1.223099
-1.458614
-1.660382
0.284975
-1.091319
0.337770
0.142990
1.636021
-2.278621
0.593071
-0.643301
-0.435197
-0.601547
-2.468465
-0.649587
0.127726
0.107869
0.044588
-0.054013
0.084256
0.225277
-1.150388
-0.955725
-0.424948
0.013756
0.068444
0.281646
-2.903144
-0.562853
-0.535696
-1.359802
-0.202736
0.297676
-0.295190
0.103575
-1.516880
-0.301743
0.543540
-0.648268
0.151257
-2.272221
0.359707
-0.617881
0.345787
-0.555323
-1.048205
-1.538806
-0.858172
-2.466005
-1.390464
-2.269232
0.436404
-2.168698
-3.057582
-2.160041
-2.110059
-0.299790
-4.148160
-0.053521
1.104020
-0.234699
-0.379760
0.765831
-2.700804
-1.116021
-1.265927
-1.951963
0.845670
0.478422
1.342774
-0.764268
-3.941047
-1.487346
-1.311499
-0.445811
-0.052945
0.218189
0.885461
-1.365460
-1.391063
0.617342
0.174402
0.440429
-2.281799
-1.661565
-1.216281
-4.012158
-0.758358
0.605229
-1.019439
-0.910147
-0.302962
-0.238164
1.079711
1.144938
-0.890930
-0.938805
-0.443457
1.085674
0.064649
-0.091442
-1.604679
-1.262486
1.425850
1.108198
0.252558
1.164671
1.013151
0.674511
-0.762145
-1.151817
1.397196
-0.946914
1.492827
1.179164
0.638613
-1.129222
-0.050043
-1.024935
-0.675007
-1.684822
1.991409
1.145538
-1.979532
-1.321480
-1.660262
-0.647273
0.454383
-1.232896
-0.866619
0.385199
0.052489
0.511330
0.869588
-0.458956
1.821515
0.641812
0.402781
1.365803
2.910354
-0.677718
-1.940639
0.749589
1.392123
2.165883
-0.150066
1.036061
0.040429
-0.009090
-0.901914
-2.223540
1.217663
1.087758
1.425466
0.437368
0.413754
0.891031
2.370510
-0.970795
1.916952
-0.550299
1.100304
0.492204
1.364471
1.368647
1.715283
0.258675
0.240985
0.380072
0.070939
-0.198714
0.511997
0.815190
0.409016
-0.121346
0.009665
-0.285520
1.679406
-0.250689
1.169215
1.090738
-0.173092
3.211255
0.216561
0.534866
0.704423
0.261202
-0.194457
0.002433
3.509134
2.684898
-0.216755
0.284608
0.150233
2.932816
-0.161473
2.984887
-0.122432
0.834372
0.454958
4.924884
4.806526
1.278045
-0.148949
0.941194
-0.149768
2.234212
-0.231964
-0.079632
-0.337583
-0.094438
-0.106500
-0.193596
-0.160654
0.000455
-0.288795
3.407956
0.224983
3.862729
-0.230256
-0.169045
0.308716
-0.177813
0.578642
1.754052
2.944771
3.692723
1.585759
-0.351591
2.904049
4.184786
3.065433
3.557197
1.995686
0.038448
0.634869
3.147120
3.112001
3.010226
3.719048
2.085512
1.831730
1.775260
1.517759
1.809824
0.971263
3.070611
2.713709
-0.018205
-0.203707
-0.225124
-0.176864
-0.265016
0.658317
-0.217941
0.177222
4.400500
1.162916
0.392169
1.821160
-0.079376
3.027308
1.321481
0.044080
3.004277
0.260950
1.088875
-0.530890
1.565195
1.167569
-0.212192
-0.523467
-0.065345
-0.243819
-0.091617
3.938951
2.550992
3.564249
-0.130783
0.138211
0.913124
2.828067
-0.202675
2.769594
1.112794
2.105247
0.429184
1.400057
3.233461
-0.088772
2.015618
3.275669
-0.364687
1.555427
1.282369
5.000111
3.352226
3.646133
2.113383
-0.225082
2.528610
3.554119
-0.333933
2.951769
3.648860
2.369997
2.879998
-0.455817
-0.316947
2.165060
0.595999
2.723881
2.492998
2.242282
-0.212801
2.046856
0.757339
0.479770
0.218281
-0.061893
2.661842
3.726904
0.793975
0.730240
2.600084
-1.791836
-0.183603
-0.868994
0.634600
-1.167419
-1.233656
-1.618288
-0.290470
0.455232
0.821388
-0.240429
0.502887
-1.250981
-1.072180
0.458850
0.468435
0.234944
-2.199473
0.653238
-1.095964
0.748144
-1.450095
-0.392521
0.858098
-2.411948
1.019570
-1.709335
0.802191
-1.502146
-3.417452
0.271979
0.195504
-0.901583
-1.657569
1.134365
-1.461229
-1.642325
-3.303859
-1.166506
0.877213
-1.599194
-0.500713
-0.105425
0.405935
-1.861147
-1.488829
-0.562092
-2.254589
0.982127
-2.098770
1.206176
-0.285663
1.238510
-0.336261
-2.288195
-1.110981
0.505347
-2.598583
-1.738349
-1.332010
-0.333165
-1.308567
0.219689
0.124187
-0.288893
-0.489579
-2.679674
-2.215076
-1.732245
-0.772174
-0.959243
-0.757979
-0.644842
-1.846552
-1.339294
-1.088278
-0.478100
-1.840979
-0.435531
0.046408
-0.146392
-0.625480
-1.100940
-1.271427
0.225227
-0.359420
-0.407001
-1.236569
0.292857
-0.069895
0.162541
-0.197332
-0.881095
0.282225
0.100982
-0.338542
-0.379598
0.332165
-1.385532
-1.188782
-0.346800
-1.373699
0.299192
0.297634
0.279253
0.210897
-0.519372
0.437495
0.177101
-2.184429
-0.087642
0.414997
-1.851518
0.334914
0.853978
0.509464
0.797101
-0.651853
0.350326
0.692576
0.691744
0.303310
-1.537652
-0.565472
-0.342675
-1.262024
-1.044988
-0.110906
0.322251
-0.865279
-1.740777
-0.920800
-1.411114
-1.384596
-2.159398
-0.333597
-0.593055
0.784124
-1.113038
-1.442956
-1.432158
-1.970059
0.173390
-0.319869
-0.363588
-1.464609
-0.975019
-0.432226
0.693973
0.145972
-1.783215
-1.541366
-2.212513
-2.056437
-1.026206
0.125582
1.385373
-0.021965
0.078694
-0.002013
0.202685
-0.541452
0.585873
0.166381
-0.034217
0.340196
1.140531
1.309120
-1.012878
1.137297
-1.775621
0.717752
-0.573439
-0.402587
0.639973
0.265697
-1.249086
-0.428400
0.872150
0.549598
-0.746743
-0.694897
-1.296523
0.342080
0.842537
-0.883940
1.295103
0.018732
-0.901826
-1.800086
-2.382740
-1.624060
0.710478
-1.662683
-1.559387
-1.631406
0.359770
1.744197
-0.013404
-0.762033
-0.617463
0.241683
1.183676
1.597942
0.875151
0.871886
1.327557
1.210961
0.917233
1.029118
-1.125039
-0.105250
-1.633511
-1.765368
-1.628899
0.023318
-0.548213
0.666462
-1.176604
-0.261168
0.334708
-0.239552
0.774948
0.564091
0.355021
0.324944
0.271454
-0.984840
0.531713
-0.663400
-0.049832
-1.314153
0.104803
0.134347
2.028115
-0.263663
0.971236
-0.294915
1.584243
-0.181793
-0.268925
0.839844
0.826670
0.279960
1.102785
2.849841
-0.324574
1.933618
-0.860346
0.261907
0.880025
2.631695
-0.273152
-0.339058
1.420934
1.089898
0.332331
-0.210342
1.772628
-0.034607
-0.076448
0.503965
0.208367
1.813499
1.353467
0.948483
2.537309
-0.238740
1.090445
0.458741
1.454099
2.317217
0.016809
0.881013
3.605175
3.523579
1.110016
0.011528
1.594076
-0.170162
-0.498839
0.113126
0.314000
2.799631
-0.055388
0.485762
-0.410895
1.405556
0.913593
0.410482
0.811653
1.369614
3.033624
2.319934
1.256578
1.645860
0.468035
1.438504
1.601039
1.935899
3.571106
2.260144
1.917118
1.195698
1.640200
1.661870
3.083805
1.255809
2.730285
1.662146
0.722828
-0.316125
1.181248
-0.271914
-0.348854
-0.289191
-0.217722
0.044957
0.527010
-0.260394
-0.244556
-0.454345
-0.502369
0.601791
1.693066
-0.401702
1.294994
0.096651
0.617380
0.806777
-0.464350
0.011923
-0.554497
0.345949
-0.428881
-0.352594
1.119117
1.372099
1.099599
-0.264751
-0.140398
-0.074452
1.056698
-0.210924
0.011096
-0.944770
-0.537695
1.568722
1.310673
0.277229
0.223828
0.438658
-0.030089
0.963687
1.516742
1.384366
0.542398
0.142927
1.091748
2.372500
2.145178
-0.391371
-0.452876
0.939445
-0.204363
1.790755
-0.400610
2.074444
0.197664
2.374029
-0.626441
-0.119116
-0.129796
-0.392241
0.755490
0.707973
1.359302
-0.697651
2.114569
-0.480428
1.041594
0.628473
1.887275
2.105242
-0.882339
0.142377
-0.408737
1.857538
0.537371
1.757921
-2.217546
0.823940
-0.588207
0.453018
-1.011598
0.518943
-1.343603
-0.554668
-0.084806
-0.241840
-0.120497
-3.028029
-1.307853
-0.453500
0.076019
-2.267797
0.763448
-0.050931
0.537633
-1.564701
-0.470844
-0.713992
1.553080
0.653758
-0.028320
-1.087064
0.683703
0.964247
-0.684965
-1.165052
-0.128841
-1.260881
-1.413133
-3.303787
-1.670148
1.482442
0.968529
-1.414415
0.071472
0.252451
-0.823215
1.077566
-1.601110
-0.839343
-1.715144
1.260098
1.045726
-2.689160
-0.095864
-1.785627
-1.303950
-2.196968
-2.997635
-2.305578
-2.667869
0.770831
-0.810083
-1.829749
1.204952
-1.930637
-0.407466
-1.182065
0.857908
-1.659199
-0.957376
0.205428
-0.893458
0.319128
-1.259558
-0.027718
-0.075985
-0.338630
-2.877372
-1.045918
-1.144529
-0.817566
-0.636534
-1.459486
3.176651
-0.239713
-0.112462
-0.084268
-0.153512
-0.126148
-0.147243
-0.102776
0.474599
2.597479
1.109874
1.382398
-0.144999
0.780505
2.769758
0.367300
1.315641
0.406532
-0.120688
-0.166659
3.009999
0.697736
2.364789
0.500387
0.876357
2.046602
-0.150745
1.495408
1.593083
1.971580
0.183691
0.887582
2.323071
1.112962
3.100629
1.142415
-0.094452
2.698750
2.053878
-0.018605
2.734895
2.095220
4.115907
4.269417
4.185295
-0.037122
1.265302
0.127112
2.055752
3.361896
1.672063
2.753320
0.339528
4.511086
-0.264464
-0.092852
2.299366
2.945273
3.043716
4.234297
2.158165
0.100067
0.912083
2.455072
1.077755
3.533194
3.102152
0.118464
2.595722
0.163292
0.957161
1.382746
0.127942
3.298255
-0.227644
0.131565
0.780043
0.259528
-1.122455
-2.348163
0.228023
0.323966
0.238697
-1.030170
-0.730907
-2.081140
-4.342447
-2.247105
-0.239393
0.378954
-0.038216
0.403918
-1.121233
0.487124
0.351690
-2.346594
0.208121
-0.920813
-0.576809
-2.561208
-2.953146
0.509969
0.423845
-1.342627
0.391349
-0.280360
0.507444
-2.723473
0.470544
0.395736
0.114407
-0.956575
-3.058651
-0.653138
-2.655425
-2.713769
-3.627494
-3.458046
-3.976457
-1.770908
-0.618770
-0.097681
-3.118369
-0.199602
-1.649843
-4.094198
-0.555732
-1.594646
-3.322207
-1.670950
-2.830210
-1.493778
-1.127307
-1.477552
-2.165090
-1.789994
-1.622451
-5.928957
-3.345269
-2.639212
-1.508295
0.571716
-0.269648
-4.194229
-2.129843
-2.700103
-1.301903
-0.179655
-3.732377
-1.949081
-0.567170
-4.404496
-1.079438
0.317590
-0.867383
-3.870091
0.423678
-0.992450
-0.528847
0.172595
0.223964
-1.105232
1.088927
0.641169
1.299057
0.698632
0.891118
-1.167283
-0.905381
-0.727104
-1.591439
-0.111689
0.618316
-0.709517
0.495226
-1.484853
1.562012
-2.577960
0.349912
-1.426788
0.713220
0.174195
-1.114572
-0.083391
0.881910
-1.389885
0.672697
0.436702
-0.442053
-2.135480
-0.446262
-1.151581
1.003865
0.344523
0.840373
-0.340818
-1.755868
-1.779891
-2.228660
-0.091488
1.271250
-1.993997
0.801243
-1.099289
-1.718459
-1.956769
0.516237
0.402377
-0.091026
-0.195577
0.771866
-0.224792
-1.868921
0.216696
-0.974996
-0.040209
-0.615032
-0.719113
-1.049849
-2.804222
0.575997
2.000483
-1.896326
-1.751224
-2.318838
0.651747
-0.199084
-0.873144
1.652458
-0.401446
0.773106
1.215588
-0.521035
-1.088580
-0.946370
0.644900
1.203907
0.321483
-0.122327
0.648018
-0.479471
0.343177
1.406372
-1.261047
-1.061886
1.908295
-0.191539
1.199301
-1.064128
-0.688294
-0.996524
1.548319
-0.347272
-0.257531
0.957196
0.901866
1.531956
-0.988732
-0.623815
-0.992550
-0.482206
1.239462
1.095998
1.565444
1.482074
0.724747
2.224204
2.308388
-1.335940
1.719315
0.215994
-0.497069
-0.674123
1.473475
2.057470
-1.013090
-1.057616
-0.788815
-1.402955
0.043026
-1.315039
0.631659
0.001436
1.576410
-0.270381
-1.143126
-1.200905
-1.860580
1.005529
0.821950
-0.407905
1.830051
0.646130
-0.905023
0.327441
1.435210
0.107072
1.460242
0.789038
1.631110
1.143747
0.453912
0.216913
-0.368191
-0.011885
0.313178
1.634099
2.336128
0.333804
-0.243641
0.546808
-0.007142
-2.232283
0.318421
-3.167530
-0.224305
-0.349660
-0.232686
-0.268990
-1.867674
-0.304706
0.137127
-1.000086
-2.951165
-0.690510
-0.215953
0.331063
0.701027
0.415510
-0.386400
0.148679
0.166346
0.307061
-1.598507
0.214733
0.862125
-0.330627
0.231455
0.158913
-1.658486
0.528448
0.016173
-0.017078
-3.463601
-1.126498
-0.330698
0.320869
-1.480029
-0.225399
-0.404058
0.336863
-0.754815
-0.612510
0.467320
-2.705187
0.382904
-0.332932
-0.819525
0.651168
-1.709363
0.507662
-2.032640
-0.074343
0.113040
-0.728438
-0.237573
-1.863217
-3.550095
0.029016
-2.054410
-0.036077
-0.198024
-1.126577
-2.155969
-2.028985
-0.796979
-1.163420
-0.757359
0.532656
-1.607208
-1.726682
-1.791311
-1.739233
-0.936283
-2.105911
-2.254812
0.192072
-0.677373
-0.931448
-1.694307
-0.003281
0.780371
0.123538
-0.115096
0.032243
-0.278551
-0.656541
0.333570
-0.244353
-0.079728
0.824080
1.999064
-0.144763
-0.331626
1.692743
-0.609561
-0.203482
-0.158768
-0.031066
0.629194
-0.287562
-1.116504
-1.149938
-0.295260
-0.086261
-0.322461
0.147560
0.550350
-1.133923
0.080631
-1.202389
-0.777820
-1.082815
1.005838
0.816047
0.848623
0.462985
-0.313252
1.781002
-0.541024
-0.684614
0.771372
-0.123492
-1.269144
-0.929406
0.046947
1.252278
-1.766858
0.549809
1.237686
-0.927044
-0.794898
-0.231948
0.648352
-2.031349
-1.173795
-0.400503
-0.129642
1.638706
1.687356
-0.330124
2.252311
2.433288
0.107788
-0.343397
1.987354
0.716904
1.277427
-0.500150
-0.776866
-0.681565
0.864584
0.267533
0.224356
2.287940
0.834343
-0.108844
0.624313
-0.424680
-1.493847
0.674640
0.605801
-1.246473
0.499719
-1.311542
0.123285
1.803018
-1.239256
1.199803
-0.198808
-1.485826
-0.572682
1.490557
1.336348
1.039279
-0.706473
1.011842
-0.692964
1.192534
-0.202470
-0.566771
0.826338
-1.279637
0.981581
-1.458615
1.344199
1.016663
-1.375752
-1.327724
1.206224
1.269290
1.317416
0.264593
-0.769952
1.516384
0.676801
-1.831634
1.178640
0.566739
0.965337
-0.057205
1.883033
1.042606
-1.355852
1.586304
-1.486876
-0.045400
-1.977480
1.115523
1.235728
1.004820
1.409316
-1.262654
0.275011
0.310209
0.479092
-0.114682
-0.539846
-0.220569
-1.553440
-0.853411
0.879637
-0.082928
-0.845620
-1.288215
-1.163546
-0.312472
1.032609
-0.615932
-0.656075
-1.303153
-0.589944
-1.379593
-0.742472
0.125064
1.162644
-0.221356
0.496392
0.278711
0.061734
0.682704
-0.618346
0.679075
-0.978158
-1.851814
-1.253914
0.698015
0.634313
-0.900686
0.544639
-1.429887
0.625419
0.279669
0.059368
-1.137902
0.613058
-0.887520
-0.312126
-1.523342
-1.480931
0.614750
0.653131
-0.215254
0.745328
-1.658018
0.662530
0.764684
0.502534
-0.218513
0.757391
-1.399769
0.620419
-1.437469
0.873957
-1.603191
0.931492
-1.568023
-1.246431
-1.219965
-1.447736
-1.396525
-0.539682
-1.331689
-0.735782
0.030367
-1.450312
-1.493341
-1.256263
-1.697869
1.102637
0.273555
0.597112
-1.216373
0.911776
1.248685
-1.411962
-0.377761
-1.135665
-0.206822
-0.149980
0.142414
-0.316137
-1.259851
-0.190393
-1.043189
-1.468496
-0.704795
1.096301
-1.421740
0.835312
0.265512
0.946582
-0.151328
-0.075974
1.015966
0.553175
0.135014
-0.838826
-0.929316
1.421872
1.145746
-0.262528
-1.497207
1.120564
-1.015615
1.091509
1.266229
-1.156575
1.459426
-1.204037
0.265890
1.352736
-0.010928
-0.815115
0.847322
0.785809
0.164064
-0.004090
-1.038602
1.212248
-1.104562
0.050609
-1.107956
1.568588
-0.925175
-1.090962
1.610633
1.398071
1.032964
1.686087
-0.341639
2.092217
1.712459
0.934448
-0.496073
1.684928
0.054280
1.803492
0.147476
0.983593
0.967382
0.112075
2.117930
0.907449
1.385062
0.359243
1.316805
0.442223
-0.467162
3.128371
1.171664
-0.947105
-0.311083
3.433330
-0.764311
-1.612494
1.108190
-0.636366
-0.207550
-0.536674
1.394936
0.301045
1.310114
-0.789803
-0.536821
0.517720
0.714158
0.232677
0.200802
0.829323
0.254984
1.080323
-0.485268
0.578394
0.478415
1.738271
0.007222
-0.071656
0.753981
-1.430901
1.497832
-1.127277
0.662473
0.512227
0.175493
-0.562337
-0.884496
0.721977
-1.559935
-0.303460
-0.325122
-1.000614
-0.419463
0.347419
-1.157885
-1.329063
0.611564
0.199397
0.361258
0.644129
-1.208670
0.637747
0.255831
-1.218658
-0.723790
0.836140
-0.984387
0.686155
-0.818778
0.831721
-0.669528
-0.432971
-1.101276
-0.954473
-0.984628
-1.132246
-0.995552
-0.781864
-0.946542
-0.370868
-0.847777
-0.252909
-1.070224
-0.988333
-0.269938
-0.336699
-0.681923
-0.715640
-0.906807
-0.358658
0.798532
-1.052047
-0.235236
-0.908754
-0.948948
-0.204428
-0.457942
0.022157
-0.747970
-0.299059
0.334339
-0.812768
-0.488488
0.621660
-0.559486
-0.170878
0.665783
-0.332452
-0.254909
0.485900
0.133826
-1.290069
0.642763
-0.057034
1.070352
0.136525
0.518021
0.583049
-1.212844
0.629444
1.059311
1.104956
-1.302192
0.984794
0.096994
-1.081419
1.326573
-1.084044
-0.781385
-0.041760
-1.964743
-1.483928
0.577914
-1.393731
-1.272489
-1.458945
-0.486743
-1.388115
0.795298
-1.262964
0.090952
1.044209
-1.077031
-1.355513
0.546632
-1.469217
0.448951
-1.644619
0.838937
1.462579
0.882084
0.519700
0.825655
0.668958
0.684591
-1.199026
0.625167
-1.546856
0.472450
-2.028495
0.837679
0.886997
-1.670609
1.527463
0.735555
-0.215087
0.338433
1.554865
0.165950
0.791084
-0.858666
0.249119
-0.506188
1.252554
0.297897
-1.051687
0.185246
0.834517
-1.703679
1.026180
-0.979872
-1.419510
-0.642255
0.738495
1.700764
-0.485547
-0.214380
-0.807970
-0.016822
-0.845199
1.534353
1.478473
-0.854658
-0.837718
-0.665713
1.524644
1.114761
1.583292
0.248108
-0.165488
-0.532180
1.454937
0.449932
1.908677
0.090982
2.033941
-0.804275
-0.546461
-1.193951
1.141071
0.048250
1.423414
-0.764782
1.899185
-0.817029
-0.806308
0.213306
1.383490
-0.742725
-0.928845
-0.728987
1.586679
4.084341
0.924153
1.441529
-0.105925
2.508811
-0.821265
0.300740
2.727176
1.419248
1.773126
1.747614
1.411428
0.753387
0.421971
2.123630
-1.446758
0.886595
2.084626
1.755403
2.938849
-0.613129
1.579284
2.169394
-0.657456
1.093834
3.342885
2.062104
1.646084
1.518975
-0.144742
0.803248
2.474386
2.522685
0.959217
0.357707
0.293705
0.497056
1.746656
1.247661
2.261279
1.677288
0.059143
0.467033
0.302278
0.404286
0.783856
-0.228450
-0.706442
1.803988
-1.300133
1.318926
-0.723775
1.103498
-1.744078
1.402672
0.434515
-0.831300
-1.188935
-0.034612
1.502713
-1.170024
0.376116
1.668790
1.466001
-0.361750
2.578471
-0.363223
-1.194665
-0.310308
0.245325
1.494956
-0.258033
1.522874
1.003490
1.730791
-1.261820
-0.807203
-1.037059
2.352638
1.623037
-0.410110
1.655578
-1.281084
-0.281657
-2.533328
-1.878323
0.763634
-1.272593
-1.594678
0.767920
2.930895
2.624152
-0.475519
0.629085
-1.462268
-0.511173
0.860566
-0.419281
1.594277
2.699009
0.103292
1.378629
0.833981
0.653570
-0.530811
-0.229128
1.229128
1.063378
1.635170
-0.629296
-0.106692
-0.095819
-0.826181
1.785045
1.233551
1.261478
-1.276862
2.672853
-0.392325
1.580307
0.561282
-0.919323
7.827725
-0.045737
0.872139
-0.031708
-0.017743
-0.122663
-0.158514
1.776637
5.094696
1.580179
-0.002599
-0.087191
-0.222372
0.188235
1.248966
-0.048119
-0.182710
-0.058241
-0.155120
-0.163473
-0.054410
3.070333
1.033731
0.114185
0.041220
-0.150684
-0.165082
1.927471
1.617974
0.686298
-0.258243
1.091404
0.704778
0.369940
1.843624
0.758075
0.749368
0.688597
1.862349
1.013616
5.477514
0.494309
2.405919
1.968838
4.403953
0.314764
0.904475
-0.164691
-0.688945
6.087469
3.024178
1.850372
0.203309
2.270710
2.441260
1.741321
0.942653
1.817585
3.854305
6.751697
2.579776
0.800990
4.441161
0.711414
3.266994
3.011674
3.523319
3.731509
3.214701
0.403413
3.165446
3.150695
5.764913
2.948424
1.065027
-0.157984
0.823419
-0.095089
-1.603907
-1.834520
0.170331
0.196686
-1.183206
0.154822
-0.768221
-0.331983
-1.475109
-1.576270
0.023174
-0.048491
0.306316
0.142701
-1.030074
0.189931
0.205348
-2.794533
-1.124757
-1.414077
0.376348
-0.599945
-2.828783
0.325516
0.094766
0.311529
-1.622214
0.363621
-0.622051
-0.514057
-1.150376
0.198127
0.131955
0.281023
-1.993443
0.273989
-1.237823
-0.498877
-2.076994
-0.484353
-1.636977
-1.819346
0.122109
-2.420800
-3.865418
-0.543686
-2.946841
-1.720305
-2.058336
-1.334722
-2.932678
-0.528231
0.320212
0.245596
-3.464183
-0.446313
-2.105016
0.083646
-2.166070
-3.542441
-0.787725
-0.657536
0.366787
0.041889
-1.164967
-1.698377
-0.560027
-2.267574
-0.541507
-1.229550
-3.965636
-2.289366
-1.563885
-2.338908
-3.449965
-1.538533
-1.091539
-4.092983
-1.499325
0.621963
0.772253
-0.494836
-0.606890
-0.620267
0.639187
-1.487302
-1.774608
-0.792241
0.711133
0.235703
0.734509
0.619480
0.337690
0.632422
0.571217
-1.091918
-0.975875
-1.143270
-0.571673
0.212946
-1.275805
1.050022
0.528711
0.608729
-0.993024
-1.986456
-1.303811
0.694469
0.563287
0.607369
0.561936
0.792764
-0.314202
0.787461
-1.450123
0.467378
-0.985694
-1.954706
-1.396293
1.217486
-0.579158
-1.443901
-0.883388
0.848395
-1.132620
-0.321772
1.154600
-0.026197
-1.568051
-1.181742
0.656432
-1.259796
1.196970
1.229440
0.593188
0.817064
-0.081768
-1.194698
-0.356597
-0.416411
0.458095
-0.628186
-1.667164
-0.325106
-1.123658
-0.007156
0.963198
-0.241471
0.252123
-0.570346
-1.690671
-1.451652
0.494374
1.072803
-0.121708
-1.378535
1.178437
1.399374
-0.413345
-0.062838
-0.684274
-0.915975
-0.723185
-0.644825
-0.516618
-0.637941
-0.400240
1.653488
1.030029
-0.507836
2.880978
2.440703
0.670938
2.260514
2.366971
0.167040
0.060987
1.543949
-0.572800
-0.341122
-0.765793
0.209136
0.844933
2.035237
-0.080083
2.433345
1.825164
2.422457
-0.917487
0.729498
-0.543337
0.456569
2.172065
-0.506217
-0.792454
-0.207407
-0.587308
2.395696
-0.530450
0.315416
-0.568996
-0.555351
1.959737
0.522586
1.983803
0.076985
0.060529
2.226742
-0.531801
2.308098
-0.100083
-0.487403
0.725337
-2.061883
2.538637
-0.756032
-0.530123
1.627176
0.564211
-0.375264
2.295073
0.621466
0.142416
-0.036297
2.128291
1.476469
2.188455
1.623553
1.300344
2.131116
1.545348
-0.833839
0.436635
2.503578
-3.925051
0.340648
0.090143
0.136149
0.270822
0.227993
0.231284
0.163135
-0.418710
-2.089158
-1.297806
-2.008402
0.137070
-1.479661
-1.136081
-1.749528
-1.117313
-1.050788
0.212922
0.250528
-0.561650
-1.341503
-1.513969
-1.384669
-0.732758
-1.172717
0.255983
-1.947240
-1.313339
-2.111205
0.055738
-1.000914
-2.240968
-0.148052
-2.606295
-1.381312
0.249837
-3.033361
-1.901821
-0.102252
-2.004043
-2.470058
-3.888911
-4.267725
-4.800295
0.160556
-2.272838
-1.603250
-1.496356
-2.134917
-1.335142
-2.974344
-1.870777
-4.111675
0.301316
0.258629
-3.158192
-3.400741
-3.094731
-3.949368
-1.444073
-0.824013
-1.211946
-3.406944
-1.799081
-3.466591
-3.278240
0.197503
-2.580769
-2.296782
-0.849858
-1.543386
0.115730
-2.867042
-0.165040
-0.239102
-0.830362
-0.093168
0.386382
-1.853227
-1.498217
0.571059
-1.785267
-1.500696
-1.501174
-1.451885
-1.715541
-1.292678
0.633331
0.947661
0.775112
0.916082
1.045987
0.790758
0.930911
-0.773775
-1.454790
-1.779742
-0.965565
-2.783993
-0.430828
0.925689
0.823908
1.013726
-1.600620
0.899000
0.691513
0.792170
1.103559
0.781471
0.683575
0.821113
0.011661
0.915860
1.005073
-0.025531
-0.153846
-0.587778
0.585183
0.018745
-0.727581
0.582171
0.120886
-0.085211
1.021363
-0.702010
0.628968
0.767787
0.228885
0.316418
0.950186
0.347256
-1.775101
-1.359948
0.474834
0.953713
-1.622197
-0.178943
-1.540986
-2.010156
0.557006
0.062452
0.360940
-2.753005
-2.569177
-2.141913
-0.296134
-0.156162
-2.611665
-1.913302
1.227315
0.926431
-1.634434
-1.353751
-0.798870
-0.805070
0.473583
-0.031175
0.909363
0.764819
0.693575
1.186362
-0.229639
1.646991
-0.130707
1.510901
0.019793
-0.076171
-0.184593
0.090924
0.002851
-0.204511
0.440009
-0.251572
1.654967
1.595825
1.429497
0.989126
-0.474155
2.775526
-0.116378
-0.167790
0.408423
-0.264777
-0.162263
-0.173735
-0.184592
-0.053275
0.353790
-0.352408
-0.944614
-0.230458
2.804237
-0.417536
1.066833
2.061774
1.506693
-0.619467
0.714178
0.526533
2.338798
2.183048
0.398364
2.132993
0.445355
-0.245321
1.289786
-0.116305
3.234928
1.593807
-0.361809
1.525756
-0.599581
-0.259331
0.650927
-0.297903
2.097301
2.891968
2.101030
1.479947
1.573234
0.488079
-0.488044
2.313119
1.365686
1.654320
2.041587
1.307753
-0.816481
0.876454
-0.812479
-0.053708
1.240849
2.293338
0.678047
0.243325
-0.458308
-0.316450
1.262066
-0.442456
-0.054807
-0.485763
1.564687
1.658771
1.358167
0.167567
-0.509093
0.096867
2.779372
-0.073801
-0.375361
2.837108
-0.368979
1.648855
2.212879
2.147933
2.121561
-0.598569
-0.061781
0.087082
-0.427682
-0.573101
1.863757
2.485068
2.059799
-0.427176
-0.551616
2.950636
0.418873
2.049666
2.018173
3.208048
1.191025
1.646962
4.367298
2.928447
4.174078
1.589258
2.181013
4.135531
2.460172
-0.288904
3.333697
3.391732
4.849831
3.422358
-0.563009
2.888133
0.729861
4.169424
2.543131
2.913576
2.731855
2.803565
-0.179536
1.945515
1.594416
2.804776
2.275113
3.379215
1.482759
1.644993
1.113541
2.232119
2.273721
1.997064
2.912425
2.881975
1.174673
2.514627
0.649815
2.025831
1.320179
-1.181230
-1.128323
0.834382
-0.492364
0.642052
1.089684
0.866096
1.185927
1.369114
0.228171
-0.109770
-1.300634
-0.725407
0.100200
-0.941154
1.414105
0.227393
0.831579
-0.860639
-0.783452
-0.491757
2.246598
-1.547434
-0.716686
-0.895564
0.865796
-0.946659
-0.844658
0.857522
-0.822508
-0.933800
1.367519
1.765767
3.439384
-1.006989
1.732715
-0.971669
1.157305
1.408571
2.097843
3.447523
0.467384
2.670341
1.303126
1.421603
1.682529
1.502697
1.692759
0.251912
1.748588
1.472962
-1.450945
0.053214
0.412136
-0.226275
0.162644
0.925912
0.662956
3.780345
1.623030
1.093823
-0.797475
1.216607
0.787228
2.634732
1.333999
-0.143679
0.299274
1.150329
0.450446
-0.316642
1.267143
1.814695
-0.573619
-0.719743
0.538419
0.972387
-0.300682
-0.756232
0.025365
-0.059326
0.124965
-0.486328
-0.327159
-0.470541
-0.660800
-1.425403
-0.045181
0.084456
0.018637
0.060173
-1.037740
0.088234
0.042741
-1.287695
0.049195
-0.086117
-0.723290
-2.719748
-0.384069
-0.348542
0.092025
-0.016925
0.106144
-0.032979
-0.064675
-0.008147
0.110869
0.057025
0.169611
-0.141858
-0.502761
-0.026109
-0.842536
-0.057916
0.039134
0.122536
-0.967204
-1.554313
-0.480430
-1.311510
-0.570377
0.042200
-1.834154
-0.464706
-0.138286
0.339603
-1.175258
-2.043219
-1.988720
0.147186
-0.004090
-3.260931
-0.250719
0.265966
0.090313
-2.051205
-2.166044
0.284909
-0.866146
-1.574372
-1.401342
-1.610753
-1.578424
-2.164249
-2.805896
-1.940746
-1.016903
-1.211426
-0.098883
-0.016529
-1.310454
-2.688852
-1.041507
-0.539600
1.863579
0.146515
0.031787
0.151211
0.048037
0.315604
0.179701
-0.140439
-0.195409
1.573030
-0.214386
0.474399
-0.253742
-0.099066
0.754632
-0.067774
0.200714
-0.234428
0.143652
0.024329
0.631661
-0.575827
0.293046
0.874633
-0.197272
-0.342662
-0.504413
-0.137938
-0.270262
-0.192616
-0.144740
-0.366249
-0.269252
0.187607
0.056579
-0.391382
0.350044
-0.184433
1.360835
-0.381232
-0.226605
-0.775819
0.693647
0.229106
0.767483
-0.340962
1.693789
0.893580
1.278787
0.591850
1.679460
-0.077797
0.542770
1.335824
0.639489
0.387740
0.990442
-0.007751
1.024715
1.068738
0.124629
-0.210794
0.874205
0.408153
0.230672
0.500354
0.399909
-0.855973
-0.659855
1.560944
0.032157
0.323683
1.827065
1.534916
2.049084
1.292488
0.332892
0.610786
-4.130223
-0.971807
0.214348
0.112414
0.271642
0.160349
0.077796
0.169476
-0.142714
-3.899052
-0.820744
-1.211908
-1.072721
-0.481339
-1.065538
0.057849
-1.505771
-2.082725
0.140020
0.249864
0.014944
-0.944286
-5.941237
-0.045242
-0.284680
-0.431145
0.179522
-1.156264
-2.049843
-1.744015
-1.933203
-1.024376
-2.116261
0.479295
-3.888582
-0.638398
-1.193238
-2.911360
-2.028621
-0.014035
-4.493033
-4.644431
-3.587027
-4.494909
-4.917004
0.136673
-1.016483
-0.089583
-4.823153
-3.055120
-3.275553
-4.544243
-0.161940
-3.892219
0.146118
0.254353
-2.897516
-4.500273
-4.202384
-4.446724
-1.350293
-0.030550
-0.804866
-3.026507
-0.941287
-3.892522
-2.578098
0.224836
-2.692708
-0.211282
-2.721304
-2.483290
0.004432
-3.365611
-2.947024
-0.484141
-0.803414
-0.285336
0.459658
-0.973972
-1.118287
0.842457
-0.904754
1.078699
-0.937270
-0.818585
-0.707785
-0.026958
-1.609977
0.205771
1.037376
-0.806772
1.395652
1.571121
1.282130
-0.091940
0.658274
-0.781144
1.239156
-0.789347
-0.250451
1.423658
-1.431617
0.869884
-0.279434
1.311655
-0.911176
-1.238850
-1.254660
-1.120797
1.374637
2.075111
2.013811
-1.259906
0.271648
-0.162064
0.979342
-0.225428
-0.230911
1.243250
1.825190
1.857406
-1.328648
-0.285869
1.043962
1.255708
1.025680
-1.343640
1.796400
0.548369
1.448533
1.689033
-0.916606
-0.900098
0.628633
-1.208308
-1.368318
2.026266
0.341288
1.244708
-0.065916
1.028844
-0.119973
-0.525871
0.967316
-1.755788
-0.944315
-0.684069
-0.386393
-0.122119
-0.513643
0.742467
0.550721
-0.499970
0.339781
-0.562228
0.579636
-0.944195
-0.635463
-0.707085
0.061319
0.031020
1.262396
-0.728717
-1.874898
0.816552
-0.861562
1.004565
-0.987958
0.776249
1.407983
-0.673474
0.890349
0.800019
-0.279514
-1.136421
1.807454
0.704309
2.008823
-0.672540
-0.758800
-0.343720
1.299384
-1.162632
1.099390
-1.291216
-0.409693
-0.978807
-0.700765
1.753016
0.791070
1.157261
0.174408
-1.100980
0.914622
1.413318
2.067889
0.975470
0.393316
1.635753
0.881224
1.700699
0.435943
0.189625
-0.538352
-0.771757
0.330027
0.230890
-1.211399
1.067065
0.225200
1.799673
1.034966
-0.826890
1.010039
0.472082
0.080316
1.044785
1.101622
1.161489
-0.254489
-0.286641
0.854859
-0.257317
-0.415725
0.486959
0.582846
0.509389
1.531373
-0.247558
1.199998
0.779252
0.166582
1.012171
0.659122
2.105507
-0.537451
-0.409084
-0.396416
0.099539
1.142608
1.730911
1.923962
-0.956311
-0.755828
0.413839
-0.451819
-0.442743
2.007354
-0.549299
-0.290259
1.089288
1.257517
0.359132
-0.202711
-0.538957
1.828863
-0.537527
-0.229467
2.323722
0.686892
-0.068662
-0.576631
1.748885
0.399027
-0.473115
-0.738652
-0.386453
1.816161
-0.719719
0.715101
0.501235
0.441101
0.619394
1.495553
-0.214695
1.004280
-1.102314
0.408596
-0.690903
1.791021
0.601217
-1.204788
-0.101304
1.912680
0.903488
-0.684148
-0.948723
0.318996
2.104101
0.453825
1.653208
0.094880
1.944802
1.541303
-0.256608
0.329655
-1.521236
1.293906
1.170287
-1.205810
0.040048
-0.638236
0.603463
1.184871
1.822353
-0.528857
1.957241
1.409149
-0.542104
0.798725
1.160423
0.371081
0.245912
1.110595
1.011904
1.153714
-1.007272
-1.096359
0.998077
0.975707
-2.262471
0.972321
-0.808430
-1.111750
1.570692
0.634518
-0.953554
-1.070262
-0.314873
-0.646332
1.389306
1.057880
0.973028
0.232237
-0.094537
-0.608503
0.259895
-1.183896
-0.997287
1.266274
1.553816
0.210211
-1.605026
-1.128273
-0.767925
0.521010
-0.591072
0.313731
-1.701910
0.838958
-0.955676
-0.367112
-1.359703
0.817821
0.266670
-1.967206
0.905678
0.245673
-0.081490
0.551502
1.457488
-1.655038
0.779398
-0.442178
0.231613
0.524481
1.257706
-1.964809
2.074037
-1.615581
1.174348
-1.012402
0.888126
0.931768
2.160681
1.922214
-0.613169
-0.372275
1.576146
0.089931
0.683771
-1.214839
-1.100398
0.751831
1.440899
-2.330438
0.813315
0.196462
0.511655
-0.623723
1.158561
1.619018
-0.244899
0.193839
-0.982583
0.817329
-0.949936
-0.240476
0.997209
-1.321360
-0.227247
1.519364
-1.378997
-0.453086
1.329854
-1.181699
0.000563
1.019912
-0.301900
-1.010470
-0.106676
-1.162011
-0.821360
1.005206
-1.106566
1.135368
0.113743
-0.521299
-0.758632
1.079682
1.724272
0.565147
0.256539
-1.454793
-0.054912
0.593288
2.220767
-0.860997
-0.642629
-1.685396
-0.335814
-1.514481
-1.058483
1.242886
-0.588551
-1.127372
-0.245040
-0.053532
0.430584
0.072805
0.638731
-1.396636
0.101109
1.161900
-0.902897
0.481065
-1.152562
0.987220
-1.778209
-0.819225
-0.948476
-1.186135
-0.796710
-1.454533
1.847578
2.149005
0.185276
1.298658
0.438404
1.613528
1.364875
-0.178113
-0.312279
1.920945
0.363214
-0.378003
0.047420
0.108412
0.271350
-1.485631
-0.020962
-1.167504
0.275499
0.290646
0.843592
0.623599
-1.602775
-0.503403
-1.717383
-0.241065
0.513103
0.391434
-0.851608
-0.865741
1.045954
-1.092625
0.980464
0.222563
0.607500
0.365169
-1.401609
0.518194
-0.010915
0.060666
0.910912
0.480960
0.602761
-1.014220
-1.111074
-0.355730
-3.091655
0.659332
0.664104
0.122216
1.632024
-0.836687
0.694079
-0.045254
-0.114597
0.262640
0.488804
-0.037475
0.111082
0.885242
-0.265048
-0.809155
0.046305
-0.098722
1.016947
-1.255692
-0.194278
-1.611528
0.310522
-0.134089
0.816932
-1.292561
0.197810
0.518338
-1.341240
-0.755792
-1.938869
1.441760
-0.521240
-0.470993
-0.448276
0.332273
0.543932
1.256981
0.906510
-0.755898
-0.766580
-0.295106
-1.162186
-0.442461
0.389352
-1.480952
1.482457
-1.226727
-0.943509
-1.230666
-1.058563
0.731934
-0.989942
-0.675470
-2.587243
-0.303530
0.215140
1.653075
1.188572
1.121171
-1.856319
1.578865
-0.894961
-1.037704
1.475056
1.081793
-0.772124
-0.340118
1.198301
0.646907
-1.215374
-1.201972
-0.586769
-1.800686
-0.859761
1.636100
0.899952
1.296671
-0.716919
-0.216214
-1.182292
-1.945587
-2.507643
-1.484505
-1.119480
-1.068767
0.609289
-0.075803
-1.107871
-2.957034
-0.833350
-1.202470
-0.313682
2.081404
0.247154
-1.934401
1.681584
1.218422
-2.934329
0.387572
-0.761458
-0.817803
0.840664
-1.277941
0.902242
0.212932
-0.119839
0.753038
0.926203
0.896634
-3.066788
-0.989972
0.268069
0.055075
1.193186
0.634977
0.153245
-0.233329
-0.242962
1.459363
0.516782
-0.418963
-1.146684
1.085337
-0.081415
1.196967
0.175810
0.127620
-0.053819
-0.076851
1.019600
3.599117
0.711370
0.079761
-0.123982
0.018413
-0.073128
2.376511
0.564558
-0.018034
1.131739
-0.131225
-0.037513
0.390285
3.101122
0.001243
0.975971
-0.071183
-0.123711
-0.108909
-0.120235
0.014012
-0.009482
-0.112182
0.103026
0.959788
1.147320
-0.216518
0.068543
0.021354
2.677762
-0.110734
1.062466
1.446400
-0.459322
1.331817
3.065411
0.609892
0.272057
2.138243
3.277012
0.870407
0.368735
3.362963
1.250311
1.336442
1.826362
-0.210959
0.546092
-0.108192
0.084485
4.823877
0.214262
1.348887
3.475420
3.274034
0.827023
3.438105
3.213345
3.277134
3.183282
2.611957
2.258511
2.040075
3.691570
1.453685
1.930823
-0.446803
2.741930
0.918145
-0.015771
-3.664223
-0.001674
-0.896739
0.033396
-1.294036
0.074135
0.105434
-1.219411
-4.883924
-1.764600
-0.977279
0.287114
0.271896
-0.369441
-2.353533
-0.388547
0.253443
0.679375
0.123618
0.037377
-2.661205
-2.212306
-1.867979
-0.111964
-0.599154
0.352087
0.061146
-0.415725
-1.626078
-1.536759
0.119880
-1.010089
-0.394850
-1.243742
0.073574
-0.735773
0.044848
-2.029568
0.175600
-0.658825
-4.149818
-0.132979
-2.634578
-2.855294
-1.446616
-0.014779
-1.910842
-0.351482
0.454888
-3.391653
-2.490158
-2.775030
0.154618
-1.989652
-0.855793
-1.412689
-0.866817
-2.340425
-3.326677
-3.003871
-1.808482
-2.691677
-3.419344
-0.554730
-2.270783
-2.696294
-2.588668
-3.045555
-2.267881
-0.656238
-2.563513
-2.328578
-2.809217
-2.687022
-0.150004
-1.087376
-0.598148
-0.311466
0.376421
-0.956811
-0.855501
1.421237
-1.281962
1.232165
1.329313
-1.082701
-1.548148
1.733747
-1.068044
1.772181
1.814199
-0.974601
-0.942332
-1.153380
1.672692
1.262995
1.543162
-1.584637
1.556047
-0.488293
-0.518399
1.355337
-0.882471
1.784227
0.217409
2.012738
-1.022563
-1.015380
-1.033059
-0.978280
1.656653
1.313925
-0.664253
-1.185000
0.343616
1.487582
1.403689
1.447448
-1.009751
-0.398642
0.953360
-0.542643
-0.751766
-0.763463
-0.576591
0.508532
-0.272600
0.366139
-0.994783
-1.183699
1.764772
1.637628
1.113645
-1.139928
-0.415052
-1.006253
0.660356
-0.269850
1.272214
0.301564
-1.195616
0.715800
1.540864
-0.345659
2.363132
0.648132
1.883768
-1.276934
1.920485
1.862788
0.642806
-0.747656
1.675956
2.002947
0.885711
0.852038
-2.332824
-0.734612
0.173647
0.232577
-0.044492
0.224789
-1.442052
0.033122
-0.324640
-1.048892
-1.252983
0.324435
-1.730028
0.004419
-0.002625
-1.360096
0.151614
-2.925354
0.168094
-2.009394
0.488636
-2.535573
0.163154
0.188844
-1.072219
-2.528541
-0.128825
0.238091
-2.029453
-2.153332
-2.335362
0.213004
0.289092
-0.200015
-1.783253
-1.093061
-0.868520
-0.210486
-2.027023
0.597374
-1.035507
-0.731718
0.468684
0.539221
-1.113873
0.104123
0.783188
-0.207769
-1.999136
-3.322296
-0.492574
-0.983444
0.196353
-0.991308
-1.375986
0.062068
-0.820386
-3.193751
-1.051744
-2.632495
-0.226698
-0.165465
0.314032
-0.431473
0.157738
-2.418084
-2.360029
-0.536684
-1.662841
-1.872783
-1.497786
-0.330889
-0.098060
-2.664118
-2.529794
-2.442503
-0.831765
-1.915700
-1.016078
0.055666
-1.071403
-0.166124
0.125230
0.174240
0.356665
0.295388
0.858949
-0.953851
0.211684
-0.203812
0.374575
0.206960
-0.249584
0.443300
0.138440
-0.502944
-0.394305
-0.098713
-0.283694
-0.628829
-0.541293
-0.753512
0.434836
0.491496
0.189843
-0.016247
-1.036229
0.540482
0.316010
0.466624
0.047441
0.385429
-0.382998
0.404140
-0.709101
-0.171178
-0.937152
0.418838
-1.049871
-1.333682
-0.800461
-0.864120
-0.762170
0.451511
-0.883676
-0.388763
-0.846421
0.697628
-0.809202
-0.717894
-0.606932
-0.199129
-0.504929
0.666781
-0.342341
0.410495
-1.616184
-0.804374
-0.549643
-0.871154
0.461800
-0.007135
-0.394369
0.098433
-1.127415
-1.393921
-0.361412
-0.723984
-1.709748
-2.073756
-0.567426
-0.040152
-2.282167
-1.778374
-0.309232
1.163896
1.052983
0.241045
0.119365
-0.036783
0.161097
1.418103
0.784285
0.107862
1.715804
1.911361
-0.428587
0.105319
-0.248970
-0.135856
4.046690
-0.066261
0.190645
1.627474
1.277044
-0.358487
-0.194889
-0.380874
3.471408
0.111215
-0.124711
-0.012833
0.697551
2.579088
-0.150279
-0.124077
-0.241492
0.259322
0.179058
0.470393
1.895513
1.014741
1.876886
2.724691
0.460788
3.304182
0.379162
0.975960
0.064455
-0.025124
2.815120
0.179332
1.302151
0.990203
2.081881
-0.167166
2.612205
0.643886
-0.080811
1.527984
1.332428
0.413497
0.133673
0.918916
4.498077
3.663982
2.000803
-0.230663
-0.281038
-0.665538
-0.507529
2.787510
3.388440
1.067789
-0.376094
-0.253488
2.867626
1.928473
-0.462391
1.991409
-0.030971
2.198359
0.982711
2.453342
0.668572
1.028272
0.710116
0.365994
-1.435880
0.320393
-1.020643
0.476635
-0.225152
-1.112697
-0.690991
0.969008
0.994115
0.557215
-0.002060
-0.914699
-0.469596
-0.373982
-1.084598
0.694535
1.245055
-0.129201
-0.599041
-1.285547
0.045163
0.162506
-0.709122
0.643743
-0.962580
1.101113
0.754931
0.551438
0.592527
1.136393
-0.702389
1.227788
-0.780877
1.243450
-0.302225
0.301442
-0.979392
-1.076078
-1.216570
-1.116093
-0.910253
0.082888
-0.159885
-1.680860
1.873363
1.313457
-1.124975
-0.441127
0.109940
0.061890
-1.618554
0.811113
0.834529
1.659048
0.317626
-0.432263
1.080093
-1.137651
-0.954580
-0.813171
0.523821
-0.766935
-0.581027
1.439568
0.662281
0.859585
0.144409
0.815815
0.454812
1.742664
0.919071
0.112606
0.277476
0.464159
-1.257331
-1.721621
0.192271
0.187080
0.151480
0.074958
-0.050113
0.343515
0.735173
-1.611104
0.357069
-0.321682
0.232517
0.172972
-1.597149
0.238570
0.166220
-2.435656
0.101004
0.287815
-1.669644
-1.352071
-0.111130
-1.772248
0.051903
0.033881
0.227866
0.531355
-0.692509
0.390249
0.017799
0.297316
0.127947
-1.100677
-0.002455
0.338684
-0.629196
0.995760
-1.040340
0.498258
-1.944939
0.408484
-2.786957
0.122997
-0.686373
0.198211
0.421534
-1.023959
-1.887476
0.203295
-0.900095
-1.269380
-2.318593
-2.387182
0.874286
0.108396
-1.310492
-1.320419
0.099242
1.149072
-1.206617
-0.411033
-1.193828
-0.379865
0.137146
-0.167650
-0.802731
0.034271
-1.782663
-1.361475
-0.843907
-0.986462
-0.696879
-1.146187
-2.078946
-1.409364
-0.879751
0.299073
-1.137537
-0.981064
0.820041
0.026691
-1.098580
0.800354
-1.022662
0.513780
0.253894
-1.489819
-1.689600
-0.834679
0.706139
0.602153
0.294877
0.921491
0.669858
-0.077438
-0.886543
-0.929778
1.352597
0.553490
0.210601
0.661341
0.451153
0.803841
-0.952579
0.984209
-0.675422
1.320756
-1.448126
0.977980
1.163427
1.060290
-0.564552
-0.436835
-0.477445
0.940496
0.109611
1.611342
0.074812
-1.316397
-0.023100
-0.706586
0.187442
0.721986
-0.762670
-1.575032
-0.842781
0.159321
-1.171304
-0.313486
-0.194409
1.629968
-1.303519
-0.430716
0.075314
-0.278047
0.302786
-0.337266
-0.674304
-1.444325
0.553157
-0.057918
-0.367393
0.097169
1.637949
0.422195
1.143737
-0.016164
0.202788
1.064543
1.731598
0.368914
0.815381
-0.141006
0.181968
-1.306253
-3.321703
0.018331
0.141394
0.128204
-0.669823
0.132264
-0.046126
0.222979
0.216244
-2.869550
-1.114469
-0.274082
-1.641593
-0.075768
-1.822222
-0.755153
-0.097669
-3.517764
-1.841728
-1.258711
-1.969427
-1.161075
-3.516868
0.143686
0.256801
-0.197817
-0.795716
0.288440
-4.061737
-1.743126
-3.167927
0.264174
-0.273529
0.458636
-3.094340
-1.212638
-4.012569
-0.418292
-1.561286
-0.915107
-3.655746
-4.559196
-2.144957
-2.186566
-5.299051
0.379921
-1.052048
0.059587
-2.022618
-5.045980
-3.099658
-2.834427
0.122126
-3.596009
-3.198056
0.552077
-2.663256
-2.432207
-3.639706
-2.920905
0.803866
0.403988
0.637263
-0.046504
-2.310451
-2.447151
-2.524758
-0.367159
0.052009
-0.528428
-1.988891
-2.003579
-1.062222
-2.207355
-4.483857
0.015323
-0.675316
-2.828248
-0.033292
0.553027
-0.350096
-0.222040
-0.104511
-0.176770
1.363036
1.766559
1.054298
1.831478
0.016319
-0.361724
-0.212279
-0.200618
0.005548
-0.277105
-0.188492
1.539050
-0.127636
-0.249299
1.005325
0.135153
1.727491
-0.340708
-0.122596
-0.313889
0.216436
-0.247360
2.057351
0.109259
0.043418
-0.061117
-0.417168
-0.515516
0.993605
-0.454614
2.077719
-0.108031
0.389224
1.617913
1.167155
1.473419
1.536260
1.588802
0.389723
2.393836
2.614038
2.558734
0.634747
1.167892
1.112979
2.376642
-0.217324
0.325068
0.395420
1.429074
0.745308
1.043921
0.040145
3.417993
1.394887
1.269361
2.081902
0.554374
1.250777
1.587455
2.370165
0.732351
0.191633
2.808133
1.858793
1.445831
1.525596
3.408899
-0.527677
0.488296
0.750174
1.926031
-4.606767
0.278915
0.189348
0.103628
-0.002092
0.065612
-0.475075
0.156610
-0.064893
-5.289550
-2.503151
-0.521133
-0.539734
-0.004072
-3.507158
-1.529884
0.128307
-1.559464
-0.182086
0.062803
-0.308636
-1.970927
-2.944236
0.140709
0.290881
-0.889672
0.065016
-0.010084
-4.346866
0.209866
-1.150984
-0.315377
-1.653676
0.399311
-3.958711
0.324896
-3.268131
-2.413467
-2.909082
0.363200
-0.650615
-4.598798
-1.312388
-2.191140
-4.208662
-0.093522
0.212592
0.043062
-3.257202
-4.047085
-3.279232
-4.297977
-0.013299
-2.577691
-3.710528
0.261386
-2.961776
-5.039544
0.236426
-3.443625
-3.057647
-0.323779
0.607744
-1.367913
-0.822391
-2.124528
-2.998338
0.559856
-1.210457
-2.732295
0.134095
0.409329
-0.168959
-3.337207
-2.293514
-0.354664
-0.922861
-0.530863
-0.185497
1.509091
1.162623
1.162316
1.119469
1.267913
1.466833
1.077711
-0.831755
1.247219
-0.600790
-0.583856
-0.949937
-0.736960
1.367532
-0.766850
-0.747684
0.885427
-1.210412
-0.154607
0.728202
-0.296679
2.814815
-0.884860
-0.558775
-0.652411
1.284762
-0.670641
-0.329631
-0.430165
-0.741857
-0.619128
0.228865
-0.789949
1.987004
-0.775174
0.982573
0.162467
1.604591
1.731021
-0.878614
1.269340
-0.523939
-0.442484
1.774964
1.350913
2.625116
0.722514
2.102560
-0.366473
0.965047
0.730182
-1.056037
0.791667
1.693492
0.893391
0.976967
-0.868747
3.483130
0.929087
0.846292
-0.087948
-0.814654
-0.450974
-0.115048
1.337333
2.427717
0.869599
-0.423651
1.212879
2.821735
1.641566
1.190514
-0.584263
-0.305610
1.147367
0.562013
0.232547
-0.698440
1.272102
-1.074227
-1.095848
1.237939
1.146863
0.426820
-1.031813
-1.609013
1.269868
1.322577
1.123426
-0.719939
-1.178538
-1.364403
-1.327104
-1.002328
0.426527
1.062904
0.754802
-1.196003
0.500013
0.335312
-1.085819
-1.042487
0.710842
-0.561487
1.186926
0.865313
1.425780
0.911563
-1.021942
1.673324
1.023224
0.896611
1.231373
1.644981
1.144937
-0.193883
1.264065
-1.074848
-0.853831
-1.682788
-1.463759
-1.685628
-0.953312
0.090259
1.177811
-0.817687
1.048487
1.472388
-0.581233
-1.086185
-0.808591
-0.443234
-0.974791
-0.365530
0.099395
1.537055
0.498300
-0.936206
-0.573311
-0.924906
-0.666313
-1.263769
1.149184
-1.930192
0.608613
-1.083140
-0.209643
0.044479
-0.075308
-1.434850
0.747250
-1.655640
-0.579599
-0.147805
-1.290214
-3.592563
0.149526
0.040489
0.039926
0.129434
0.126563
0.090786
0.073693
-0.376790
-2.825119
-0.695743
-0.979312
-0.075733
-0.029133
-0.461375
-1.244196
-0.720126
-0.546932
-0.096981
0.120368
-1.170117
-1.885689
-0.370199
0.048100
0.202333
-0.291325
0.120240
-1.552218
-0.142519
-1.175883
0.126495
-0.903171
-2.279083
-0.598690
-3.315614
-0.259013
-0.186493
-1.187626
-1.112642
0.189727
-0.485971
-2.927135
-1.016144
-1.275459
-2.751698
0.052018
-0.928327
0.258591
-1.462208
0.035983
-0.002028
-2.792937
0.252479
-3.438844
0.286457
0.247322
-0.126622
-0.180687
-0.618811
-2.911119
-0.120801
-0.288921
-0.073545
-2.756844
-0.059525
-1.048118
-3.327434
-2.988615
-1.561981
-2.355297
-0.361592
-0.151213
-0.648125
-1.692414
-3.025414
-2.518628
-0.905755
0.121452
2.562757
-0.231393
1.022896
0.018298
-0.096404
-0.182897
-0.233729
0.467824
2.502105
0.590707
-0.047332
-0.255044
0.084317
-0.032633
-0.344775
1.848949
0.010406
0.115181
-0.024940
-0.393062
1.951916
-0.010381
1.081954
0.474472
-0.316067
-0.420074
-0.176519
0.618682
-0.309372
0.613027
-0.387458
-0.212547
2.068086
0.756148
1.760883
-0.082886
0.570720
2.735771
1.417269
1.736140
2.230932
2.438783
1.418302
2.056204
-0.631638
2.540171
0.790764
1.497411
0.660518
-0.065957
3.213692
0.502374
1.860686
0.625972
0.021917
1.211243
0.682240
-0.775530
2.339579
2.737273
0.631843
2.437719
0.111555
-0.268997
-0.095359
2.160106
1.235537
0.175177
1.517618
-0.277471
3.517273
2.987568
0.868002
1.703060
0.364911
1.990149
0.847226
1.184870
-2.858103
-1.604706
-0.981539
-0.804313
-0.978348
-1.300786
1.431136
-1.005255
1.099091
-0.506771
1.183520
-1.539153
0.955971
-1.118191
-2.182686
1.103244
1.316914
-0.652869
1.109243
-0.870475
0.898828
-2.603706
-1.927634
-1.497138
0.510396
1.343091
-1.273391
-0.949084
1.246663
0.828867
0.695854
1.526306
-0.681011
1.174596
0.958098
-1.389741
-0.108431
-0.978057
1.634877
1.956121
-1.065374
0.950696
1.184069
1.384071
0.513127
-0.072982
-0.090187
0.918883
-1.575091
-0.912745
1.296991
0.419504
-0.844668
1.035745
0.773474
-0.894804
-1.104426
1.180885
-1.174453
-1.009113
-1.112863
0.384975
-1.617208
1.022252
0.529410
-0.744612
-1.987055
0.314469
-0.175526
0.876196
1.671293
-0.389394
1.620890
0.668086
1.568939
0.164085
-0.389696
-0.453040
0.069641
-0.307111
0.769792
-0.264080
0.187243
0.539850
-0.141484
0.185641
4.299489
0.188920
-0.437170
0.311236
-0.363444
0.051550
2.703526
-0.399789
-0.126205
1.786437
0.248360
0.628772
1.047254
1.019405
-0.554425
-0.337789
-0.381042
-0.366256
-0.088332
-0.402831
0.270661
-0.310005
-0.355392
0.050227
0.541140
0.056159
0.570105
-0.242047
2.678882
-0.192101
0.145598
0.410699
-0.199664
1.524836
1.103004
2.177897
0.670597
1.120730
0.649491
0.806750
2.460255
0.382185
1.052732
0.895075
-0.177016
-0.399173
-0.451326
0.835016
1.681067
-0.229200
0.383488
-0.062323
0.297761
2.311641
1.719718
2.805519
0.365796
0.072054
2.107650
2.820680
3.204036
1.947203
-0.523043
0.206813
1.557616
0.418888
0.176838
-0.194005
0.750084
2.375609
1.208864
-0.615140
1.401206
1.362848
-0.687996
-0.554094
-0.489758
1.413563
1.424399
0.519756
-0.742261
0.543404
-0.403659
1.463174
-0.497486
-0.537076
-0.149477
0.315650
-0.443033
-0.424619
1.318805
-0.360472
0.564323
1.462386
-0.583071
0.702969
-0.516582
-0.296124
-0.015107
-0.510045
-0.295307
1.776743
-0.828671
-0.760826
-0.682408
-0.574256
-1.213236
-0.241138
-0.081075
0.669837
-0.401968
0.124158
0.676956
0.278144
2.323442
1.349673
-0.628381
1.592490
0.072106
0.547387
0.133441
-0.031858
1.539905
1.713373
-0.146397
1.505885
1.337156
0.964115
-0.681741
-1.044354
0.616255
1.387063
1.728183
0.864616
1.759800
1.950655
0.419953
1.200522
1.146003
0.330963
0.257541
1.615462
1.271099
1.164039
-0.067462
-0.424169
0.637497
1.611965
-0.779391
0.362480
1.540122
1.563276
-0.899655
-0.880674
-0.483714
1.581346
2.302567
0.730361
-0.732076
-0.804514
0.027931
-0.538209
2.115411
-0.584039
-1.005782
1.754532
-0.845659
-0.837108
0.834963
2.179479
1.530924
1.647249
0.955863
-0.549010
-0.674255
-0.869771
-0.730718
-0.757767
0.114203
-1.162373
-0.704668
1.903956
-0.188086
0.732312
0.329452
-1.202146
-0.175901
-1.074055
1.518526
0.019099
0.972747
1.593944
-0.830307
1.217164
0.418145
1.521799
1.430405
-0.311368
0.718476
0.934749
1.804536
-1.378567
2.511379
0.878544
0.048614
-0.986262
-0.188763
1.387030
1.652067
1.056487
0.732648
-0.967179
2.192191
-0.944045
1.522217
-0.545931
-0.957425
-0.827004
-0.367509
-0.000544
1.019136
0.367763
-0.242649
0.945537
0.191288
-0.096471
-0.338008
-2.413566
0.466243
0.341278
0.687616
0.700302
-2.386631
-0.225348
0.409445
-2.238961
-0.603732
0.088907
0.059493
-0.269366
-1.424273
-1.276691
0.919920
-0.490367
-2.055766
-1.037873
1.469278
-0.472186
-0.753830
-1.999091
1.538908
-0.479177
0.504237
-2.447632
-0.888091
0.973421
-0.623381
0.880224
1.260606
1.741823
1.208164
-2.761112
-0.651318
0.684192
-2.202523
0.788101
-0.203624
-1.372642
1.464452
-0.191663
-1.613145
0.374495
-2.250915
-1.966803
-0.772637
-1.671056
-0.177413
-0.877096
1.074900
-0.321617
-1.105574
-0.978910
-2.467216
-3.251102
-3.547459
-0.362960
-1.345937
-2.048079
-1.152016
-1.791390
-2.334239
0.132319
0.803782
-1.813430
-0.138392
-0.829726
-0.224581
-2.196283
-1.538171
0.048106
-1.960718
-1.342959
-0.540549
-2.344157
-0.344579
-0.155193
-0.335314
-0.134801
-0.249756
0.926037
-0.326080
-0.201344
-0.361992
0.668913
0.143395
0.247437
1.900694
0.233020
-0.584896
1.234194
1.393417
2.146395
0.386859
-0.157747
0.782958
1.810619
0.349640
-0.180280
-0.049325
0.625247
1.654655
0.294259
-0.411703
0.987087
-0.588564
0.376410
0.211702
0.604590
-0.693192
-0.051023
-0.376868
2.317603
1.100143
0.423529
-0.049243
1.671154
0.705934
0.410327
0.784557
1.142573
0.595205
0.912635
-1.141905
-0.511265
-0.616714
0.679169
1.622789
2.241061
-0.310387
-0.320297
-0.893080
-0.670190
1.367984
-0.712097
-0.042902
1.546210
-0.087507
2.414078
1.975622
-1.474756
1.704942
2.344678
1.981392
0.291038
0.046542
0.540290
-0.327724
-0.966975
0.945113
-0.039748
0.673509
1.049375
0.584858
0.718601
0.880848
-1.182885
0.740523
-0.262902
-1.320119
0.809623
0.504266
0.402210
0.631053
-1.569322
-1.490549
0.680169
0.755119
0.806746
-1.429844
-1.542602
-0.523594
-1.439070
-0.230855
-0.600866
0.543949
0.779759
0.558197
-1.671540
-1.222898
0.751881
0.577519
0.574375
-1.508321
0.492577
-0.801809
0.903654
-0.488189
0.767369
0.404518
0.562296
-0.741177
0.388865
0.790587
0.783290
0.128481
0.301238
0.452014
-1.073909
-0.066306
-1.461877
0.319638
0.684781
-0.008485
-0.035911
-0.523757
-1.733775
0.421598
0.588587
-0.302026
-0.149576
0.680254
0.779030
-1.296856
0.533939
0.225293
-1.939126
0.051546
-0.337013
0.655173
-0.251310
0.016422
-1.040303
-1.079293
-1.364814
0.784834
-0.309163
-0.344600
-1.157059
-0.648587
-0.803647
4.037927
-0.052539
-0.129333
-0.102492
-0.141994
-0.114728
-0.082681
1.949429
2.219311
3.823136
0.177582
-0.081522
-0.053614
-0.050054
1.869398
0.127841
-0.007273
0.796243
-0.092520
-0.210035
-0.260244
-0.280947
-0.117324
-0.004573
-0.163528
0.088635
-0.134140
1.485279
0.029978
-0.144755
-0.102355
-0.122252
0.008978
1.461474
2.411660
0.193848
1.417784
-0.840518
1.121680
-0.045347
4.350152
2.535110
1.691707
3.799295
2.515811
-0.152955
3.372252
3.220874
2.596456
-0.191632
4.555939
2.433406
0.174795
0.559141
0.988580
1.224143
0.657298
0.131675
0.839518
4.124876
2.747264
1.774540
0.520685
-0.411637
1.736014
3.474265
2.648350
1.575285
-0.630599
2.579199
2.359404
1.515422
0.023648
4.116147
-0.246745
-0.308369
0.955580
0.187666
-0.122419
-0.247730
-0.220788
-0.091799
-0.296449
-0.273070
-0.370146
-0.262469
-0.179652
1.601689
0.293820
0.061996
0.434457
-0.386075
1.418209
0.128681
0.967020
0.614740
1.055387
-0.165704
-1.060752
0.035722
0.767855
0.584624
-0.170778
-0.766915
-0.096090
1.766848
-0.329513
0.117828
0.519298
0.597979
1.655209
0.903792
-0.257453
-0.327080
1.165892
2.907205
1.747365
1.894589
0.750504
-0.295278
2.171197
1.950716
2.833996
-0.139704
0.044333
0.392702
3.466905
-0.666813
1.752534
3.255212
0.457107
2.481335
-0.200857
-0.267335
0.149645
-0.662602
1.133261
3.440717
0.385141
1.631583
-0.698692
1.376832
1.112322
1.342398
2.041774
-0.519672
2.834012
2.088847
2.766571
2.765205
0.531784
1.655305
0.536692
0.194264
0.648521
0.070974
4.389374
1.894148
-0.132111
-0.094443
-0.233015
-0.153276
0.178980
-0.052890
0.810190
1.290787
0.147196
-0.335387
0.086385
-0.224181
3.075874
0.351288
-0.213259
3.743724
-0.131542
-0.094044
-0.204646
2.866841
5.715186
-0.133031
0.826040
1.338598
-0.172506
1.515532
1.373338
1.674417
0.789960
-0.178959
-0.323375
1.234348
4.177695
0.586174
1.805399
2.474669
1.437844
-0.516471
3.445602
2.858154
0.908287
2.500774
4.030586
-0.085340
3.776071
0.970200
2.007417
3.188163
3.118007
4.343491
-0.205934
1.213113
2.414576
0.122810
2.846699
5.473026
2.983166
5.318680
0.283913
0.665096
-0.002364
0.133874
0.521856
4.187378
3.008558
1.159189
2.087890
1.344278
3.632607
2.414913
-0.174557
3.800714
3.774098
2.276294
0.886836
0.045063
-3.543477
0.156418
-0.183902
-0.010846
-0.422437
0.109457
0.132914
-0.709709
-2.824640
-1.255288
-0.427230
0.206350
0.106449
-0.060285
-0.322747
-2.305543
-0.072167
0.335945
0.260362
0.208875
-1.900450
0.334883
0.018703
0.030956
0.105704
0.191359
0.250722
-0.432622
-0.089262
-0.083675
0.220533
0.165770
-1.782438
-2.739613
-0.774523
0.214376
0.087584
-2.464410
0.044206
-1.354168
-1.323150
-0.200927
-0.180265
-2.309507
-0.271945
-0.230656
-1.275006
-2.986603
-0.044635
-0.079598
-1.065341
-0.371436
-1.974791
-0.213875
0.158664
-1.329671
-1.084036
0.629872
-3.373827
-2.042737
-0.594658
-3.205830
-3.267113
-1.012661
-0.711286
-1.525559
-1.267688
-1.367671
-2.527841
-0.326777
-2.289527
-2.933386
0.063088
0.004430
-0.731593
-0.270801
-1.078004
-0.390075
-1.836215
-1.581231
-1.398814
0.422067
-1.850160
0.579951
0.611154
-1.229574
-1.773909
0.123575
0.793304
0.708868
0.639431
0.761307
1.261795
0.725700
0.712378
0.197064
0.552815
0.802620
-1.247640
0.146291
-1.772551
0.685917
-1.273079
0.400233
0.307875
-0.492943
0.398849
0.912609
0.481205
0.639912
0.656930
0.637254
0.673103
0.903038
-1.302795
-0.719256
-0.942915
-2.132447
-1.155024
0.276723
-1.560602
-0.214604
-0.087998
-1.046654
-1.108291
-0.100071
-1.350759
-1.732170
-1.084718
0.500853
0.966950
-1.773567
-1.639133
-1.410440
0.428036
0.504572
-0.664706
-1.264498
0.853116
1.046625
-1.608011
1.015588
-1.169136
0.482652
-0.650080
-0.851018
-0.846952
0.456520
-1.315477
-0.832537
-1.301807
-0.457942
-0.212300
-1.273143
-0.184946
0.527363
0.903375
-0.598205
-0.413637
0.214465
-0.974792
1.224488
-0.583067
0.572814
-0.234730
0.193764
1.261148
1.288956
0.197251
1.416376
-0.754413
-0.378654
0.559683
0.259772
-1.011698
-0.759908
-2.150051
0.862905
1.070440
-0.342509
-0.354372
0.264960
0.993500
0.356119
-0.540682
-0.729034
-0.821577
0.524692
-0.873259
-0.057912
2.771838
1.457635
1.418146
-1.247743
0.601235
1.067831
-1.589120
-2.017391
1.664440
1.951536
0.453131
-2.205057
0.902140
2.319440
1.607851
-1.274387
0.781640
-0.225814
-0.616632
2.017587
1.228155
1.643040
0.721085
1.705469
0.399490
-0.801068
2.407080
-0.321474
0.410591
1.659826
2.138321
0.595439
1.117023
0.117800
0.458199
0.361737
0.710427
1.236161
-2.189849
-0.012312
-1.363672
0.948095
0.460144
-0.079132
-1.353866
-1.104041
0.653327
0.356000
0.956975
-0.803591
0.590601
0.089863
-0.839913
2.325246
1.246569
-0.026136
0.397570
-0.845965
-1.292170
-1.030464
0.063169
0.306544
0.777308
-0.350907
1.037082
-0.540288
-0.526315
-0.120415
0.811407
-0.036314
0.516881
0.842838
-0.718711
-1.474701
0.563754
-1.248026
0.854058
0.503960
-0.191083
-1.188925
-0.877282
1.726753
-0.976540
1.101261
-1.025081
-1.181253
0.673603
-0.541785
-0.606142
-1.007265
-0.530036
0.888193
-0.670966
-1.130040
1.484754
-1.216889
-0.112361
-1.361910
0.145696
-0.309479
-0.276449
-0.553124
0.988010
0.866755
1.104466
1.331273
0.470377
-0.763654
-1.247922
1.152866
-0.614350
-0.336999
0.452061
0.644416
0.084784
0.319385
-0.994573
-0.525445
-1.593290
0.922495
-0.354896
0.702901
-1.182768
0.499412
0.432483
0.067535
0.641305
-0.754369
0.513298
-1.253772
-1.640703
-1.173013
0.734724
0.562496
-1.458897
0.647955
-1.332571
0.642878
0.434147
-0.869688
-0.150258
0.685871
-0.767458
-0.083018
-1.318964
-1.687702
0.623843
0.657321
-0.695845
0.631816
-1.484069
0.680664
0.701109
0.339871
0.141707
0.751143
-1.232773
0.556249
-1.374293
0.695849
-1.333427
0.697354
-1.406568
-1.090046
-1.227384
-1.348001
-1.345791
0.639585
-1.247382
-0.643514
-0.659796
0.714224
-1.367559
-1.324324
-1.342944
-1.184067
0.004864
1.008225
-1.006968
0.959995
0.378250
-1.321077
-0.069919
0.126395
0.321799
-0.444636
-0.046962
-0.518029
-1.301080
0.428852
-0.680930
0.515014
-1.002540
-0.530259
-1.426068
0.972392
0.272677
0.872798
-0.252876
-0.088989
-1.047537
-1.045400
0.250540
-0.023800
-0.542115
0.087964
-0.674854
-0.603259
-0.708331
-1.342904
0.835662
-1.167031
0.736377
0.966598
-0.411605
0.869314
0.987332
0.623106
0.037757
0.929241
0.051411
0.974455
-1.458545
-1.118375
0.656162
1.041700
0.759645
-0.296481
-1.005664
1.052371
-1.164361
-1.484816
0.240134
1.153589
1.891513
-1.121465
-0.757301
0.646032
0.437800
-1.847735
-1.550854
-1.424904
-0.265045
0.955598
-0.175075
-1.295837
-0.037314
-0.064340
-0.984805
-1.378467
-1.547492
2.062304
0.615195
0.775277
-0.734320
-1.091465
-0.627003
1.875042
-1.354964
0.651761
-0.248152
1.028686
-1.256245
0.176583
1.575148
0.830824
1.375817
0.388744
-1.232287
1.255930
0.282085
0.399511
-1.306058
1.190231
1.224722
0.723730
0.092602
0.253802
-2.120387
-0.854572
-0.838110
0.255004
1.615894
0.034513
1.648994
-0.620743
0.091355
1.393460
1.972994
0.626760
-1.050772
-0.203223
-0.972734
-0.771932
1.586537
0.412886
-0.002081
-0.339267
-0.685430
-0.739620
1.034598
-0.499404
-0.810016
1.050159
-0.390682
-0.766497
1.264717
-0.847440
0.910863
-0.836860
-0.784511
-1.054982
1.446175
-0.904913
1.807353
-0.933784
1.489016
-0.761072
0.768901
1.030561
1.477655
-0.544400
0.858327
0.608356
-0.266425
0.064247
0.944347
-0.456358
1.087137
-1.202317
-0.826946
1.208279
1.341537
-0.622745
-1.658411
0.046512
-0.819028
0.143107
0.913156
0.029404
-0.609209
0.503935
0.522775
1.142479
-1.727975
-0.968336
-1.022970
0.219955
-0.749179
-1.508489
-1.189850
0.813436
-0.884305
-0.877549
-0.553593
-0.562855
-0.732574
0.620431
1.155271
1.060433
-1.719267
-1.351286
-0.171412
1.139756
1.564040
0.452023
-1.764842
0.680163
-0.696104
1.366261
-0.651917
-1.357876
-1.418663
1.385151
-1.267726
-1.148744
1.299230
0.215485
1.422888
1.277030
-1.579131
0.836929
-0.979228
0.931286
0.833451
0.749842
0.677196
1.312646
-1.755397
0.486700
-0.919537
1.012508
-0.063492
-0.610899
0.178905
-0.024137
1.370190
-0.302897
-1.023731
-1.166917
-0.144550
0.868233
-2.061024
0.769595
0.663077
1.409339
0.240953
-0.369006
1.418056
-0.982839
0.452870
1.109609
-0.390301
1.153740
-1.195458
-0.014932
0.400162
1.082855
1.079693
-0.239336
0.867311
-0.604688
-1.896237
0.440355
-1.461304
-0.579811
-1.440259
-1.242509
0.998967
0.229906
-1.231308
-1.238966
0.143037
0.203625
2.559064
1.519142
-0.228281
-0.231499
-0.168339
-0.165431
1.570684
-0.128532
0.616182
2.568412
0.915507
-0.279595
1.080421
-0.137243
2.448094
0.435900
-0.278473
1.583104
-0.169462
0.713140
0.302937
1.612943
1.313319
-0.307944
0.336100
2.468274
-0.152924
0.270826
1.672926
1.691576
1.902340
-0.345896
-0.368474
1.044879
0.598464
1.375803
1.159401
3.058430
1.144695
-0.500245
2.590073
2.143313
-0.085016
0.199605
0.906413
-0.090450
1.992699
-0.016149
3.316106
4.080070
2.307450
2.159888
-0.420424
-0.724793
1.756551
0.097737
2.751044
3.995807
0.194971
4.524436
1.244812
-0.245691
-0.584991
1.276547
0.099094
3.218536
2.470275
0.401422
2.085377
1.541893
2.269225
0.339065
0.439716
2.033387
2.416596
2.299632
0.633891
1.736526
3.427338
-0.215282
-0.108522
-0.075006
-0.170883
-0.078020
-0.123700
-0.145989
0.250415
3.629778
1.209641
2.521962
-0.014576
0.881680
1.443295
0.274975
1.503168
1.283964
-0.106701
-0.170164
0.811693
2.135540
4.620456
0.093894
0.580508
0.678914
-0.083586
1.443413
2.013881
1.596641
1.030472
0.964706
1.993931
0.108602
4.354026
1.318988
0.703318
1.206814
2.362998
-0.032186
2.747937
3.543081
4.491273
5.488437
5.095290
-0.074249
0.719803
0.171180
4.261848
3.500177
3.347883
4.757927
0.174764
4.398821
-0.201723
-0.100101
2.981519
3.148360
2.360782
3.745477
1.944698
-0.181417
0.581009
3.867575
2.162243
3.698193
2.735568
2.828291
2.342073
0.301102
1.423534
1.576036
0.186638
3.475346
2.037608
3.178475
0.933782
0.241033
2.398223
-0.667737
1.855587
1.773036
-0.826618
-0.764995
-0.660664
1.679983
1.316116
2.702737
0.440652
0.972394
-0.667825
-0.791299
3.487052
-0.510622
-0.760330
1.647462
-0.795765
-0.827005
0.510364
0.296998
1.054469
2.008248
-0.624530
1.052809
-0.713248
1.647142
-0.233629
-0.651732
-0.583552
0.651810
-0.352365
2.278364
-0.680234
2.703254
2.344433
1.866379
1.608174
0.736916
0.842456
1.572784
1.988888
0.703152
4.787677
1.708737
0.943011
1.864627
2.009444
0.007122
3.192651
-0.563676
1.901240
1.916182
-0.571123
1.497726
-0.002978
0.195205
3.029215
1.212073
0.775956
1.945372
1.786309
-1.000065
2.070510
3.053426
2.551574
0.615466
1.064669
1.091989
1.754625
2.490297
1.016601
1.260907
-0.983112
0.224317
0.667638
0.279673
-0.372329
0.502027
0.366168
0.333830
0.395720
0.328743
0.393950
0.292332
-0.522152
-2.090038
-1.294039
-0.448532
0.045757
-1.557856
-1.568392
-2.326461
-1.682115
-1.610579
0.309649
0.402840
0.087660
-0.415511
-1.772903
-0.444198
-0.432135
-1.959600
0.340251
-1.396428
-0.806969
-1.965236
0.509738
-0.786286
-2.082479
-0.322466
-1.884384
-0.597773
-1.091899
-1.371680
-1.443266
0.619576
-3.331916
-1.317195
-1.671380
-3.602678
-2.166295
-0.525311
-0.811288
0.863074
-3.554613
-0.865165
-2.333921
-2.731292
-2.005298
-3.563284
-4.776695
-3.114196
-1.482898
-1.502503
-0.483577
-1.455628
-0.390796
-2.083183
-0.199875
-2.293764
-0.438179
-2.450697
-2.168187
-0.528361
-1.550135
0.210524
-1.497551
-0.848937
-2.852887
-2.285152
0.803850
-1.709036
-0.629815
-1.600638
-0.801738
0.590412
1.560627
0.013681
0.884585
0.157967
-0.055819
0.195136
2.731203
-0.895723
-0.199515
-0.306800
1.630830
-0.086109
1.275608
0.356519
-0.552055
-0.859132
0.191078
-0.359426
0.115718
3.170512
-0.158831
-0.204314
-0.123055
1.362977
0.438672
-0.246293
0.432935
-0.991289
-0.741165
-0.362932
2.456338
-1.160704
0.375405
2.706969
1.578623
2.793214
0.598612
-0.234120
-0.401063
-0.833046
-0.263809
0.130019
-0.065708
2.063035
-0.439087
2.994435
0.533603
1.194024
-0.610316
-0.273302
-0.386800
0.219133
1.679109
4.505526
0.631474
0.747914
1.112646
-0.458058
2.307296
3.035874
3.182593
-1.506957
1.597675
1.040831
0.373232
1.305859
1.993317
2.413652
2.672716
2.680737
-0.787056
0.850941
-0.158240
2.139472
1.167879
1.444276
-0.377718
-1.604785
-1.226838
-0.838201
-1.437564
-1.072480
-1.194248
-0.468707
-1.167048
0.110385
0.922709
1.065118
-1.421295
1.182271
0.182556
1.056273
1.122025
-0.114130
-1.099021
-1.173566
-0.327191
-1.398823
0.176504
1.388277
1.056311
1.210983
-1.032368
1.115074
0.967837
1.188472
-1.183091
1.129980
1.187745
0.891397
0.406014
1.095567
-0.182175
0.877584
0.202000
-0.875052
0.658969
0.965863
0.921463
0.772033
-0.841290
-0.618936
0.422102
0.597478
-0.476429
0.712504
1.260283
0.270426
1.515932
0.659756
-1.489428
-1.032913
0.725293
-0.411714
-0.309504
-0.047700
-1.817324
-0.266379
0.229870
-0.466356
-2.486530
0.040424
-2.860070
-1.581058
-0.418693
-1.618523
-1.826251
-1.151860
1.363537
0.401663
-0.932525
-0.642201
-0.596872
-0.346731
