2
78
128
-0.719402
0.374551
0.298094
-0.713942
0.350865
0.252627
0.057059
0.209460
1.230012
0.295672
-0.745098
0.542357
0.330631
-1.729944
0.985631
0.138565
0.044863
0.033353
0.733016
0.469271
0.203751
-0.200359
-1.243241
-0.109830
1.634023
-1.368750
-0.256865
0.048854
-0.377150
0.050271
0.329982
-0.949594
0.638409
-0.477627
0.524008
-0.081879
0.332451
0.002277
-0.319657
0.527236
0.365402
-0.167648
1.387013
-0.047010
-0.365478
0.777424
-1.701535
-0.489926
-1.055176
-0.898819
-0.242880
-1.021961
1.260829
-0.299409
-0.177072
0.149412
-0.180665
0.266208
0.499663
0.169800
-0.424878
0.651044
0.750777
0.874609
0.011649
-0.601947
0.997505
0.206364
0.894191
-1.104086
0.320053
-0.624229
0.518399
-0.037834
0.815785
0.007765
0.661476
0.456649
0.239295
0.976829
0.812530
0.597302
-0.839135
-1.237871
-0.063336
0.460663
-0.071062
0.419240
-0.558910
-0.779558
0.628599
0.202193
-0.313092
-0.257598
-1.248986
-1.018944
-1.815103
1.033079
0.596462
0.567189
-1.302465
1.136386
-2.348965
0.242550
0.229659
0.099217
0.146032
0.651626
-0.653323
0.712609
0.444228
1.494375
-0.367042
1.288867
0.761814
-0.668944
0.435232
-0.372600
0.808545
-0.389445
-0.257873
-0.511517
0.264041
1.024170
-0.322423
-1.305138
0.161992
-0.567829
0.180082
0.002968
-0.180098
-0.069075
-0.044094
0.004426
-0.120482
-0.739112
0.007195
0.322215
0.242738
0.257557
-0.307546
-0.201747
-0.338704
0.076022
0.134275
0.003336
-0.511277
-0.399216
0.124391
-0.565152
0.326224
0.233518
-0.315123
-0.290643
0.189413
0.108956
-0.156445
0.072662
0.277803
-0.260736
-1.271559
0.350289
-0.249390
-0.189853
0.381389
-0.102903
0.374283
0.542851
-0.086538
-0.422610
-0.140118
-0.503457
0.577672
0.068068
-0.199420
0.069037
-0.297047
-0.059894
0.174064
0.294547
0.049891
-0.105407
-0.098277
0.479577
-0.655823
-0.198481
0.452766
0.200673
0.105337
-0.156056
0.406745
-0.167671
0.030349
0.738278
-0.192579
-0.453575
-0.512182
-1.587911
0.166186
-0.591508
0.524827
-0.370279
0.680978
0.082980
0.322008
-0.248717
0.187206
0.075968
0.094487
0.698602
0.526306
0.253417
-0.018142
-0.223967
0.173155
-0.268778
0.131521
0.118372
-0.471295
-0.172779
-0.052825
0.054273
0.243652
-0.394052
-0.947205
-0.633861
-0.166379
0.260556
0.667993
0.333037
-0.290122
-0.494965
-0.407419
-0.017458
-0.157321
-0.354977
-0.378270
-0.158232
0.179549
-0.191684
0.240072
-0.588262
0.220380
-0.160038
0.158623
0.344720
-0.926257
-0.130164
-0.242843
0.424612
-0.064980
-0.249412
-0.295342
-0.013643
0.102529
0.077929
0.546761
-0.346622
0.211081
1.725966
-0.309343
-1.385075
-0.379136
-0.384791
-0.660977
-0.143585
0.053331
0.274823
-1.468056
0.368765
-0.246084
-0.165274
-0.053247
-1.412888
-1.226078
-1.487290
0.743290
0.071674
-0.640050
-0.088951
-1.647176
0.111499
0.894862
-0.660331
-1.122292
-0.094393
0.040158
-0.330475
-0.570246
0.107966
0.508880
-0.604075
0.007629
0.331840
0.372923
0.050150
0.296104
-0.239056
-1.592366
0.081560
0.640909
0.215014
1.054460
0.162327
0.890931
0.056593
0.523427
2.079565
0.756730
-0.575582
-0.925150
-0.211233
0.706245
0.489297
-0.081901
0.627376
-0.564881
-1.301797
0.614128
-1.233395
0.204087
-0.031562
-0.854907
0.349483
-0.588325
1.015353
0.872259
0.407625
0.545772
-0.703223
0.604295
0.184128
0.772186
0.768604
0.432378
0.178593
-1.579643
0.629457
0.427250
1.307801
-1.598644
-1.323812
0.381224
0.153444
1.850396
-0.944850
-0.523632
1.304247
0.399897
-1.016042
0.996357
0.675220
-0.429943
-1.151146
-0.968243
-0.963151
0.784610
0.946012
-0.820564
-0.838108
-1.974151
-0.504736
-0.303545
-0.494485
-0.887589
-0.195315
0.386000
-0.872736
-0.543582
-0.551700
-0.052907
-0.317934
0.580835
0.552519
-0.134129
-0.156129
-1.367844
-0.587768
0.047111
-1.024794
0.103460
0.675598
-0.214241
-0.371988
0.054823
0.820668
-0.323439
-0.424391
0.683459
-0.052626
0.210323
0.246574
0.658583
-0.369445
-0.519938
-0.541961
0.266436
0.126251
-0.197624
0.163811
-0.712043
0.064763
0.454733
0.419978
-0.375746
-0.012511
0.797217
0.261012
0.557025
0.195363
0.083630
0.644432
-0.139350
-0.097677
-0.103012
-0.108517
-0.390146
-0.186859
0.029992
0.092863
-0.444492
0.494082
0.383119
0.261866
-0.376249
1.106146
1.195464
0.275359
0.165775
-0.027318
-0.339743
-0.306496
0.536396
-0.888732
0.291459
-0.587419
0.011436
-0.031825
-0.343433
-0.170853
-0.263410
0.572386
-0.204180
-0.358257
0.250351
0.583479
-0.378721
0.982342
-0.254911
-0.373152
-0.138743
-0.529107
-0.280399
-0.138289
0.250668
-0.479979
-0.753469
0.051118
-1.139494
-0.184550
-0.521021
-0.289122
-0.489525
-0.841556
1.631701
-0.190580
0.276361
-1.259906
-0.089221
0.265097
-0.459305
-0.000215
-0.624396
0.509579
0.115522
-0.307111
0.181864
0.199527
-0.519473
0.775229
-0.163037
0.867325
0.375433
-0.497572
-0.041650
-0.895845
0.155246
0.622612
0.516510
0.210204
-0.217355
-0.409934
0.367940
-0.423585
-0.424281
1.095219
-0.127489
0.558756
-0.526922
-0.226092
-0.498271
0.060470
0.356105
-0.699726
0.348261
0.809751
-0.120353
0.749371
0.405612
0.254028
0.130402
0.178798
-0.351606
-0.585986
0.516837
0.011220
-0.759119
-0.159500
-0.616919
0.266477
-1.027838
0.949721
0.459545
0.194048
-0.697547
-0.202810
-0.647598
0.053726
0.443631
-0.278299
-1.880070
-0.509926
0.412633
-0.119154
0.107734
-0.162637
-0.384499
0.428414
0.168250
-0.586860
-0.625305
0.643363
0.417343
0.463514
-0.199944
-0.405790
0.594225
-0.774194
0.350230
-0.120148
-0.393934
-0.093858
0.061118
-0.698972
-0.881175
-0.102940
-0.133605
-0.238146
0.185989
-0.075639
-0.182259
0.288693
-0.152748
0.527073
0.709603
0.223711
0.278974
-0.170067
0.575787
0.460241
0.062790
0.364498
0.532126
-0.716594
0.215701
-0.764787
0.823363
0.084585
-0.510972
-0.342956
-0.297757
0.564856
0.634887
0.546684
-0.125058
-0.086421
-0.135451
-0.197157
0.431969
0.944711
0.386432
0.307890
-0.967117
0.267431
1.131275
0.722006
-0.250596
-0.336525
0.575572
-0.041904
0.365850
-0.033051
-0.437367
0.539820
0.100788
-0.061066
-1.136546
0.128835
-0.247756
-0.839677
-0.643115
-0.109119
0.059904
-0.394167
0.051531
-0.522675
-0.714380
0.061846
-0.528059
-0.227484
-0.533153
0.123664
0.658293
-0.382702
0.659979
-0.275204
0.144974
-0.423743
-0.001335
0.237820
0.404278
0.481207
-0.438755
1.661922
-0.658664
-0.649206
-0.545852
-0.346595
-0.406207
-0.042800
-0.037791
-0.517368
-0.246372
0.163047
-0.642062
0.306627
-0.044121
-0.061822
-0.251525
0.582723
-0.242762
0.311372
0.251758
-0.456850
0.406029
0.112334
-0.435677
0.198929
0.312427
0.315791
-0.219152
-0.053413
-0.204960
-0.280743
-0.175081
-0.459297
-0.434001
-0.137593
-0.181275
-0.034177
-0.157153
0.007405
-0.051529
-0.263225
0.163345
0.270513
-0.083632
-0.281210
-0.022741
-0.160562
0.376747
-0.287130
-0.394249
-0.457576
0.205205
0.843087
-0.119667
0.200384
0.254052
0.708018
-0.007482
-0.065204
-0.091543
0.253101
0.469840
-0.644153
-0.424604
0.296245
0.772532
-0.307820
0.066138
0.427984
0.254495
-0.137481
-0.247344
0.088989
-0.671570
-0.270178
0.081035
0.411341
0.125239
0.711977
-0.121284
0.075844
0.682270
-0.028068
0.096658
0.026035
0.199604
0.188720
-0.446731
0.055263
-0.415176
0.272536
0.445437
0.512186
0.309705
0.406537
0.043840
-0.365058
0.193081
0.187366
0.192887
0.384254
0.144615
0.211946
0.169581
0.318835
-0.237893
0.009745
-0.185258
-0.110914
0.102829
-0.013921
0.275790
-0.242434
0.479521
-0.046117
-0.064706
-0.167614
-0.667060
-0.290428
0.058232
0.255475
0.440289
0.232428
0.530518
-0.275381
-0.103041
-0.458732
0.323151
-0.261011
-0.389193
-0.474852
0.206766
-0.207956
0.219532
-0.485609
-0.080114
-0.241095
-0.383084
0.035932
-0.246254
0.599994
-0.264922
0.305276
-0.156030
-0.235281
0.176725
0.318879
0.637245
-0.264057
0.665008
0.140320
-0.234592
0.494357
-0.142058
0.418220
-0.527485
0.428307
0.035302
-0.123580
-0.130247
0.690755
0.502791
0.530570
-0.006762
-0.099512
0.132117
0.036980
0.997917
-0.136598
0.279513
0.648201
-0.553657
-0.558883
-0.409501
-0.107116
1.159392
-0.217003
-0.154885
0.559802
0.522037
-0.000578
-0.429174
0.038089
-0.282265
0.642771
-0.975838
-0.027238
0.136027
0.651321
1.195032
-0.549647
-0.074979
0.418394
0.597031
-0.465476
-0.451160
-0.464799
-0.485764
-0.117038
-0.713142
-0.032690
0.729586
0.254266
0.281744
-0.146646
-0.470178
-0.158312
-0.077721
-0.573993
0.482327
-1.415200
-0.427321
-0.197349
0.891747
0.221388
0.076336
-0.442756
-0.480370
-0.171260
0.927119
0.546923
0.479564
0.659292
0.296572
-0.561372
-0.256292
-0.353951
-0.281697
-0.169797
0.358890
-0.390038
0.116610
0.295773
0.404151
0.319614
-0.309000
0.123357
0.449049
-0.023694
0.344397
0.120212
0.591928
0.354358
0.487491
0.618182
0.417267
0.062307
0.199280
0.039333
0.292231
-0.118356
0.333303
0.552272
0.103636
0.089751
0.475303
-0.345720
-0.026787
-0.102225
0.328463
0.538333
-0.030610
-0.211186
-1.422353
1.037836
-2.134813
-1.029254
-0.106711
2.072160
-0.269075
0.078025
1.793051
-1.130922
-0.018186
0.174673
1.507985
-0.978263
1.670992
-0.319039
-1.267250
1.253233
1.683006
1.800727
-2.345160
1.488920
-0.053244
0.646955
1.358232
0.249140
0.686055
0.549326
0.371411
1.002969
0.483170
-1.200510
1.091481
-0.420337
-1.548078
0.154094
-0.932638
-0.207571
0.891827
0.987574
1.772064
0.647512
1.641250
0.212593
-0.127507
1.749416
-1.218291
0.234400
0.304439
-1.760437
-0.793145
-2.104120
-0.189370
2.154905
1.099632
-0.010128
-0.684039
0.386527
-0.531150
-1.308815
-0.054427
1.833053
-0.652467
1.349472
-0.094802
-0.378094
0.458900
0.510774
-0.021963
-1.349028
0.098422
-1.074230
-0.539773
0.548655
-1.339159
-0.381058
0.896680
-0.234443
-0.535744
-0.192331
-0.603686
-0.299515
-0.924565
-0.029125
1.319251
2.027288
0.488784
-0.796460
-1.501368
0.483945
0.051770
-0.730868
-0.263823
-0.251059
-0.160942
-0.864080
-0.002901
0.557176
1.525007
-0.089391
-0.174028
-1.521559
3.632244
-0.055721
1.492945
-0.917559
-1.026051
0.686877
-0.263141
0.075785
-1.011050
0.934102
-0.234024
1.200292
0.040410
0.958599
0.375366
0.216501
0.371503
-0.608550
1.980225
0.249818
-0.055068
0.807624
-0.156888
-0.094338
1.471262
0.365761
-0.002216
0.345249
-0.926282
0.491213
-0.333548
0.012668
0.552278
0.697389
1.546937
-0.338220
0.233888
-0.088508
0.344760
-0.362163
0.437727
0.067226
-0.693338
0.072243
0.894711
0.621243
-0.507373
0.162283
0.283830
0.214462
0.743480
0.709624
-0.321407
1.358105
0.477960
1.138641
-0.114031
-0.328600
-0.447191
0.244453
-0.099482
0.573471
-1.010011
-0.183683
-0.103287
-0.142458
0.494113
0.530146
0.772770
-0.033248
-0.252215
-0.452539
-0.153010
-0.134059
-0.042814
-0.880740
0.186525
-0.693749
0.113600
0.139192
0.362430
-0.175802
0.266420
0.272139
-0.465493
-0.498607
-0.123742
0.994544
0.038701
1.037993
-0.003607
-0.093728
-0.110516
0.455960
-0.057464
-0.172503
-0.308121
-0.826748
-0.119797
0.142270
-0.170824
0.199910
0.589110
-0.364478
-1.102502
-0.349821
1.683422
-0.153610
0.332836
-0.837628
0.305807
0.853066
-0.737609
0.142748
-1.066812
-0.435919
0.177813
-0.213596
0.370048
-0.412901
-0.550580
-0.249105
-0.179026
1.778571
0.912528
0.012672
-0.517254
-1.031783
1.370549
1.135389
0.815404
0.472705
-0.815836
-0.079749
0.021681
-0.332459
-0.748248
0.218017
0.192251
0.832982
0.112513
-0.459188
-0.373962
0.166374
1.121758
0.048431
0.785518
0.519030
0.179743
0.204591
-0.724578
0.523781
0.982554
0.520621
-1.060000
0.305760
-0.000872
-0.061142
0.102273
0.273623
0.190111
0.373676
0.148806
0.486823
0.797024
0.747693
0.031904
0.594847
-0.614291
0.032959
1.118688
0.407212
-0.317807
-0.096376
0.348646
-0.189088
0.710876
0.583296
-0.278594
0.173865
-0.346688
0.137114
1.279287
0.881652
0.090816
0.332782
0.251185
-0.606302
-0.555034
-0.310096
0.015513
-0.306528
-0.323036
0.421458
0.057968
-0.661206
-0.338216
-1.892129
1.412965
1.102991
-0.730572
-0.615596
0.301580
0.903762
0.700715
0.615060
-0.176516
0.478874
0.441061
-0.227523
-0.215875
-0.099694
-1.261291
0.419007
0.182361
-0.453924
-0.183855
0.195652
-0.012016
0.120909
0.566310
-0.158299
0.017871
-0.154949
0.146981
0.216812
-0.476880
-0.189967
-0.371475
1.520690
-0.806798
0.321575
0.166964
-0.082630
-0.097333
1.840309
0.929424
0.113433
0.294283
-0.369388
0.406855
-0.324039
-0.265694
0.450697
0.642912
-0.888175
0.112650
0.345796
-0.199072
0.417467
0.154021
-1.499374
-0.008554
-0.276558
-0.505087
-0.275185
0.449914
-0.644481
-0.310737
-0.495493
0.559649
-0.515969
0.152810
-0.139928
0.733615
-0.172196
0.358924
-0.359578
-0.198157
0.317527
0.018989
0.084890
-1.049861
-0.578640
-0.308465
0.049757
0.398335
0.517517
0.355325
-0.479820
-0.423162
0.581582
-1.099898
-0.696972
0.703118
-0.212520
0.349499
-0.696988
-0.114219
0.123615
-0.097633
0.035185
0.334334
0.833292
-0.103686
0.248930
-0.312816
0.302317
0.532937
-0.187341
-0.053879
-0.869787
0.645885
-0.148858
-0.194767
-0.514657
-0.205494
0.462799
-1.147313
-0.278127
0.266136
-0.036222
-0.549012
0.574562
-1.104137
0.325354
-0.288073
-0.109877
0.310543
0.113139
-0.067569
0.545173
0.622243
-0.380573
-0.104001
-0.778721
0.491965
0.401581
0.066948
-0.004616
-0.607339
-0.017626
0.844359
0.319227
0.098780
-0.340003
-0.744545
0.391406
-0.834885
-0.857840
0.089076
0.586045
0.106952
-0.313886
-0.007989
-0.056113
0.677357
0.110562
0.892375
0.035718
0.018713
-0.296766
-0.204936
-0.334161
0.669021
-0.327743
0.748140
0.111041
-0.345053
-0.598670
0.185518
0.082045
0.089204
0.135007
-0.013079
0.286512
0.564367
-0.458952
0.726827
0.480449
0.199611
0.362936
-0.298854
-0.981435
-0.415284
0.718759
0.306428
-0.920700
0.531083
-0.538937
-0.311721
-0.009108
0.419101
0.741433
0.232682
-0.070640
-0.385276
-0.257525
0.482113
0.108366
0.530195
1.037072
0.459043
-0.206407
0.527554
-0.720493
0.414097
0.706582
0.030435
0.119755
-0.305529
0.149593
-0.722531
-0.193359
-0.345929
-0.491823
-0.281499
-0.510896
0.112230
-0.614985
0.323879
-0.788694
0.260704
-0.349134
0.203908
-0.380502
-0.739225
0.108036
0.222678
0.104668
-0.221450
0.257414
-0.252919
-0.878060
0.022972
0.722458
0.313626
-0.139719
-0.613084
-0.207145
0.054242
-0.539852
-0.516681
0.324374
-0.094958
-0.490905
0.503020
-0.598304
0.143795
0.327532
-0.025022
0.173453
-0.380715
-0.554313
0.731719
0.022979
0.620666
0.212556
0.082754
-0.364144
-0.230633
-0.121801
0.261442
-0.617551
0.102123
-0.895245
0.283199
-0.026647
-1.211738
0.123008
0.598349
0.054816
0.183962
-0.068111
-0.496178
0.547339
-0.354250
1.593524
-0.659564
0.374913
0.165253
-0.192450
0.106120
-0.251980
1.133538
0.144065
0.277281
-0.205808
0.057100
-0.004509
-0.728542
0.093737
0.288917
-0.216421
0.193716
-0.044394
-0.132198
-0.426707
0.735334
0.511427
0.086578
-0.002659
-0.097814
-0.120257
-0.049477
-0.690683
-0.091003
0.721238
0.174388
0.503103
-0.145472
0.216965
1.030613
-0.443349
-0.137207
-0.080310
-0.124143
-0.704033
0.462203
0.667271
-0.290136
0.407755
0.345709
0.454486
-0.226308
-0.279965
-0.136818
1.188556
-0.314336
0.220093
0.226720
-0.245528
0.353228
-0.251854
0.128063
-0.734861
-0.070147
-0.077259
0.567177
-0.227017
-0.342345
-1.069908
0.340106
-0.343823
-0.406244
-0.122831
-0.530357
0.572927
-0.085684
0.232340
0.423379
0.489840
-0.475015
-0.235077
-0.496176
0.514900
0.194927
-0.667930
0.131838
0.134786
-0.126808
0.022648
-0.669215
0.789343
0.596269
-0.023762
0.357851
-0.079042
0.278013
-0.209194
-0.389723
0.369087
-0.185805
0.788997
-0.929222
-0.478723
-0.490855
0.006553
-0.725247
1.459155
0.113406
-0.641636
-0.898670
-0.318513
0.043389
0.265689
0.180885
0.556846
-0.437143
0.014933
-0.065215
-0.958003
0.124810
0.765868
-0.031356
0.328248
0.091911
-0.881321
-0.530946
0.098833
-0.793782
-0.054360
-0.820389
0.224459
-0.158165
0.135517
-0.389529
0.374010
-0.020127
-0.037604
0.352387
-0.103349
0.966689
0.448115
0.364777
0.590205
0.233640
-0.020899
0.588895
-0.527824
-0.051144
-0.563984
-0.845342
0.476597
-0.483662
0.412939
-0.830107
-0.791589
0.068078
0.161009
0.228014
0.015055
-0.142155
-0.147202
0.113041
0.228875
0.260583
-0.258671
-0.365984
0.796647
0.551533
0.496189
0.518859
0.371555
0.342439
-0.235289
-0.020823
0.301688
-0.206145
-0.395534
-0.711808
0.053880
-0.305545
-0.072198
-0.928333
-0.432115
0.459352
0.137076
0.291249
-0.148380
-0.329235
-0.165703
0.001635
0.471321
-0.507374
0.098460
-0.076111
-0.434509
-0.403019
-0.647192
-0.694626
-0.703167
-0.018826
0.924349
-0.319596
0.022718
-0.069369
0.151429
0.327574
-0.267679
0.513119
-0.103183
-0.069504
0.016685
-0.039215
0.048503
-0.322353
-0.368259
-0.092931
-0.011353
-0.352633
-0.170921
0.390801
-0.077821
0.213114
-0.032897
0.345951
-0.067481
0.087222
-0.009897
0.039799
-1.114665
-0.137912
-0.431869
0.133251
-0.207069
-0.263985
-0.136449
0.021881
-0.154974
-0.644865
-0.229279
0.406067
0.618525
-0.444469
0.884095
0.111501
0.069119
-0.043332
-0.631636
-0.424443
0.178362
-0.370520
0.248605
0.165669
-0.155813
0.178773
0.054737
-0.248689
-0.050263
-0.536593
0.478949
0.221961
-0.423613
-0.360158
0.218912
0.594694
-0.090190
-0.450139
0.030353
0.713291
0.698950
0.163495
0.308415
0.254194
-0.151200
-0.653074
-0.146827
-0.199527
0.170725
0.536387
-0.385031
0.095802
-0.027633
-0.558971
-0.213153
0.022170
-0.521627
-0.074884
-0.060830
0.088546
-0.174848
0.513194
-0.439859
-0.080845
-0.876542
-0.593228
0.035668
-0.668319
-0.096613
0.633064
0.592353
0.320980
-0.482154
0.756772
-0.324397
-0.046948
0.249263
0.030205
0.091753
-0.234887
0.031313
0.036160
0.210999
-0.544651
0.029573
-0.346696
-0.018188
0.778799
-0.595506
0.424852
1.087971
0.559645
0.126769
-0.764664
-0.382451
-0.359049
0.478773
0.328239
0.352169
0.067972
-0.721739
0.360061
-0.397543
-0.323042
-0.108271
0.086468
-0.258125
-0.556489
0.205386
-0.339430
0.616247
0.647539
-0.632893
1.101184
-1.018220
0.483472
0.645066
0.357916
-1.246880
-0.415957
-0.247022
0.530226
0.307136
0.089337
0.214176
-0.311568
0.029751
0.115401
1.043524
-0.135851
-0.094764
0.706714
-1.289300
0.603295
-0.299247
0.472011
0.343305
-0.908467
0.338694
0.296664
0.885632
0.218762
0.797675
0.525296
0.207024
0.702811
1.586324
-0.258331
-0.135899
-0.310946
0.067511
-0.121173
-0.583253
0.384652
-0.016864
0.377887
0.206569
0.325096
-0.461224
1.551740
-0.269354
-1.007407
0.186406
0.386338
0.207761
0.319142
0.148764
-0.028529
-0.575333
-0.001051
-0.571921
0.025519
-0.821762
0.278429
0.504280
-0.143199
0.472181
0.572731
-0.798461
-0.128079
0.311243
0.531631
1.860053
0.382623
0.122687
-0.918052
-0.180690
-0.214362
0.155585
0.476242
0.963750
-0.059614
-1.532132
-0.274607
-0.082083
-0.252405
0.500828
-0.642830
0.819111
-0.516559
-0.397165
0.063537
-0.384649
0.740812
0.071198
-1.155324
-0.307309
0.058462
0.250014
-0.515634
0.046986
-0.135510
-0.510708
0.408929
0.550322
0.751344
0.541185
-1.563959
0.058683
1.367798
0.133001
0.981478
-0.574334
-0.053472
0.453856
0.527342
1.190595
0.352409
0.883747
0.636262
-0.321471
0.355666
-0.952884
0.115002
-0.505450
-0.086263
-0.197269
0.163689
0.002245
-0.108293
0.152565
0.141214
-0.174800
-0.099302
-0.629593
0.252652
-0.367182
0.261858
-0.011166
-0.509275
0.115541
0.098721
0.565813
-0.480346
-0.535426
-0.147356
0.485335
0.051726
0.072604
0.654521
-0.130162
-0.174290
0.342559
-0.339315
0.179913
-0.703332
-0.040512
-0.336055
-0.042607
0.264713
-0.829299
-0.311220
-0.620014
-0.198547
0.275514
0.237168
-0.730191
0.215488
0.446487
0.177014
-0.126181
-0.018216
0.123755
-0.760392
-0.260357
-0.039189
-0.249344
0.630978
-0.729940
0.131419
0.172884
0.970910
-0.228471
0.467123
-0.330979
0.306308
-0.177241
-0.799528
1.002604
-0.223383
0.352721
0.041079
0.293527
-0.274033
-0.331134
0.058228
0.527267
0.123728
0.488918
0.201909
-0.321663
-0.109368
-0.439102
0.655787
0.293714
-0.249172
-0.118568
0.532095
0.006711
0.144180
0.233088
-0.262021
0.044933
-0.344888
-0.734343
0.304366
-0.234213
0.157746
-0.316498
-0.289781
0.308433
0.047712
-0.028795
-0.098641
-0.241718
-0.022205
-0.363400
-0.330128
0.077073
-0.765257
-0.225875
-0.406945
-0.125810
0.315356
-0.069682
-0.174133
0.185284
-0.251628
0.377727
-0.567355
-0.003375
-0.166823
-0.073730
-0.097540
-0.214681
-0.138522
0.249106
0.485703
-0.001130
0.232744
0.241627
0.354865
0.155881
0.419622
-0.346335
0.500858
-0.065909
0.149481
0.951289
-0.090986
0.137164
-0.049609
0.308869
-0.444214
-0.118906
0.559868
-0.328418
-0.474429
-0.338211
0.271448
-0.177524
0.183322
-0.384633
-0.001184
-0.205091
-0.582767
-0.273065
0.622368
-0.183724
-0.481882
-0.230211
-0.504125
0.458613
-0.453956
-0.523664
-0.232431
0.178152
0.271152
0.154406
-0.255689
-0.065466
-0.178825
0.819292
0.097799
-0.377519
-0.140504
0.491753
-0.570837
-0.081229
-0.044001
0.230990
-0.479216
-0.174292
-0.564864
0.258146
0.265313
-0.381589
0.481672
0.241983
0.112037
-0.575390
0.188660
-0.107086
0.228154
0.496988
-0.173239
0.437164
-0.323600
0.025227
0.037034
-0.309331
0.626672
-0.550906
0.506996
0.618390
0.552912
0.566333
-0.269047
0.404867
-0.113913
0.016912
0.871988
0.220853
-0.438327
-0.313809
-1.067073
0.502261
0.100883
-0.744174
-0.084147
-0.273594
0.316591
0.456848
0.083250
-0.138984
-0.141476
0.084715
-0.246962
-0.814166
-0.100401
-0.105542
0.000225
-0.008676
-0.038532
-1.220195
-0.190694
-0.400884
-0.029726
0.272463
-0.238568
-0.028739
-0.423657
0.353826
0.032439
0.311940
0.139521
-0.570357
0.519628
-0.865357
-0.274300
-0.412536
0.881373
-0.106712
0.368284
0.331137
-0.148903
-0.515655
0.287623
-0.110683
-0.579735
0.478291
-0.714060
0.554177
-0.327100
1.194147
-0.119717
-0.443945
-1.602872
-0.169489
0.597880
0.404888
-0.584827
0.322587
0.971357
0.086168
0.063535
0.349692
-0.370092
-1.231275
-0.560503
-0.695378
0.153486
-0.233650
-0.422365
0.579294
0.675776
-0.265385
-0.235835
-0.745223
0.304929
0.221165
-0.385736
0.558687
-0.280857
-0.131571
0.641681
-0.232218
0.345542
-0.148143
-0.034555
-1.110800
-0.334530
-0.316377
-0.677342
0.509195
-0.363714
0.272886
-0.060704
0.608602
-0.599448
-0.233639
0.286400
0.037286
-0.358255
-0.042125
0.405010
-0.337358
1.245206
0.081963
-0.073514
0.122317
-0.800067
-0.046948
1.079931
0.839370
-0.880588
-0.226656
-0.395474
-1.287637
-0.335793
-0.462877
0.124106
0.452101
0.218280
-0.408945
0.200699
0.005982
0.345751
-1.162162
1.110599
-0.463165
0.181328
0.476962
-0.576328
0.068016
0.057184
-0.459427
-0.057428
-0.268102
-0.190846
-0.163892
-0.045518
-0.060853
-0.307888
0.285866
0.505349
-0.572600
-0.241578
0.050765
0.663735
0.049367
0.037292
-0.574625
0.311254
-0.251315
-0.934550
0.372646
0.100430
-0.394004
-0.974610
-0.818528
-0.384302
0.367805
-0.806348
0.880392
-0.195129
0.535663
0.197539
0.185853
0.380296
-0.899374
-0.170961
0.065343
0.681735
-0.713952
0.514884
-0.221714
-0.300427
-0.818687
-0.370210
0.490787
0.834811
-0.667342
-0.443479
-0.220920
-0.035981
-0.050074
0.227751
0.626652
0.493543
-0.117520
-0.340775
0.070759
0.537146
0.157159
-0.448925
0.034678
0.422166
0.037912
-0.089316
0.100538
0.652915
-0.543638
-0.506790
0.374917
0.449434
-0.312303
0.636940
0.158169
0.330177
0.635714
-0.295826
-0.295274
-0.872087
-0.129779
0.624156
-0.124731
-0.725235
0.271578
-0.103292
-0.463779
0.137452
0.277630
0.530874
0.742926
-0.278186
-0.194206
0.985083
0.618601
0.845722
-0.583731
0.379690
-0.558247
0.867581
-0.385018
-0.623181
0.575965
-0.304002
-0.087050
-0.068178
-0.091901
0.731823
-0.341079
0.668006
0.003084
-0.215826
0.455622
-0.658530
0.783617
0.095082
0.899754
-0.190363
0.078586
0.267384
0.456786
-0.743224
0.797819
-1.096022
0.038730
0.534865
0.453486
-0.012115
0.159875
0.187796
-0.168718
0.747016
-0.390230
0.181420
-0.171056
-0.380941
-0.219506
0.272843
0.102328
0.098377
-0.757844
0.410218
0.120412
-0.899261
-0.122983
0.412871
0.487975
0.114097
0.592545
0.262392
-0.089890
-0.092703
0.079493
0.631387
0.633274
0.053966
0.381469
0.624130
0.657208
0.091514
0.242364
0.466741
0.078840
-0.040752
0.419616
0.259374
0.520839
-0.165733
-0.933612
-0.507299
-0.220903
-0.574102
0.080337
-0.595892
0.613671
0.111077
0.099298
0.138977
0.261527
0.618961
-0.085248
0.523145
0.395820
1.013001
-0.029349
-0.671702
0.414359
0.896715
0.325628
-0.676974
-0.025662
0.227351
-0.666180
0.311947
-0.270185
-0.061198
1.732815
0.604561
-0.179902
0.209650
-0.747835
1.593504
-0.408040
-1.009086
1.231075
-0.356402
-0.232398
-0.030308
-0.062716
1.123780
-0.164177
-0.043352
-0.231699
0.051009
0.536193
-0.400329
-0.550155
-0.825973
0.679189
-0.577189
-0.266705
-0.039348
0.497994
0.305337
-0.026069
0.204618
0.326131
-0.012925
-0.632239
0.161759
0.443641
-0.305348
0.259175
-0.254697
0.169675
0.696598
-0.054576
0.357103
-0.003148
0.051503
0.973726
1.235338
-0.185342
0.516520
0.188576
-0.229904
0.185985
0.626562
0.588391
0.061860
0.563493
-0.756032
-0.193797
0.617161
0.658865
-0.229856
-0.457334
-0.223962
-0.133976
0.394076
-0.286491
0.267070
-0.619501
-0.339732
-0.052384
-0.407819
0.400055
1.066566
0.429652
-0.300239
0.971397
0.008479
0.063603
0.726677
-0.523168
0.411984
-0.122161
-0.143608
-0.177191
0.099368
-0.135068
0.105528
0.432050
0.396518
1.517791
0.445264
-0.531699
0.573843
0.051340
0.676976
-0.236025
-0.241357
0.105405
-0.468457
-0.522607
0.437261
-0.436602
0.097593
-0.266231
-0.255720
0.088306
-0.098271
0.070425
0.546061
0.059963
-0.145140
-2.143937
1.300862
-0.354944
0.347452
-0.074341
1.010613
1.216791
-0.193137
-0.113964
0.495288
0.453064
-0.638385
-0.057779
-0.379718
-0.687892
0.027010
0.136365
0.598011
0.293464
0.119199
-0.185535
-0.870476
-0.975729
-0.657448
-0.203879
-0.062644
-0.266485
0.461834
1.075795
0.581564
0.370937
0.325379
-0.226012
-0.909858
0.152924
0.713183
-0.411858
0.259166
-0.639466
-0.005534
-0.444034
-0.962266
0.456301
0.166699
0.120755
0.601873
-0.325053
0.130128
0.102684
1.777409
-0.353197
0.430757
-0.204473
-0.272665
-0.492909
-0.099284
0.074240
0.175373
0.108120
-0.001327
0.549106
-0.082421
-0.105885
-0.189370
-0.100991
-0.285627
-0.587753
0.354363
-0.112632
-0.137402
0.125953
-0.362248
0.846943
-0.368734
0.180767
-0.028890
0.296506
0.322671
-0.219110
0.055209
0.088701
0.245542
0.015906
0.017223
0.106552
0.449065
-0.295757
0.144893
-0.066468
-0.100260
-0.287915
-0.099075
-0.426182
-0.178918
-0.378961
0.438428
-0.598895
0.500112
-1.356466
-0.359044
-0.317737
0.748761
-0.320987
0.416864
0.279534
-0.783441
0.425757
0.198139
-0.176704
0.117900
0.446506
0.418770
-0.115875
-0.506979
0.038864
0.941690
1.131157
0.582117
-0.089524
0.059313
-1.271647
-0.046218
-1.373430
-1.323244
0.844887
-0.926640
-1.472594
-0.673132
0.784539
0.418096
1.081901
1.135333
0.402674
-0.264140
1.352220
-0.754546
1.074800
0.295574
-0.404846
-0.112276
0.339096
-1.003102
0.375074
0.308836
0.638764
0.866937
-0.709044
0.732604
-0.323225
0.028126
-1.002136
-0.443329
-0.904081
0.697372
0.813120
0.806439
0.173843
0.828101
-0.722069
0.937503
-1.012511
-0.191710
0.868424
0.834194
0.413692
0.877219
-1.638774
1.208194
0.668036
-0.533182
-0.391670
0.703693
0.652888
0.492804
-0.437298
-0.781028
-0.142910
0.903118
-0.498267
1.384375
-0.072813
-0.468335
-0.939725
0.128963
0.552214
0.784593
0.610401
-0.115604
-0.385847
-0.062686
0.167062
-0.177455
0.108761
0.779080
-1.059996
1.128135
0.803073
0.506460
0.471006
-0.166044
0.955169
-0.219150
1.022517
1.287627
0.413843
-0.271531
0.052923
0.530258
-0.812540
0.106130
1.066939
0.269233
-1.680384
0.150948
-0.437803
0.509165
0.298184
0.761152
-2.161483
1.366781
0.286196
-0.941827
-1.433597
0.296956
0.005334
-0.681389
-0.641581
0.214940
0.542412
0.812444
-0.024552
-0.798770
1.259596
1.019388
0.833421
1.411898
0.623677
-0.440649
1.220916
0.030791
-0.645384
-1.651202
-0.143133
1.262246
-0.118631
-0.541084
-0.458926
-0.739550
-0.158662
0.566500
-0.836168
-0.022038
-0.301183
-0.129907
0.510879
0.545064
-0.122760
-0.768025
-0.498753
-0.195822
-0.640340
-0.043450
0.685390
0.514291
-0.328888
0.323590
-0.354004
0.688364
-0.494336
0.871927
-1.010123
0.109427
0.188328
0.137419
-1.850470
0.095833
0.213986
-0.288729
-0.590112
0.272375
-1.067875
0.645001
-0.586257
0.582846
-1.182255
-0.196739
-0.404625
-0.704428
2.281332
0.573434
0.730903
-0.281375
-0.711481
0.538453
-0.559589
0.351681
0.699552
-0.359583
0.200281
1.191746
-0.317940
-0.424714
0.067007
-0.284023
-0.122594
0.968594
0.776789
-0.447898
-0.566193
-1.123152
0.064848
-0.047879
-0.592816
-0.660577
0.569211
-0.160675
0.800139
-0.865367
1.217175
0.288119
-0.079661
0.340853
-0.025613
0.089496
-0.289648
-0.288736
1.058324
0.326844
-0.495614
-0.988734
-0.336935
-0.817005
-1.494302
-0.608451
-0.541422
0.037292
-0.056626
1.608682
0.310019
1.735661
-0.957565
-0.756791
0.882169
0.387826
-0.208856
0.072342
-0.854585
-0.297088
-0.639650
-0.048739
0.478057
-0.234254
1.373333
0.282944
-0.395922
0.418867
0.577045
0.868555
0.214542
0.390079
0.093162
-0.659125
-0.587304
0.532516
-0.137031
2.714353
0.900307
-0.678711
0.383949
-0.538340
0.249530
-0.828541
0.827959
0.196509
-0.617931
0.434849
-0.873761
-0.413423
0.231365
0.163318
0.591925
-0.042209
-0.559098
-0.090896
1.360667
0.068264
0.422781
0.073678
1.367185
0.890059
0.580077
-0.027098
0.197459
0.157084
0.265773
-0.444321
-0.152547
0.041712
0.112953
0.022309
-0.252163
-0.762593
0.540850
0.630740
0.492766
-0.265572
0.234793
-0.278579
-0.202030
-0.056221
0.819449
-0.092713
0.425652
-1.528968
-0.231230
0.482966
0.224338
0.100173
-0.071514
0.271008
-0.420732
0.110164
0.079265
-0.142388
0.571523
0.220469
-0.195132
-0.197533
-0.013891
-0.357654
-0.368620
0.004149
0.139157
0.454214
-0.429073
0.104496
0.149916
-0.219295
0.232526
-0.558495
-0.236557
-0.105280
0.270259
0.348545
-0.122598
1.127892
0.212582
-0.930784
-0.439412
-0.125859
0.286389
0.680241
0.144610
0.244989
1.150123
-0.452020
0.536284
0.286344
0.422417
0.702796
0.371305
-0.393763
-0.260735
-0.001817
-0.226301
-0.021226
0.507096
-1.061283
0.727466
0.021643
-0.209669
0.278185
0.349062
-0.328203
0.604625
-0.323499
-0.984691
-0.064230
0.550905
0.528209
0.356742
-0.392534
-0.045436
-0.840246
-0.310794
-0.270987
0.174940
-0.567756
0.375938
0.213610
-0.259603
0.127073
0.073767
-0.111910
-0.440278
0.447862
0.762415
-0.462308
-0.238602
-0.171440
0.233584
-0.078485
-1.177309
0.601935
0.771590
0.338043
0.983854
0.335091
-0.263062
0.557398
0.404088
-0.130828
0.130541
-0.256377
-0.187172
-0.165189
0.592407
0.318341
-0.189750
0.240345
-0.141319
-0.049956
-0.420542
0.391681
0.099517
-0.631826
-0.297869
-0.071740
-0.129816
-0.482278
-0.213775
-0.081398
-0.518214
0.116477
0.059709
0.045873
-0.070079
0.266689
0.045371
0.310494
0.624569
-0.065757
-0.470212
-0.382048
-0.106185
-0.248713
0.275585
-0.645333
-0.139152
-0.124175
0.595903
-0.170466
0.334532
0.281201
0.308562
1.134006
0.094318
0.041788
0.150775
0.353475
-0.172338
-0.433749
0.451759
-0.307756
-0.091949
0.518923
-0.177915
0.250728
-0.037949
0.065890
-0.206471
0.231073
0.251414
-0.916326
0.214839
0.091601
0.268759
0.795670
0.197264
0.828016
-0.303193
-0.353137
-0.254571
-0.116734
-0.201310
-0.540076
0.261123
-0.253350
-0.434898
-0.045783
-0.343762
0.012679
-0.194668
0.409261
-0.395022
0.044098
-0.241284
-0.343070
0.071076
-0.246477
-0.030327
-0.445635
0.304988
-0.700541
0.446401
-0.331801
0.012772
-0.145710
0.426833
0.321985
-0.440198
0.097634
0.136167
-0.265860
-0.152532
-0.307358
-0.673151
-0.337077
-0.177844
-0.681050
-0.183069
-0.111701
0.489559
-0.494031
0.575484
-0.027373
0.247596
-0.401073
0.280134
-0.471368
0.292103
0.095695
-0.102470
0.462713
-0.425743
-0.309873
-0.426875
0.517896
-0.501066
-0.337631
-0.457005
-0.346047
-0.987450
-0.577038
0.184858
-0.541280
0.050556
0.265035
-0.066093
-0.810021
-0.085736
0.321754
0.335330
0.011516
0.434865
-0.103019
-0.287867
-0.146271
0.239926
-0.000198
-0.311694
0.220149
0.426769
-0.725493
0.232205
0.346859
-0.212381
0.080700
-0.933420
-0.565988
0.013247
-0.324323
-0.317333
-0.157496
-1.186529
0.522146
-0.068481
0.610168
-0.106121
-0.315234
-0.768177
0.403493
0.217600
0.483217
1.002693
-0.534626
0.187173
0.433743
-0.491943
-0.096180
0.495286
-0.417313
-0.355109
0.198584
-0.421046
-0.949500
-0.371036
0.437849
-0.114387
-0.064353
0.532762
0.245967
0.100537
0.276948
-0.864355
0.469493
0.427242
-0.996891
-0.817534
-0.311898
-0.066189
-0.175352
-0.474619
-0.347295
0.125691
-0.183362
-0.638859
0.006238
-0.020711
0.158570
-0.533832
-0.204465
-0.560768
-0.641934
0.453407
0.351996
0.093665
-0.296396
-0.209051
0.276695
-0.039304
-0.481601
0.419800
0.153107
-0.284169
-0.497549
-0.104767
0.014244
-0.181675
-0.104834
0.512700
0.340551
0.211464
-0.002770
-0.371317
0.510307
0.083123
-0.204307
0.180545
-0.538399
-0.623009
-0.509009
0.526912
-2.255268
-0.033526
-0.362440
0.587636
0.071379
0.147981
-0.042109
-0.388947
-0.954238
-0.101938
0.432814
0.839972
-0.144699
-0.026747
0.365658
0.009402
0.011394
0.022034
0.859906
-0.575624
1.324154
0.023998
-0.442909
0.702889
1.037887
0.982461
-0.763490
0.375663
-0.968101
0.138252
0.055095
0.435459
0.101961
0.381228
0.121247
0.335415
0.366103
-0.702457
0.409682
0.598257
-0.362556
0.538813
-0.577952
-0.301323
-0.941765
0.026513
0.840123
-0.132126
-0.072965
0.704121
-0.484241
-0.051679
0.038922
0.678326
0.023583
0.725234
0.002971
-0.193463
-0.685378
0.726329
0.779221
-0.325153
-0.575590
0.197568
-0.125824
-0.724540
-0.695812
0.443842
-0.328786
0.045129
0.048081
-0.153315
-0.199809
1.252439
0.985144
-0.195788
-0.809785
0.331134
0.168043
0.634043
-0.144240
-0.531468
-0.777732
-0.311556
0.534771
0.349120
-0.134672
-0.455038
-0.315942
-0.017609
0.939497
0.811432
-0.637126
-0.100997
-0.019917
0.887483
0.679330
0.307067
-0.474418
-0.244232
-0.733601
-0.167631
0.266359
0.489154
0.732955
0.344142
-0.114810
0.240699
0.286311
0.154988
0.625569
0.263720
0.714126
0.855804
-0.449096
-0.816363
-0.947245
-0.253232
0.200334
0.840126
-0.435847
0.632916
0.121319
0.115540
0.061393
0.809453
0.852980
0.122496
0.045106
-0.038229
-1.421293
-0.203930
0.651541
-0.584579
0.059790
0.816420
0.480747
0.360204
0.413249
-0.566171
0.292551
-0.206034
-0.046492
0.739471
-0.600949
-0.104680
-0.013196
-0.051495
0.150237
0.121546
0.260903
-0.398999
-1.288183
-0.343361
0.927477
-0.230652
0.135940
0.153075
-0.519152
-0.221313
0.267385
-0.826914
0.269605
-0.016674
-0.398149
0.682864
-0.583173
0.373368
0.912288
-0.277897
-0.416437
-0.346239
0.228021
-0.270484
-0.746135
0.292893
0.248009
0.284838
-1.202393
-0.777453
0.501841
-0.512702
0.075237
0.335841
0.737184
-0.275362
0.400639
-0.574758
-0.694831
0.231873
0.474819
0.504255
0.073402
0.832693
-0.179392
-0.121271
0.160378
-0.029591
-0.360040
0.726622
-0.432962
-0.272674
-1.061821
0.761475
0.165331
0.374892
0.952812
0.086523
0.788376
-0.235263
-0.021032
-0.552789
-0.938734
0.419293
0.211871
0.139879
0.295760
-0.228739
-0.817284
-0.274207
-0.262303
0.818044
-0.105846
-0.311697
0.487683
0.361750
0.024171
-0.035771
0.745649
0.467036
0.187216
-0.064501
0.074837
-0.008797
0.292041
0.670211
-0.839294
0.578737
-0.040185
0.426702
-0.473108
-0.283440
0.468315
0.262467
0.119447
0.039534
-0.466600
0.549927
-0.232090
-0.768213
0.135381
-0.375540
0.354820
0.565232
-0.821812
-0.070146
0.414326
-0.004510
0.749222
-0.491392
-0.474602
-0.047885
0.485508
-0.689573
0.522418
1.061729
-0.810379
0.050032
-0.225055
-1.327999
-1.934668
0.222408
0.305441
0.728868
-0.781551
-0.043303
-0.516130
-0.216469
0.107255
-0.294391
-1.841807
-1.799184
1.403690
0.134687
-0.739754
-0.115710
-1.893807
-0.283436
0.589068
-0.350621
-0.457788
0.026037
-0.149425
-0.313600
0.116404
0.683742
0.396758
-0.455666
1.147499
-0.558221
-0.469724
-0.425595
0.728838
-1.294800
-2.227047
0.418693
0.505241
-0.267583
0.551561
0.222381
0.629519
0.964257
-0.370265
1.575753
-0.010139
0.200829
0.501769
-0.280183
0.502483
-0.335818
0.449429
0.329592
-0.611142
-1.050779
0.364161
-2.781960
-0.468845
0.815009
-0.944500
-0.314995
0.319852
0.998869
0.487961
0.767113
0.625346
-0.163551
0.548086
0.649389
0.241161
1.444586
0.825069
-0.024907
-2.382225
0.226860
-0.127787
2.612677
0.548520
-1.555266
0.284896
-0.113456
2.462906
-1.138187
-0.234295
-0.008420
0.146182
-0.763824
0.639365
0.373486
-0.260225
0.088287
-0.068378
-0.051103
0.569099
1.500527
-0.172801
-1.764235
-1.522443
0.270569
-0.547079
0.700572
-0.282888
0.344773
0.537388
-2.005446
0.057200
-0.806847
0.656063
0.661567
0.384570
-0.045261
-0.493183
0.238644
-0.280607
-0.806910
0.128258
-1.526780
-0.860833
0.086329
0.289498
0.774421
-0.488060
-0.216710
0.205661
-0.293830
-0.060910
-0.140713
-0.254350
0.200959
0.067276
0.876679
-0.655814
-0.458328
-0.143924
0.748575
0.873514
0.885627
0.634408
0.566987
-0.471168
-0.233173
0.237264
-0.337980
0.135539
-0.118348
-0.151348
-0.677742
0.584461
-0.541675
-0.002446
0.120949
-0.904180
0.313196
-0.146165
0.822402
0.464539
0.104681
-0.458415
-0.536315
-0.069885
0.175348
-0.234338
0.163817
0.122852
-0.303471
0.321171
-0.071841
0.759695
-0.610884
0.225342
0.573342
1.206857
0.247058
-0.325131
-0.063632
-0.373223
-1.068389
0.066827
0.479894
0.002062
0.280899
-0.385932
-0.095922
-0.125080
0.027957
0.137381
-0.730595
0.032620
0.211407
0.259924
0.081758
-0.859401
-0.127776
-0.855912
-0.633731
-0.167428
0.437961
0.434166
-0.353054
-0.150878
-0.196904
0.109310
-0.513372
-0.611586
-0.070817
-0.213836
-0.169988
0.310014
-0.070579
-0.002100
-0.333876
-0.544028
1.194694
-0.069838
0.344179
-0.019066
0.269816
0.445850
-0.054869
-0.704956
0.347078
-0.192496
-0.157377
0.372656
0.063479
-0.153854
-0.059027
-0.688913
-0.928494
0.843967
-0.035804
-0.394311
-0.111108
-0.301759
-0.397439
0.076603
-0.240961
0.073500
-0.888429
0.525102
0.339267
-0.251684
-0.207674
-0.208444
-0.426120
0.077132
-0.850504
-0.513433
0.588035
-0.308907
0.298067
0.107057
0.073808
0.156406
-0.128512
-1.082465
0.047380
0.113417
0.138933
-0.656836
-1.145795
-0.452153
-0.915711
0.266799
1.119183
0.388412
-0.301042
0.215623
-0.053083
0.282485
-0.234993
0.403216
-0.871512
0.053914
-0.682420
-0.174669
-1.059465
0.363018
0.590621
-0.312518
0.146094
0.183061
-0.118798
-0.210976
-0.480451
0.230384
0.120787
0.085459
0.012138
-0.057943
-0.025799
-0.019986
-0.302938
0.665919
0.196725
-0.047748
0.398544
-0.269336
-0.032371
0.316205
0.002230
0.552703
0.223847
0.404426
0.204258
-0.643458
0.278303
-0.294920
0.366213
-0.811499
-0.074075
-0.639622
0.134305
0.989435
-0.054804
0.212478
-0.086518
0.129928
-0.104504
-0.557985
-0.146763
0.179645
0.337717
0.735006
-0.156355
0.388932
0.035862
-0.453783
1.709896
0.133320
-0.366450
-0.340722
-0.157706
-0.164752
-0.081261
-0.405567
-1.029310
-0.066666
-0.066862
-0.174087
0.424405
-0.007751
-0.147517
0.091302
-0.144216
-0.142199
0.424591
0.350707
0.467029
-0.308215
0.468425
0.226081
0.087699
-0.098912
0.521139
0.515690
-0.472415
0.788223
1.407036
0.526190
-0.087716
-0.287045
-0.096823
0.495003
-1.503918
0.508543
-1.253602
0.793920
0.822838
-0.211025
-0.317004
-0.384491
-0.031293
1.084003
0.078412
-0.083448
0.302627
-0.915045
-0.001770
0.517221
0.472679
-0.471023
-0.406121
-0.383921
-0.295128
-0.212826
-0.574328
-0.044376
0.172576
-0.342228
0.490216
0.188200
-0.698897
0.545423
-0.290315
-0.403858
-0.554029
0.754271
0.316128
0.055295
0.097203
-0.261128
0.198225
0.062340
-1.653225
-0.180128
-0.498997
-0.116917
0.250121
0.091793
0.271125
0.382017
-0.655658
0.973518
-0.342067
0.048653
-0.473818
-0.315741
-0.359614
-0.317704
-0.363112
0.350192
0.633462
0.149187
-0.676840
0.312519
0.142031
-0.758529
0.500532
0.233118
-0.203998
0.505036
-0.404534
0.012515
-0.436831
-1.277541
0.540698
1.044260
-0.650959
0.532845
-0.225931
-0.016621
-0.741888
-0.347007
-0.252753
-0.129075
0.416684
0.060259
0.163705
0.109142
0.246162
0.376173
-0.136872
0.359053
0.142220
-0.718376
0.211412
-0.548412
0.380543
0.305415
0.407162
-0.580463
-0.500159
-0.785542
0.390899
0.278086
-0.359212
-0.426137
0.422830
0.144027
0.077952
0.020025
0.325064
0.313259
-0.841618
-0.398075
-0.034683
0.095632
-1.056646
-0.809946
-0.404082
-0.482945
-0.460719
-0.461580
-0.491326
0.206554
0.586701
0.459612
-0.332911
-0.421536
-0.457846
-0.075881
-0.400067
-1.338999
-0.449373
0.485348
-0.274634
-0.635466
-0.049928
0.674269
0.161196
0.331568
0.142747
-0.106235
0.642818
-0.148028
-0.384930
0.518753
1.296388
0.663323
-1.571452
-0.331356
0.949032
0.530384
0.813080
-0.612622
-0.830062
-0.975605
0.554689
-0.563506
0.193380
0.525929
-0.426350
-0.941566
-1.542655
1.091105
-1.194448
-0.523247
0.224409
0.278006
-0.651891
-0.502455
-0.249435
-1.017316
-0.054433
-0.497108
0.390608
0.070056
-0.886216
0.498971
-1.574346
0.294259
0.568193
0.413608
-0.949635
-0.924746
-0.083090
0.533365
-0.137383
-0.256170
0.072778
0.073038
0.097973
-0.116461
0.621366
0.275374
0.140218
0.077684
-0.712563
-0.129357
0.276651
0.048046
0.139916
-0.262611
1.087172
0.945965
-0.739821
0.718380
-0.011649
-0.715775
0.152772
-0.568145
0.773326
0.000335
-0.242156
0.439577
-0.671788
-0.696632
0.533630
0.351760
-0.403784
0.982313
-0.511915
0.637459
-0.221339
0.371727
-0.065910
1.164291
-0.447492
-2.012972
-1.388014
-1.589027
0.757084
-0.268670
0.925195
0.965826
0.513936
0.164631
-0.735141
0.157852
-0.371875
0.203414
-0.588724
-1.093731
-0.013762
0.365988
0.265247
0.080444
0.584471
-0.717592
-1.372277
0.308835
-0.860912
0.085894
0.856375
1.086634
-0.335331
-0.280421
-0.658787
0.018563
-0.650228
-0.557192
-0.606030
0.715477
-0.111753
-1.118313
0.370567
0.502476
-0.714591
0.067638
0.631638
0.078654
0.108942
-0.034434
-0.203987
0.508812
0.911417
0.386020
-0.936191
-0.335568
-0.375731
0.089997
0.563189
0.374983
-0.320915
-0.552158
0.741840
-0.934640
0.037263
0.504526
-0.500746
-1.216913
-0.404429
0.661282
-0.637213
0.012445
-0.357942
-0.164452
-0.945768
0.035132
-0.953478
1.031980
-0.368406
0.992879
0.844976
-0.138503
0.105704
0.244315
-0.769052
-0.188858
-0.159817
-0.045254
-0.700154
-1.368562
-0.188579
0.155223
-1.126122
-0.674388
-0.637147
0.414606
0.027182
-0.575661
-0.094535
0.187545
0.563184
0.348156
-0.512090
-0.789217
0.132803
0.288085
-0.047991
-0.361191
1.180041
0.245947
-1.123292
0.527432
-0.212718
0.772029
0.019166
-0.250724
-0.701732
-0.340659
0.158530
-1.205067
-0.394749
-0.178923
-0.540010
0.177302
-0.200970
0.212663
0.330201
0.361714
-0.069038
0.307645
0.499553
0.425926
0.050762
-0.628843
-1.352723
-1.549981
1.008965
0.261714
-0.046444
-0.566913
0.218859
-0.127941
0.269452
0.292142
-0.008735
0.531738
-0.425418
-0.469102
0.257257
-0.499166
-0.279304
-0.799198
-0.116394
-0.287961
0.129141
-0.404494
-0.274877
-0.106892
0.966115
0.336536
-0.274701
-0.401838
-0.458103
-0.674121
-0.386269
-0.086791
-0.222298
-0.322354
-0.492306
-1.210687
0.002514
-0.117913
-0.340052
-0.382463
0.104858
-0.765598
0.061849
0.764039
0.722046
1.063285
1.969432
0.685307
0.005685
-0.725421
-0.004138
-0.873845
0.323609
-0.067110
-1.455004
-0.324823
-0.392077
-0.524206
-0.937027
0.020538
-0.498169
0.001077
-0.255496
0.523534
-1.471519
0.054147
0.163088
-1.218412
0.478906
-0.265582
0.713157
0.366697
-0.039136
-1.478323
0.706721
-0.732679
0.101073
0.291715
-1.119054
0.296807
1.320113
-0.290294
-1.038844
-0.908275
-0.359289
-0.020212
-0.907570
-0.420041
0.127121
-0.846828
0.219414
-1.150167
-0.466857
-0.655497
1.206808
-0.972860
-1.216646
-0.897812
0.033856
1.631820
0.439439
-1.374484
1.072643
-0.836568
-0.813329
1.655529
-0.628178
-0.677421
-1.071169
-0.019462
-0.604031
-2.208319
0.706073
-0.140242
-0.443616
1.014289
-2.434555
-0.391478
1.394233
-0.483643
0.396666
-1.789433
-2.240003
0.331015
-1.148292
-0.308655
0.664243
-0.740945
-0.590157
-1.250670
0.272344
-0.486588
0.289125
-0.886424
0.684310
-0.249898
0.122578
-0.131259
-0.286588
0.254033
-0.681712
-0.521543
-0.156007
0.048226
0.443517
-0.006703
0.092982
-1.014907
-1.268131
-1.202126
-0.505006
-0.315232
0.599742
0.422846
-0.839427
-0.710392
-0.979360
-0.884927
0.479500
0.320426
0.800667
-0.651088
0.097126
-1.245509
0.118859
0.314276
-0.910643
-0.304901
1.881864
0.181249
-0.666560
-0.056992
0.348474
0.238727
0.329391
0.092227
-0.181936
0.128866
0.292618
0.732308
-0.256392
-0.731527
-0.535744
-0.121137
1.331333
-1.153830
0.820354
-0.402276
-0.068078
0.011935
0.402591
0.234090
0.373845
0.371796
0.246906
0.737130
-0.099000
-0.256528
-0.487920
-0.514340
0.063085
0.862745
-0.227638
0.064554
0.524724
-0.197631
-0.103942
0.168283
0.459100
-0.253026
0.696658
-0.239859
0.035295
0.613594
0.624029
-0.166088
0.181328
-0.618046
-0.054461
-0.530539
0.546780
-0.417870
-0.309378
0.304352
-0.227778
-0.329012
-0.356958
0.234482
-0.428302
-0.077780
0.272188
-0.663791
-0.094212
-0.014610
0.475401
0.238416
-0.474564
0.714693
-0.638810
0.590128
-0.562557
0.549820
-0.388817
-0.212236
0.286336
-0.127625
-0.246192
-0.495248
0.880365
-0.699662
0.018832
0.737234
-1.100401
-0.053868
-0.459553
-0.520816
-0.324336
-0.281365
-0.328037
-0.083539
0.730080
0.812598
0.827600
-0.126606
-0.559717
-0.026834
-0.718844
0.451284
0.258692
1.028154
0.634623
0.029273
-0.612098
-0.500738
0.750736
0.044339
1.295354
-0.398079
-0.240441
0.429113
1.358837
0.019796
0.126791
-0.511509
0.039088
-1.140494
-0.198631
-0.261058
-0.457761
0.126713
0.764577
-0.235291
0.002432
0.656940
0.270530
0.459318
-0.386112
0.327293
0.872357
-1.036686
-0.368032
-0.105263
0.353578
-0.400606
0.891988
-0.672353
-0.758738
-1.646866
0.566849
1.041775
0.385773
0.833656
-1.979814
0.880949
-0.273341
-0.426332
0.530178
0.325290
0.334803
-0.473052
-0.579950
-0.697209
0.551798
-1.135154
-0.561298
-0.562980
0.709428
-0.452241
0.093216
0.771041
0.459527
1.211377
-0.860610
-0.632570
0.422810
0.143960
-0.185182
-0.913859
0.451516
0.429959
-1.586563
-0.657986
-0.808393
0.575277
0.015368
0.852231
-0.003729
-1.259311
-0.437689
-0.495363
0.881335
-0.570559
0.881020
1.047567
-0.350346
-1.080941
0.517901
0.494930
-0.441059
0.185589
-0.327230
-0.309073
0.231382
-0.925590
0.069964
0.886672
0.849021
0.454378
-0.256098
-0.564580
-1.053434
-0.483007
-0.210106
0.508887
-0.387101
-0.637674
-0.078018
0.265523
-0.831816
0.107705
-0.982550
-0.358759
0.510134
0.796457
0.773789
0.879657
0.044874
0.130114
-0.314706
0.124806
-0.165569
-0.471312
0.336748
0.200069
0.725154
0.108142
0.172484
-1.226389
1.240623
0.485994
-0.584460
-0.088892
-0.009479
0.539053
-0.640510
0.302016
1.066661
-0.430447
-0.450626
0.902309
0.153143
-0.503198
0.287712
0.424642
1.465767
0.931723
0.840613
-0.150186
-0.197397
0.483564
-0.830052
0.001056
0.526950
-1.263676
-0.018882
-0.666773
0.919117
-0.788540
0.081471
0.044362
0.169388
-0.191299
-0.043593
-1.193996
-1.249017
-0.082683
0.196891
0.796611
-0.474615
0.173410
0.782073
-0.386500
-0.312145
-0.741930
0.297098
0.470044
-0.637645
-0.112315
-0.124352
0.250689
-0.155067
0.365936
-0.425164
0.328730
0.740252
-0.857084
-0.485693
0.836262
-0.451494
-0.287163
0.578799
0.438390
-0.144514
-0.186296
-0.017494
0.125728
-1.057405
0.183447
-0.189732
-0.021031
0.246233
1.344869
0.546447
-0.483893
-0.359607
1.024703
0.454629
-0.172407
-0.392016
1.103072
0.159681
-1.036673
0.283586
0.203248
-0.153672
1.244156
0.022667
1.025316
0.195441
1.190195
0.039063
-0.672856
0.860103
0.077514
-0.776392
0.464593
-1.016016
1.047556
1.523534
-0.745988
0.630949
0.497085
-0.948644
-0.047054
0.322839
2.404138
-0.250561
0.329726
-0.765980
0.101242
0.473876
-0.243468
0.108262
0.701141
-0.468997
-0.243583
-0.816953
-1.190462
0.817069
1.372647
-1.057184
-0.501479
0.122490
-0.204771
-2.126044
-0.259347
-0.316190
0.410984
0.410679
0.605940
0.296225
-0.003307
0.254048
-0.558299
-0.916055
0.868403
-1.170127
0.693111
0.416180
0.883309
-0.142894
0.809688
-0.074276
0.589269
1.065837
0.635232
0.556700
0.216502
0.905453
-0.436194
0.590464
1.263013
-0.228573
0.133357
-0.904110
0.621270
-0.821577
0.528826
-0.153858
0.309319
-0.676867
-1.077197
0.232907
-0.379557
0.767397
0.060816
-0.171535
-0.018086
-0.222583
-0.085509
-0.964336
0.454466
-0.592556
-1.410111
-0.807349
0.084167
-0.629270
0.855754
-0.116023
0.232190
-0.260830
0.025019
0.088942
-0.126015
0.249218
-0.171676
0.337944
-0.622206
-0.406041
0.415290
-0.081913
0.022557
1.006459
1.096759
-0.493821
-0.456180
-0.297830
-0.287681
0.518930
-0.820035
-0.524495
0.258649
0.833133
-0.655460
-0.131873
0.792473
0.105093
1.032782
-0.375839
-1.331516
1.667776
0.301012
-0.296076
1.104063
0.622769
0.272791
-0.073050
0.598818
0.416937
0.157300
0.152649
-0.499068
0.452075
-0.149379
-0.604543
-0.419997
-0.033077
-0.086935
-0.947085
0.077237
-0.555121
-0.017089
-1.258133
-0.224870
-0.433973
0.582609
0.015563
0.033759
0.213171
-1.833419
-0.860280
0.303565
0.763425
-0.265432
0.606860
-0.312781
-0.645029
0.202337
0.392390
0.121402
0.926457
0.817276
-0.753870
-0.391515
0.251569
-0.007488
-0.421416
-0.035767
1.294566
-0.525616
-0.906282
0.080506
-1.827912
0.279335
0.404262
-0.289029
-0.452099
-0.514182
0.152049
0.064469
-0.956698
-1.104951
-0.033120
-0.730899
-0.319910
-0.935059
-0.647663
-0.599030
-0.215675
0.277783
0.354150
0.543700
0.187445
-0.273058
-0.016241
0.109481
-0.009193
0.195742
-0.254212
-0.126498
-1.620068
-0.048959
-0.594685
1.101631
0.538337
-0.179029
0.753229
-0.276025
-0.560884
-0.032504
-0.229752
0.008732
-0.171169
0.026712
0.357382
-0.119900
1.601197
0.152765
-0.148863
-0.751752
-0.427532
-0.660464
-0.170612
1.421385
0.420204
0.325298
-0.868080
-0.407985
-0.041912
0.894464
0.536912
0.502140
1.947874
-0.345880
0.416802
-0.161836
-0.184796
0.915565
-0.428915
-0.410717
-0.244647
-0.915762
-0.428849
1.153309
0.014754
-0.633695
-0.152129
0.423543
0.227079
0.034044
-1.829670
-0.039398
0.082486
0.422355
-0.603123
0.016667
0.137577
-0.999920
-1.396856
0.282457
0.521590
-0.342557
-0.016977
-0.570391
-0.482654
-0.474428
0.311068
-0.146483
2.230272
-1.017160
0.890695
-0.273255
-0.843077
-0.281503
0.127586
0.072448
-0.064772
-0.034073
-0.288588
-0.407416
-0.757397
-0.292277
0.310630
0.312548
-0.286774
0.616576
-0.597965
0.091128
-0.140382
-0.085732
-0.901291
-0.345861
-0.458087
0.209843
-0.117398
0.164024
-0.019740
0.025551
-0.932521
-0.085355
0.194482
0.044090
-0.681947
0.860715
-0.323814
-0.312456
0.038463
0.247708
0.847414
1.278598
0.192555
-0.329613
-0.811486
-0.055246
0.152920
-0.875360
-0.306535
-0.164816
0.946562
0.025263
-0.803005
0.303469
-0.130859
0.442195
0.666501
0.807492
0.347466
0.070416
0.089181
-0.006004
-0.031866
-0.394439
-0.150661
-0.529363
-1.236535
-0.800221
-0.336479
-0.071787
0.082771
-0.771713
-0.154958
0.125154
0.213862
-0.370678
0.424881
0.104598
-0.321060
-0.646396
0.212651
-1.318552
0.111088
-0.783210
0.917661
0.200412
0.192243
0.440837
0.305334
-0.091067
-0.042349
-0.400427
-0.214176
-0.285687
0.605104
0.223693
0.255545
-0.612873
-1.088591
-0.004011
0.222399
0.224534
0.584656
0.812326
0.106936
-0.316472
-0.527124
-0.575837
0.754600
0.242929
-0.051246
0.584432
0.106596
1.109378
-0.118558
0.942742
0.132672
0.804494
-0.972406
-1.156451
-0.370575
-1.179978
-0.216167
-0.006769
-0.607619
-1.499540
0.224266
-0.237166
0.078243
-0.033359
-0.403984
-1.518022
0.170322
0.401199
0.122067
-0.907471
-0.404537
-0.078191
-0.253537
0.933607
0.327044
-0.133773
1.065486
-0.105577
-0.102554
-0.485597
0.268969
0.358125
-0.170646
0.046005
-0.175176
0.451062
0.465694
-0.520059
0.037942
-0.615102
0.129353
-0.125993
0.254252
-0.130292
-0.143499
0.839486
-0.424070
0.175968
-0.208221
0.599365
-0.269950
-0.228220
-0.432627
-0.871845
0.153623
-0.872957
0.920071
-0.222402
0.150868
-0.713070
0.461135
1.750405
-0.718605
0.178725
0.236985
-0.232510
0.423184
0.532320
0.255217
-0.652249
-0.869674
0.205935
-0.408970
-0.538425
0.683800
-0.000190
-0.806724
-0.811261
-1.578672
-0.077927
0.167910
0.820533
-1.772628
-0.263094
-1.422451
0.706341
-1.501701
0.020070
-0.482139
-0.407533
0.235970
-0.182466
-0.343553
-0.257895
-0.312677
-0.805883
0.167569
-1.258161
0.457923
0.270725
-0.706269
-0.404959
0.313864
-0.133106
-1.152022
-0.889326
-0.621208
0.589725
-0.385828
-0.941251
-0.284134
1.138182
-0.149418
0.176904
1.833074
0.701892
-0.102769
0.613728
-0.889402
-0.713323
-0.152946
-0.359334
-1.121565
0.291355
1.066496
0.408802
-0.920944
-0.019967
-1.490323
-0.065875
1.063115
0.123124
-0.151402
-0.089596
0.194259
1.224301
0.268864
0.558664
-0.698546
2.004782
1.132822
-0.351536
0.587533
-1.017248
0.546651
0.295483
1.668150
0.530349
-0.321256
-2.156499
-0.619852
1.576047
0.484187
0.651386
-0.195533
2.128044
0.550354
0.511895
-1.114160
1.187787
-0.797564
-0.013371
-0.438977
-0.450810
-0.457054
0.517011
1.518545
-1.108799
0.456027
-0.653626
1.102609
-0.252610
-0.087509
1.079198
-0.482798
1.452864
0.965287
-0.936604
-1.229749
-0.401600
0.474436
0.074956
0.436672
0.861337
0.562505
-1.291796
-0.808850
-0.642403
-0.922001
0.713525
0.204848
-0.776868
-1.188451
0.098636
-0.871102
0.215494
-0.877846
0.463788
-0.470717
0.116514
0.831028
-0.499209
-0.444886
-0.025622
-1.006969
-0.423902
1.614349
-0.678644
-1.131477
0.067143
-0.302739
-0.636826
-0.396586
0.303108
0.967386
0.227780
0.413060
-0.226045
-0.319496
-0.353550
-0.307869
0.022096
-0.624239
-0.225617
1.665641
0.438467
0.488027
0.706046
0.302056
-0.214747
0.776443
-0.485655
1.001313
-0.759482
0.505976
-0.289238
-0.047731
0.409198
-0.245316
0.579131
-0.817669
0.793664
0.594721
1.445476
0.573317
-1.183964
-0.313689
0.024075
-0.731006
0.207725
0.366649
0.243814
0.228038
-0.899553
-0.020694
0.091847
-0.223733
-1.337607
1.199174
-0.019653
-1.566611
-0.350058
0.573291
0.100676
0.925668
0.184624
0.418743
-0.839725
0.815191
-0.609286
-1.351096
-0.360891
-0.307803
-0.402292
1.083581
0.166474
0.175069
-0.943297
-0.190802
-0.815718
0.386779
0.142639
0.195445
-0.299139
-0.404352
-0.797294
0.545959
0.569258
0.517058
0.923690
-1.922281
-0.785137
0.943385
0.518945
-0.040915
-0.788007
-0.079610
0.446656
-0.147611
0.367715
-0.989092
0.755692
0.199593
0.306436
-0.219086
1.048013
-1.468541
0.946463
-0.939668
0.220128
-0.665247
-1.022920
1.118528
-0.337689
-0.342813
0.167996
0.702107
1.165361
0.287760
1.549366
0.283826
-0.316762
0.551894
0.479541
1.218556
-0.038148
-0.384363
0.884540
0.595892
0.497461
-0.274536
-0.537973
0.341916
0.144310
1.823276
-1.323151
-0.524552
-0.392143
0.205438
-0.087452
-0.314956
0.840413
-0.565210
-0.318429
0.702498
0.230847
-0.358977
-0.333302
0.175090
0.105616
-0.552785
-0.602078
0.172072
0.632563
0.793962
0.498602
-0.568412
0.344072
0.607031
0.268754
-0.071474
-0.264040
0.222646
0.279172
0.776442
-0.935601
-0.393488
0.414677
0.775893
-0.937514
-0.616866
0.406728
0.076964
0.192512
-0.242145
-1.310729
0.264816
1.013022
-0.102464
-0.667261
0.614607
0.024471
0.542928
-0.163904
0.125919
0.453525
0.465932
0.219654
0.532866
0.123599
0.609327
-0.770602
0.091971
-0.451329
0.929255
-0.066147
0.219514
-0.849988
-0.865597
-0.123766
-0.347138
0.262613
-1.055000
0.010054
-0.369752
-1.416537
-0.537715
-0.218810
0.201107
-0.133017
-1.202001
-0.591066
-0.425948
0.324647
-0.173366
-0.411797
-0.096213
0.001440
-0.136332
-0.805655
0.832073
0.269538
-0.438087
-0.077136
0.080964
-0.712693
0.326225
0.360623
-1.158768
-0.757083
0.231917
-0.023751
0.252173
-0.404134
-0.118490
0.526214
0.636573
-0.656697
0.267755
-0.118107
0.328445
-0.584605
0.881500
-0.453850
0.361136
-0.488744
-0.189531
-0.001355
-0.055918
0.695648
-0.583279
0.654990
-0.085799
0.129160
-0.164871
-0.015807
-0.461292
-0.237841
0.449040
-0.151960
-1.101718
-0.545623
0.387565
-2.307685
-0.766889
0.831449
0.113106
-0.445375
-1.543182
0.830529
-1.060649
0.063373
0.139018
-0.515778
0.618447
-0.141691
0.058612
0.200558
-0.060114
0.099707
0.616949
-0.649209
0.378932
1.374322
-0.001835
0.230305
0.916755
0.318765
1.228071
-0.859666
-0.441033
0.169578
-0.903091
-0.079641
-0.638580
0.578858
0.272382
-0.167533
-0.357059
-0.084538
1.383532
-0.014312
-0.873940
-1.442375
-0.007969
-1.185560
-0.756579
-0.403450
0.703840
0.019994
-1.511566
0.461577
-0.541891
0.169022
-0.950373
-0.192073
-0.057004
-0.112456
0.597724
-0.338156
-0.263598
-0.682534
-0.873163
-0.015172
-0.214570
0.393434
0.543530
-0.147118
-0.537049
-0.102175
0.064207
0.344479
0.075665
-0.758557
-1.133504
0.748169
0.374302
0.338981
-0.791921
-0.826013
0.177080
-0.493874
-0.341229
1.285207
0.651168
0.912907
0.158026
-0.611398
0.387767
-0.496474
0.153813
-0.390253
-0.381260
-0.854908
-0.145715
0.067143
-0.945066
0.762857
-0.029063
1.373761
-0.291165
0.032069
-1.518832
-0.345848
-1.298689
0.534265
-0.254280
-1.755568
-0.778099
-1.281781
0.411733
-0.485328
-0.018722
-0.733291
0.249268
-0.707832
0.341135
-0.062173
-0.537624
0.467260
0.201289
-1.991917
0.016735
-1.471446
-0.902985
-0.797382
0.847308
1.317484
1.289423
0.357783
-0.172987
-0.681570
-0.268586
0.235409
0.192918
-0.999157
0.064124
1.092046
0.393175
-0.702704
0.008129
-0.468167
-0.446510
-0.289082
-0.744858
-0.749354
0.641321
0.687367
-1.042684
-1.027170
-2.523410
-0.325070
-0.125398
1.016705
-0.364415
0.148815
0.100799
-0.157304
-1.709362
-1.011026
-0.022825
-0.143507
-0.394211
-0.373651
-0.830609
0.812811
-0.796219
0.210825
0.750585
-1.159182
0.253409
1.173633
-0.308285
-0.342154
-1.815615
0.510486
-0.098352
0.211559
0.510122
-0.059100
-1.656512
-1.854102
0.066203
0.756919
0.715195
-1.139309
-0.195287
-0.572069
-0.239297
1.581182
-0.398229
0.069835
0.229959
1.009853
1.852887
0.032836
0.131947
-1.958790
1.367649
0.174043
2.691144
0.681791
-0.472444
1.717661
-0.371368
2.119645
0.501534
0.036054
-0.083862
1.532054
-0.418025
-0.287141
-0.446257
0.584379
-1.607675
-0.274035
-0.301151
0.658772
0.890862
0.636377
-1.223865
-0.593473
0.383491
-0.170964
-0.223522
0.758475
0.530939
0.896958
-0.636754
-0.398355
-0.607643
2.217985
1.445234
0.776370
0.970228
-0.781660
0.113304
-0.378827
1.408819
-0.822962
-0.307803
0.126801
0.193574
1.080372
0.861691
0.682429
-0.640750
-0.318379
-0.547864
-0.684299
-0.424371
-0.682189
-0.852396
0.253019
0.738253
-0.206476
-1.507281
-0.515471
-0.422613
-0.494754
1.426739
1.285436
-1.727034
-0.982480
-0.061384
0.642509
-0.489502
-2.050057
-0.185059
0.509517
0.795245
-2.121803
0.885073
1.132058
0.276878
0.090580
0.100539
0.627856
-0.069394
-0.572107
-0.842901
-0.018146
-0.571869
0.215664
-1.002427
-0.676118
-0.026796
0.070539
-0.240356
1.454396
-0.253141
-0.023062
0.238485
-0.428947
0.104665
0.255665
0.662096
0.034932
-0.763756
0.041328
0.576205
-0.353101
0.277564
-0.098626
0.902319
0.833794
-1.049447
0.161259
-0.171449
0.722636
0.041873
-1.266270
0.537281
-1.090158
-0.866262
0.141057
0.078083
-0.637811
1.501098
-1.049514
-0.739281
0.450224
0.041911
1.266679
-0.482950
0.681651
-0.161992
0.732720
-0.842134
-0.861189
-1.145321
-0.283514
1.221673
0.130431
-1.814872
0.291552
0.166379
-0.458625
-0.045270
1.542306
-0.413637
-2.190714
0.006896
-0.430161
0.366809
0.105017
0.274403
0.074574
0.085957
-0.602479
0.148157
0.191345
1.171783
-0.870122
0.373242
-0.287501
-0.062852
-0.170047
-0.732172
0.076060
-1.424614
-0.157924
-0.175219
0.318172
-1.023716
-0.778248
-1.491804
-0.441119
-1.299028
-0.580297
0.703389
0.344316
0.485643
0.031176
-0.841083
1.016907
-0.305760
-0.550905
0.493284
0.268699
0.710681
-0.673458
0.026172
0.741452
-0.162138
1.258967
-0.314606
-1.001852
0.329188
0.710467
-0.000946
-0.401656
1.277523
0.888834
0.799196
-1.073928
-0.699024
0.010789
-0.450080
-1.264106
-0.021773
0.058560
1.065085
-0.877356
0.195655
-0.119468
-0.243758
0.073253
0.570360
0.122254
0.287464
0.569805
-0.595016
0.272044
-0.684256
-1.749905
0.501180
0.144842
0.863565
0.744661
0.162254
0.121265
0.906393
-0.878796
1.140019
1.182507
-0.098587
1.255470
0.062718
-0.108714
-0.865205
0.229987
0.945022
0.258119
-0.570398
0.607427
-0.792785
1.267011
-0.293938
0.404765
-0.501740
-1.206854
0.031972
-0.370496
-0.171259
1.557430
-0.826694
1.139669
0.725962
0.604695
0.594626
0.602890
1.466945
0.146406
0.293125
-0.794813
0.129903
0.584858
0.374371
1.035416
1.154798
1.207506
0.500913
0.606258
0.384583
-1.029719
-1.722602
-0.102653
-1.090934
0.926615
-0.065959
-0.086198
-0.371454
-0.052893
0.363590
-0.390425
-1.434867
-0.511828
-0.391849
0.309998
0.024914
-0.021374
-0.689134
-0.376444
-0.733834
0.134453
1.166293
0.678397
0.416435
-0.056304
1.065277
-0.581551
0.438785
0.297381
-0.744847
-0.290880
-0.605627
-0.601230
-0.405366
-1.014561
0.826534
-0.047944
0.930519
0.239856
-0.398125
1.062424
-0.557665
-0.011751
1.764911
0.078024
0.134507
-0.892964
0.776978
-0.567041
0.623018
-0.707788
0.622146
-0.130694
0.203177
-0.723786
-0.135296
0.447071
0.615370
0.045833
0.480585
0.481127
-0.426813
0.181306
-0.879785
0.249058
-0.064025
0.376659
-0.993881
-0.811160
0.525849
-0.154879
-0.361328
-0.532409
0.090705
-0.482306
0.351310
-0.370637
1.027546
1.542113
0.588804
-0.271645
0.583752
-0.410078
-0.505514
0.314754
0.618810
-0.099622
-0.610836
0.986944
-0.312201
-0.854759
0.183719
0.339782
-0.046289
-2.236812
0.399449
0.395838
-0.606799
0.589456
1.269744
0.493069
0.377468
0.122376
-0.883756
0.446351
-0.713522
1.684948
-1.462033
0.033075
0.328746
-0.053408
0.170125
0.674924
0.602733
-0.885000
0.248556
-0.163366
0.995912
0.265089
-0.286533
-0.070925
-0.649669
0.191668
0.194781
-1.308702
-0.312642
-0.260290
0.125672
-0.204005
-0.758901
-0.091490
-0.574024
0.275031
0.524776
1.100272
-0.973923
0.630241
-1.134626
0.148189
1.086133
0.096304
0.213252
-0.552720
-0.070591
-0.021055
-0.269696
0.626893
0.310916
-0.417825
0.020701
0.034000
0.617137
-1.245071
1.677529
0.477130
0.388086
-0.459289
0.351046
0.814842
0.309381
0.568556
-0.328262
-0.358293
0.577433
0.034060
-0.338092
-0.007962
-0.096635
0.016118
-0.780113
0.390708
0.107935
-1.382088
0.199598
1.248508
1.662972
-0.146282
1.087639
0.335710
-0.365540
0.456609
-0.170229
0.363488
-0.464274
0.581083
-0.124818
0.954633
1.048771
-0.336962
0.405398
0.514304
-0.338034
0.546337
-0.237883
0.575461
0.869961
-0.085847
0.348464
0.572268
-0.008820
0.427076
-0.119668
0.368296
1.189541
-0.954271
0.067147
-0.082597
0.024074
-1.103083
-0.180261
0.267540
-0.469423
0.289407
-0.198640
0.879436
0.449480
-0.078197
-0.124294
-0.160336
0.944267
-0.166543
-0.387946
-0.846598
0.339091
0.054558
0.691201
1.317675
0.191044
-2.378886
0.363370
-0.897907
0.205263
1.381538
-0.302990
0.158689
-0.832227
0.583256
0.078264
-0.233379
0.744205
-0.814574
0.071874
-0.095145
0.299897
0.466093
-0.249867
-0.719790
0.260791
-1.188225
-1.494586
-0.099058
0.153729
0.353772
1.111328
0.127858
0.915969
0.055404
-0.719423
-0.682150
0.276381
-0.794965
0.202991
0.955366
0.224763
1.143598
0.120319
0.919510
1.447831
-0.486236
-1.163378
-0.012693
-0.526222
-0.781070
-1.158906
0.287078
-0.405053
-0.104594
-0.535434
-0.141025
0.142330
-0.236147
0.174038
1.115683
-1.468099
-0.942507
0.432880
-0.311924
-0.620854
-0.427023
-0.843950
0.031049
-0.854084
0.457398
-0.578544
0.615581
0.717030
-0.608683
-0.568156
-0.164633
0.663512
-0.164815
0.196994
0.991390
-0.049762
-0.502776
-1.202535
-0.105241
0.534955
0.200290
-0.220712
-0.172462
-0.530551
0.507203
1.288283
0.007118
0.133101
0.061942
0.373457
1.533812
0.992646
0.026017
-0.194547
0.989527
-0.901008
-0.023797
0.648916
1.063917
-0.188839
0.613844
0.143135
-0.353365
-0.367271
-0.132093
0.246153
-0.216188
-0.133764
1.166873
0.232625
0.385675
-0.319705
-0.099249
-0.049899
-0.252400
0.842120
0.356252
0.947414
-0.200309
0.362804
0.731938
-1.165862
-0.530915
0.710610
0.071745
-0.719500
-0.783254
-1.546206
-0.708851
0.672560
-0.706213
-0.117945
-1.040798
-0.551659
0.688989
-0.190205
0.008118
-1.069665
0.088722
0.964876
0.428280
0.110995
-0.160999
0.097376
0.189003
0.266430
1.108879
0.410275
-0.690161
-0.489004
0.421194
-0.410613
0.580948
-0.042881
0.201590
0.688067
-0.213771
-0.426435
-0.899528
0.613042
-0.138556
-0.324081
-0.228841
-0.887833
0.230311
-0.066683
-0.066738
-0.617516
-0.664396
-0.294199
-1.185898
-0.053436
-0.224239
0.630615
2.246554
-0.227054
-0.473843
-0.347912
0.368638
-1.173748
-0.183900
0.247594
-0.027511
0.121452
-0.326987
1.104381
-0.245394
0.306209
0.455568
0.188362
-0.511081
-1.856184
0.117470
0.519255
0.861219
-0.021197
-0.492392
-1.137788
-0.485002
-0.060958
-0.374298
-1.255398
-0.636790
0.193098
-0.641130
1.676031
-0.482755
-0.171452
0.404789
-0.126789
-1.428070
-0.727405
0.798376
0.336506
-0.375569
0.203197
-0.407447
0.036396
0.491604
-1.582972
0.313878
-0.286782
-0.115765
-0.155274
-0.463612
1.263897
0.883092
-0.392647
0.004289
-0.693940
0.572942
-0.438432
-1.145972
0.633997
0.485178
-0.184957
0.048359
-0.249753
0.866620
0.611009
2.204333
0.158098
-0.595478
0.902973
0.048279
-0.248892
-0.677338
1.615188
0.581485
2.248324
-0.396582
0.883707
-0.155828
-1.236474
0.878069
0.842145
0.845301
-0.320288
-0.888422
-0.571337
-0.846110
0.449153
0.586174
-0.032547
0.170003
-0.309014
1.007457
0.341809
-0.667919
0.201264
-0.057413
0.287530
-0.574131
-0.486746
0.993358
0.506718
-0.546861
-0.427096
-0.361571
-0.184643
0.351482
0.759382
-0.138384
-0.370211
0.234477
-0.166258
0.857521
-0.748823
-0.094925
0.328368
0.262388
-0.777178
-0.312472
0.458983
-0.977424
-0.154974
-0.187843
-0.217653
-0.811879
-1.342218
0.171322
0.590923
0.135043
0.265701
-2.213123
0.698218
0.669609
0.407244
0.734429
-0.952395
-0.522277
0.507886
-0.930379
-0.328273
0.768625
0.062838
0.709297
-0.543211
-0.275664
0.678809
0.595640
-0.201006
-0.622017
0.672444
-0.153488
0.693900
0.585739
0.448197
0.300100
-0.847343
-0.358732
1.025865
-0.012340
0.838601
0.680744
0.034983
0.356828
0.161199
0.385122
-0.603830
-0.623451
-0.300186
-0.404688
-0.346583
0.530025
0.254823
1.408218
1.035833
-1.189173
0.213061
-0.254334
-0.668959
-0.224314
0.247182
0.015379
-0.029558
-0.487976
-0.890190
-0.130404
0.787015
0.309744
-0.013598
0.475434
-0.197220
0.896752
0.276766
-0.650088
0.639930
-0.021848
0.304224
-0.831945
-0.712514
-0.227029
0.438149
0.361588
-0.854829
0.218156
-0.027777
0.216238
-0.759730
0.593076
-0.513850
-0.044544
0.593566
-1.008334
0.071432
0.886314
1.400471
0.172563
-0.390227
0.002650
-0.517633
0.523056
-0.284379
0.176676
-0.207184
-0.695259
0.411442
0.227741
-0.273750
0.277515
0.299651
-0.813089
0.141244
0.830024
0.665827
0.603977
-0.402079
-0.594446
-0.095376
1.446352
0.426613
-1.496930
-1.098689
-0.787732
-0.333282
1.024059
0.505327
-0.194454
-0.393921
-0.113088
-0.566706
-0.527753
1.225332
0.768957
0.465571
0.222419
-1.308519
0.377363
0.088028
0.046012
0.104890
1.209225
0.120272
0.293494
1.185158
1.252277
-0.173326
-0.199211
0.911692
0.637978
0.027932
0.916126
-0.967421
-0.598489
0.045142
-0.005759
0.442374
0.141358
-0.530332
0.360237
1.448501
0.561272
0.575035
-0.201828
0.095151
-0.498080
-0.461256
0.942264
-0.523549
-0.220960
0.131430
-0.472393
-1.054646
-0.474800
0.051389
-0.525265
-1.413266
0.694999
-1.269436
1.261310
0.863674
-0.433481
-0.334375
-0.426936
-0.708615
0.440452
0.159286
0.491127
-1.105909
-0.190107
-0.201900
0.507757
0.509340
-0.461813
0.059218
0.193444
-0.018822
-0.377575
1.314565
-0.375398
-0.577230
1.308928
-0.152734
0.389749
-0.283563
0.368863
-0.060061
-0.320298
0.884896
0.503565
-0.481327
0.050096
-0.572302
-0.943522
-0.073775
0.282614
0.333198
-0.141035
-0.847439
-0.336217
-0.697421
-0.538744
0.343644
0.584869
-1.387643
0.021929
0.439254
-0.442361
0.751949
-1.333521
0.883555
0.272735
-0.634357
-0.635202
-0.028934
0.543418
0.430542
-0.823631
0.080656
0.266866
0.721739
-0.131016
-0.553081
-0.101166
-0.572661
0.371441
-0.843846
-0.126435
-0.521723
-1.200099
-0.029300
0.126907
-0.544880
0.257994
0.278857
-0.039507
0.324194
-0.130527
-0.205231
-0.322142
-1.130668
-0.198797
0.540448
0.252033
-0.004678
1.403210
0.220725
1.365486
-0.253797
-0.157327
-0.583579
-1.060221
-0.100430
-0.759604
0.527388
-0.224992
0.772531
-0.744171
0.001153
-1.008052
0.172449
-0.202744
0.023565
-0.594727
-0.371963
-0.242590
-0.005319
-0.387289
-0.035874
0.056404
0.384767
-0.706867
0.292488
0.226683
-0.421019
1.006374
0.579819
0.156896
-0.860460
0.901053
-0.918534
-0.179701
0.129445
-0.043748
0.197265
-0.311792
0.261890
0.129294
0.096148
-0.079018
0.105904
0.233901
-1.229553
0.336181
-0.396415
3.205022
-0.825657
0.329016
-0.630122
-0.310884
0.381293
-0.113783
0.392766
-0.118512
-0.574767
0.515410
0.633780
-0.145622
-0.206898
-0.088754
0.113708
-0.329751
0.268170
-0.874910
-0.266532
0.207621
-0.682213
0.377480
0.396267
-0.009157
0.964900
-0.358263
0.531859
1.669636
-0.232111
-0.100272
-0.216553
-0.599261
0.387249
-1.098070
-0.127247
0.638782
0.184782
-0.355703
-0.511805
0.497716
-0.516201
0.360784
0.800594
-1.229746
-1.094805
0.702656
-0.741234
0.117290
0.517442
-0.039423
1.040778
-0.098448
0.028708
0.352129
0.274358
0.358902
-1.271141
0.137335
0.888127
0.528837
1.499890
0.644668
-0.175445
-0.330838
-0.375044
0.590624
-0.047329
-0.249821
-2.098400
-1.068579
-0.794542
0.989993
-0.226228
0.351250
-0.437596
-0.281708
-0.156821
-0.186951
-0.567065
0.374302
0.613819
-0.013163
0.866818
0.129832
-0.285332
-0.876249
0.549773
1.219371
-1.229031
0.360707
0.484439
-0.125816
0.919842
0.845146
0.719423
0.210732
0.468536
-0.615257
-0.574571
-0.679399
-0.489598
-0.991146
0.608698
-0.736785
-0.433296
-0.328423
-0.412547
0.296514
-0.484731
0.474434
-0.636470
-0.524235
0.582364
-0.299379
0.174260
-1.061211
-0.976731
0.612275
-0.190844
0.443800
-0.801556
-0.352200
0.378546
0.654009
-0.151700
0.231609
-0.535722
-0.644314
0.553443
-0.107353
-0.757916
0.474310
0.336798
0.352381
-0.810441
-0.331834
-0.404256
0.233090
-0.728015
-0.688802
0.000268
1.211721
-0.089349
0.429049
-0.652425
0.514532
0.692174
-0.366184
0.480341
-0.379222
0.626125
0.845548
0.365491
-0.944947
-0.293376
0.879187
0.078363
0.370046
-0.073757
-0.178806
-0.509482
-0.029386
-0.452295
0.423464
-0.199920
-0.075777
0.006997
0.230489
1.449435
-0.094567
1.301618
-1.654747
0.179738
-0.740511
-0.198483
1.358273
-1.184198
-0.730444
0.718109
-0.773544
0.770381
0.605783
0.553707
-0.157310
-0.103395
0.493835
-0.321087
-0.763405
0.378598
0.040855
-0.256092
-0.130387
-0.466763
-0.956569
-0.759539
-0.240280
0.841481
0.766185
-0.068524
0.800878
-0.509077
-1.023898
-1.105214
0.917620
-0.293224
-0.115766
1.075113
0.397114
-0.631974
0.313709
-0.677169
-0.061231
0.033669
0.951773
-0.408039
-0.221104
1.782851
0.395939
0.757680
0.792305
-0.872444
-0.353103
0.909411
0.905787
-0.000128
-0.653073
1.662699
-0.005293
-0.120411
-0.763160
-0.158439
0.160610
-0.049004
0.081750
0.471663
0.656492
0.496775
-0.404652
-0.169266
-0.568507
1.423984
0.360011
0.371047
0.026123
-0.343425
0.643959
0.488869
-0.255507
0.880908
0.083435
0.219189
-0.023243
-0.060577
0.611013
0.288521
-0.678026
-0.675855
0.270346
0.633956
-0.435944
-0.200592
0.274598
0.301778
-0.043176
-0.269194
-0.341452
-0.526544
0.179487
-0.316344
0.689100
0.151881
0.134617
0.026396
-1.170790
0.337158
-0.155741
0.430629
0.770971
-0.134871
0.470264
0.490086
-1.158984
-0.314806
0.086158
0.864634
-0.758686
-0.378795
0.340476
0.072222
0.267232
1.141674
-0.379142
0.274578
-0.088539
-0.386228
0.688972
0.019798
-0.024794
-0.212696
-0.925094
1.925677
-0.127772
0.727761
0.301535
0.161801
-0.148592
-1.669790
0.050727
0.623622
-0.089677
-0.159482
0.110126
0.638829
-0.215587
-0.979249
0.516551
0.808178
2.512965
0.565839
0.156223
-1.030053
0.759252
-0.749623
0.483087
0.661172
0.988758
0.206697
-0.098940
-0.644457
-0.408375
-0.991755
-1.059109
-0.061476
0.317611
0.733286
1.045504
-0.065456
0.215491
-0.536756
0.485183
0.033911
0.092128
1.385063
-0.134042
-0.780630
-0.525604
-0.756071
-0.088525
0.392676
0.143086
-0.145137
-0.035997
-1.038566
-0.378193
-0.073651
0.566942
-2.077252
-0.867318
0.024561
0.092312
0.392393
-0.913021
0.081364
-0.175130
0.869812
0.686953
0.228338
-1.221988
-1.029901
-0.443403
1.174518
-2.438634
-0.258330
0.142251
0.218543
0.650903
-0.262428
0.111838
-0.100868
-1.332906
-0.463196
-0.644158
-0.282986
-0.058453
1.407404
-0.265186
0.780931
1.245506
0.188476
-0.222557
0.576816
0.085076
-0.096142
0.221216
0.720580
-0.123085
-0.187526
-0.540512
-0.355048
0.287309
-0.748432
-2.488945
-0.651928
1.272776
0.041720
0.272443
0.692730
-2.018839
0.877443
0.712843
0.098302
0.096226
0.015176
0.382794
0.715402
-0.553778
-0.379249
-0.613930
0.622729
0.402498
-0.212302
0.188874
-0.493920
0.380791
-0.725047
-1.779291
-0.536066
-0.716065
0.313635
-0.021382
0.892870
-0.506671
0.275064
1.477527
0.584889
0.348678
-0.370285
-0.991095
-0.379798
-0.442593
-0.906675
0.411737
1.060482
-0.069375
-0.598610
1.111875
1.286758
-0.626984
-1.014469
-0.265587
-1.548046
0.304790
-0.669078
-0.158447
-0.868315
0.305180
-1.413009
-0.364534
0.226389
-0.123457
-1.654414
0.782337
-0.325024
0.859952
0.332888
0.113057
0.117926
0.983891
-1.809268
0.616605
-1.486624
0.475090
-0.978306
-0.400234
1.185094
-0.838616
0.891262
0.553081
-1.615494
0.871237
1.035009
0.187573
-0.853821
1.611524
-0.015550
-0.041034
-0.892346
0.675501
-1.399562
-0.851057
0.513355
0.568092
-0.502421
-0.958278
0.571087
-1.447598
0.065913
0.107294
-0.737815
-1.655880
-0.951802
1.024220
-0.426845
0.463202
-0.586640
-0.726063
0.006278
0.048270
-1.518465
-0.070989
-0.746611
0.440168
0.867474
-1.031779
0.551265
-1.441725
-0.566486
-0.322847
-1.875244
-0.005141
0.292381
-0.512422
-0.484399
-0.404211
-0.319926
0.257633
-0.507853
0.790276
-0.955850
-0.205485
-0.462571
1.499482
0.814257
0.907599
-0.350219
0.005205
-0.126552
-0.361391
0.603946
0.673220
0.119337
0.704785
-1.360812
-0.369245
-0.676851
-1.224171
0.263236
0.015735
-1.257745
0.099096
-0.254588
-0.478853
-1.154953
0.242937
-0.465068
1.423147
0.339183
0.222996
1.246364
-0.495555
0.291148
0.462351
0.925934
0.721771
0.736129
-1.022886
-0.464094
-0.354166
0.956069
0.436088
-0.412895
0.959032
0.891458
-0.509773
0.171756
-0.577933
0.924430
-0.578104
-0.284030
-0.740812
0.410987
1.136172
0.162697
-1.225640
-0.489396
-0.956371
-0.295090
-0.181471
1.136633
-0.061536
0.301621
0.822641
-0.280862
-1.516643
-2.435614
-0.286410
-0.474859
-0.303169
-1.020001
-0.712814
0.730153
-0.855108
-1.058024
-1.958172
-1.418684
0.989934
-0.602284
-0.139179
0.425794
0.713940
-0.671370
0.397437
-0.070570
1.154155
-0.675845
0.618135
-0.078964
0.297112
-1.193097
1.726966
0.414899
-0.514899
-0.711304
0.060804
-0.743258
0.021610
-0.540615
-0.213690
-0.291944
0.470557
-0.077377
0.360686
0.734583
-0.524446
0.315087
-0.926598
0.362404
-0.183464
-1.774018
-0.245498
-0.657463
0.196824
0.606827
1.126491
-0.747034
-0.306367
-0.013331
0.437370
0.503921
-1.705462
0.254199
0.176254
-0.747276
1.066450
-0.161905
0.427520
-0.143944
-0.205796
-0.040306
0.418163
0.327507
-0.730318
0.036289
0.397042
-0.198783
0.368844
-1.232048
0.476946
0.584054
-0.294146
-0.433847
-0.664649
-0.814515
-0.395341
-0.447445
-0.340688
-0.347231
0.003250
-0.508552
0.395535
0.108691
0.407047
-0.214942
-0.032354
0.240778
-0.659183
0.240684
-0.209359
-0.433054
-0.039562
-0.742887
-0.479496
0.062293
-0.357396
-0.877490
-0.225122
-0.157404
0.323681
0.190439
-0.440773
-1.348246
0.103659
0.974200
0.422901
-0.059361
0.214373
-0.630883
-0.983772
-0.111222
-0.410914
0.009409
-0.075377
0.357036
-0.227390
-0.084399
-0.300301
-0.082956
-0.516152
-0.193838
-0.341838
0.121457
-0.180127
-0.873910
-0.907655
0.376027
-0.219080
0.565695
-0.653833
-0.570471
-0.957468
0.506418
0.553988
0.375187
-0.594438
0.850399
0.160458
0.220325
0.345313
0.117522
1.454830
0.160712
-0.075228
-0.514314
-0.438872
-1.346809
-0.132105
0.501067
0.990658
-1.026554
-0.191787
-0.423887
0.563963
2.270795
-0.128298
-1.380274
-1.312193
-1.527323
0.221366
-0.986418
0.866546
0.993354
-0.229702
0.618660
-0.540914
-0.855945
-0.463407
0.286177
-2.593745
0.376012
-0.240595
0.255600
0.561851
-1.094370
1.289700
-0.573047
-0.363285
-1.157293
-0.924210
-0.005577
-0.164543
0.265265
0.329467
0.654011
0.126531
-0.492883
-0.508087
-0.095398
0.338634
-0.249240
1.938608
-0.406414
-1.675422
-1.604020
-1.013629
-0.056921
1.007316
0.604666
0.264437
-1.103620
1.764987
-0.670707
1.132520
0.048258
-0.498240
0.292618
0.061214
0.607175
-1.925774
-0.281844
0.829163
-0.619984
0.368859
-0.588535
1.525007
0.568053
-0.855143
-0.305359
-0.166305
0.125486
-1.018077
0.626138
-1.259642
-1.231880
-0.257146
0.852587
0.124699
-0.080408
-0.591378
1.553751
0.154448
-0.063026
0.450425
0.777212
-0.461199
0.498765
-0.525979
0.779006
1.084870
0.194267
-2.244373
-0.434284
0.383620
0.352550
0.417594
0.568776
1.168677
-0.014307
1.427132
-0.110956
1.227362
-0.138398
0.236583
-0.008545
1.712170
-0.054582
0.659562
1.270809
-1.531685
-0.059635
0.004009
-0.646179
-1.005598
0.483285
-0.227031
-0.432919
-0.764174
0.028259
1.131422
-0.612838
-1.552180
-0.313112
-0.668154
0.237019
-0.772500
1.450046
0.926652
0.454369
0.865933
-1.473100
0.126511
0.633954
1.537975
0.624157
0.761060
0.354780
1.108869
0.439010
0.597409
0.904221
-0.220141
0.149574
-0.069065
0.112279
0.598334
-0.027203
-0.259998
-1.376133
0.073390
-0.266991
-0.599007
-0.244850
-0.220169
-0.221142
-0.239762
0.845264
-0.245604
-1.297223
-0.526314
0.305348
1.289563
2.380831
0.105782
-0.513655
2.137181
0.247293
-0.368415
0.065559
0.738005
0.301869
1.906456
-0.542136
-2.585461
-1.404094
0.142747
0.373030
1.103614
-0.411965
-0.281266
-0.909467
1.359719
1.136101
-0.110521
0.063832
-1.131824
0.025187
0.509126
-0.359150
0.834378
0.138111
-0.594655
1.461046
1.322935
0.021782
0.936664
0.615509
-0.901111
1.235460
0.831001
1.038980
1.405546
-0.370213
1.223561
0.272125
0.535286
-0.617988
-0.122042
0.231452
-0.092224
0.195334
0.489550
1.055401
0.967840
-0.471291
0.194000
0.130480
-0.447970
0.170869
1.462924
-1.714590
0.237719
-0.764669
0.625069
0.331825
-0.704428
0.570355
1.261563
-0.795115
-0.216293
-1.254958
0.600675
0.666287
0.282204
-0.585791
-0.809528
2.057913
-0.545159
0.585627
-1.280750
-0.800255
-0.724844
0.082768
0.416765
-0.727917
-0.322982
-0.139851
0.450983
-1.512054
0.206648
-0.049426
-0.897317
-1.422480
-0.993278
0.721138
1.438056
0.294663
0.233574
0.025770
-0.093243
-0.896394
-0.278470
0.628754
-0.009537
-1.179322
0.334579
2.031912
1.262649
1.280246
-0.253838
0.229099
-0.126778
-0.768959
1.542771
0.928051
-0.309964
0.069450
0.022986
0.451857
-0.326263
0.489178
0.362709
1.092506
0.278646
0.316241
0.903190
-0.331436
0.090969
0.009499
1.275395
-0.054861
-0.001626
-0.381411
0.112411
-0.925751
-0.183829
-0.500113
-0.014163
0.012721
0.925642
-0.247246
-0.518728
-0.674325
-0.683320
0.077377
-0.409316
-0.688645
-0.610807
-0.200144
-1.184975
-0.943112
0.305150
-0.398917
0.376090
-0.733578
0.523972
-0.237116
-0.276960
-1.423667
0.269807
-0.507353
0.396405
1.435045
0.526010
0.257809
-0.718155
0.422732
-1.222436
1.141496
0.182511
-0.167770
0.639218
-0.165672
0.208781
2.260057
-0.203333
-0.202980
0.289175
0.608359
1.412303
0.792820
1.701425
0.107506
-0.222823
-0.604788
1.425920
-0.178456
0.289593
-0.774296
-0.315406
-0.714174
-1.052189
-0.556401
0.476145
0.865246
1.411613
0.058545
0.067876
-0.440760
-0.337054
-0.525947
2.653753
-0.432624
-1.359505
-0.278478
-0.923603
0.971948
-1.562797
0.896071
-0.174967
0.044812
1.103262
-0.481201
-0.470689
0.464365
-0.264933
0.424565
-0.010826
-0.615425
1.305449
1.081350
0.260945
-0.048834
-1.621972
1.019920
-0.153069
-0.721222
0.466837
0.321286
-0.065274
-0.251375
-0.148149
0.070473
0.047011
-0.029651
-0.852522
-0.250107
0.154705
0.752933
0.095746
-0.382989
-2.010802
-1.407237
-0.571528
-0.430580
-0.323818
0.215483
-0.224792
0.657331
1.081409
-0.044096
-0.686854
0.971781
0.713057
-0.766124
-0.215388
-0.352825
0.038602
0.561140
0.126468
-0.188829
1.274675
1.642567
-1.187663
0.382919
-0.803314
-0.111861
0.176777
-0.458261
-0.119279
-0.459168
-0.090986
0.131185
0.290881
-0.468684
0.559946
0.205425
0.266028
-0.539472
0.061794
0.169526
0.397862
-0.548150
-0.105386
-0.373702
-0.071030
0.337968
-0.543676
-0.213274
-0.017228
-0.731084
0.353271
-0.296812
-0.370206
1.369391
-0.802023
0.232179
0.428529
0.425498
-0.130682
0.466222
-0.091862
0.133409
-0.222850
-0.237525
-0.244482
0.506108
-0.631868
0.264708
0.897769
-0.247347
-0.232488
0.627104
-0.052157
-0.417642
0.154850
0.054895
0.587796
0.719399
0.101337
-0.323762
-0.845915
0.021226
0.188967
-0.345445
-0.682997
0.270952
0.209985
-0.050636
1.478687
0.062863
-0.287661
0.368360
-0.141493
0.775447
1.710585
-0.079635
-0.607619
-0.216072
0.803799
-0.485266
1.743871
0.636679
0.319220
0.682185
0.407834
-1.026197
-0.126586
0.201119
-0.594198
0.367399
0.249170
-0.701820
-0.637927
-1.556800
-1.075147
0.598323
1.867890
-0.996278
-0.244611
0.375670
0.002910
-1.350577
-0.712586
0.128552
0.191407
0.143186
-1.236305
0.322425
1.244080
-1.232583
-0.425207
-0.158035
0.373423
-0.506621
0.234776
0.548410
-0.797721
1.167553
0.080756
-0.037127
-1.197084
-0.772423
0.009426
-0.002153
0.046848
-0.911940
0.501943
0.580106
0.504655
0.005938
0.474368
0.240468
-0.994246
-0.878753
-0.595170
1.063296
1.335899
0.937181
0.282063
0.636852
0.258944
-0.703704
0.934602
-0.501768
1.029362
0.488758
0.740049
-0.126037
-0.687607
0.179708
1.168765
-0.036367
0.236344
-0.349732
0.018865
-0.496563
0.039719
0.565464
1.842287
-0.136665
-0.034003
-0.065442
-0.369598
-0.058263
-0.236554
-0.448833
-0.307819
-0.103150
-0.161304
-0.162566
-0.442573
-1.245124
-1.163389
0.055216
1.506882
-0.602012
-1.317248
0.114671
-1.012956
-0.286592
0.088053
-0.104964
-0.137580
-0.368810
-1.022794
0.565944
-0.768897
1.224471
0.269129
0.535422
-0.754654
-0.452545
-0.886941
-1.331238
1.035316
0.133335
0.290688
0.788325
0.080626
-0.496989
-1.092413
0.727234
-1.066552
-0.405495
-0.046088
0.730589
-0.755563
0.183555
-0.090139
0.739561
0.277806
-1.286913
-0.166482
-0.205029
1.901579
0.277038
0.002566
0.704201
-0.444094
1.873503
0.661101
0.521132
0.433690
0.923197
0.691869
-0.679034
-0.100184
-0.803188
1.618124
-0.931272
0.036431
1.592630
0.025232
0.799421
0.578771
-0.181513
-0.872937
1.121449
-1.302761
0.090779
-0.818889
1.055766
1.063856
-1.246718
0.849955
-1.712765
0.465138
1.200613
-0.498629
0.016504
0.005156
-0.771598
-1.018717
-0.207262
-0.321443
-0.788471
0.803869
1.516174
-0.914920
0.146866
-0.420055
-0.931709
-0.690501
-0.349618
0.136822
-1.429427
-0.042774
0.031923
-0.870761
1.142096
-1.003965
-0.059692
-1.570846
0.420597
-0.684432
0.158150
0.679695
0.449586
0.075243
1.020859
0.100655
-0.303070
0.114990
0.646598
-0.348549
0.396311
-0.993136
0.426288
-0.846452
0.800481
-2.433672
0.515620
-0.263458
-0.011036
-0.775300
0.325868
-0.173761
-0.100573
0.996306
0.043258
0.462881
0.236771
1.291008
-0.148469
-0.406402
0.478693
0.587757
0.487856
-0.527230
-0.199895
0.433986
0.472212
0.418545
0.938044
0.044114
0.261848
-0.223297
0.555167
0.914492
0.320052
-0.314670
-0.982126
-1.541590
-0.003324
0.404404
-0.166575
0.129854
-0.627854
-0.745130
0.599586
-0.118491
0.200047
-0.226300
-0.656512
0.712266
-1.352402
0.327592
-0.186828
0.569096
-0.419733
2.108694
0.012024
1.292386
-0.043661
0.425983
-0.417833
0.387000
0.037847
0.215107
0.170945
-0.667091
-0.881678
0.015071
-0.058480
-0.194201
-0.258670
0.360341
1.736809
-0.778399
0.791541
0.293074
0.691983
-0.060250
0.147795
0.134410
-0.900425
-0.460046
0.062507
-0.254559
0.801129
-0.028858
0.430047
0.643712
0.190604
0.194898
-1.271236
-0.328456
0.836594
0.268518
0.420175
-0.730592
-0.538495
-0.336358
-0.912217
0.710813
0.412175
-0.871565
-0.928988
-0.165021
-0.905110
-0.002856
-0.384057
-0.186080
0.307052
1.394328
0.364847
0.084409
0.739473
-0.507235
1.142791
0.098726
-0.884586
-0.609445
0.527482
0.149470
-0.079297
0.421685
0.703950
-0.130218
1.305058
0.657831
0.329192
-0.664293
0.126923
1.182492
0.044922
0.129061
0.568597
-0.072676
-0.423199
0.415259
-0.226669
-0.627766
-0.092271
-0.949489
0.237626
-0.102962
-0.230553
-0.847165
0.703200
0.088047
-0.333006
2.015237
1.020301
-0.057892
0.034646
-0.299545
-0.361168
-0.296295
0.382780
0.492098
0.187759
0.654484
-0.794930
0.169653
0.297632
-0.282284
0.917738
0.808012
0.313146
-0.384270
-0.770792
0.372637
-1.134953
0.015640
-0.524880
-0.047954
0.093621
-0.638961
0.628098
0.372539
-0.246100
0.244594
-0.434764
-1.374872
-0.913134
0.402132
-0.805167
-0.126732
0.668707
-1.697527
0.065560
-0.707635
-0.533128
0.725677
0.162215
0.896146
0.725684
0.423725
0.812368
0.162757
1.006631
0.750680
-0.153713
0.345895
1.900710
0.911390
-0.016965
-0.654503
-0.526401
1.551125
-0.181401
1.284312
0.341068
0.184868
-0.160197
0.544141
0.142545
0.189852
0.039279
0.687525
-0.889534
0.663135
-0.403665
0.544035
0.153047
-0.644321
-0.278528
-0.144267
0.659528
-0.108177
-0.138284
0.413903
-1.814794
0.390070
1.220323
0.092424
1.476657
0.156346
-0.724591
-0.713308
-0.893925
0.808934
0.249891
-0.573299
0.322928
0.512303
-0.722133
-0.061491
-0.080868
0.554030
-0.906432
-0.386579
0.009712
0.672142
0.392030
-0.540701
-0.441074
-0.278139
-1.339265
0.682698
0.322347
0.039194
-0.183797
-0.819762
-1.486285
0.437480
0.642374
0.562081
0.895894
-0.126155
0.313737
-0.126824
-0.271484
-0.443099
0.390746
0.485980
0.531812
-0.292958
-1.239583
0.748174
0.319699
0.414105
1.585332
0.141217
-0.066813
0.964396
-0.926733
0.026502
-1.166143
0.139032
0.979289
0.193011
0.203661
2.049268
-0.332751
-0.888388
0.135799
0.438514
-0.477696
-0.002540
-0.926506
-1.228773
-0.613298
-0.267933
-0.181941
-2.004223
1.212225
0.250653
-0.468563
0.758452
-0.826811
1.077424
-0.594764
0.401772
0.862084
0.329006
-1.234941
-0.097675
-0.508035
-0.921970
-0.075042
0.653421
-0.521138
-1.249635
0.735887
-0.879995
0.221716
0.478571
-0.995020
-0.887818
-1.615821
1.224754
-0.204301
-0.319933
-0.127140
-1.095084
0.635748
0.304231
-0.803691
-0.796511
-0.551928
0.037616
-0.222394
-0.700826
0.554943
0.277271
-0.683909
0.838269
-0.026304
-0.112182
0.149904
-0.703440
-0.319603
-1.244210
0.359984
0.281637
-0.485316
0.415809
-0.097565
0.237018
0.850776
-0.258585
1.522318
0.177758
-0.443639
-0.879610
0.308399
0.940594
0.058169
-0.353718
0.994997
0.296213
-0.924953
0.350020
-0.990798
-0.269696
0.220287
-0.775946
-0.318662
-0.269841
0.722052
-0.056090
0.095472
0.731789
-0.703176
0.417072
0.634014
0.572472
0.119337
0.422453
-0.133024
-1.171273
0.209130
0.098267
0.581221
-1.098916
-1.416744
0.805647
-0.507172
0.983236
-0.504238
-0.314645
0.335127
-0.301104
0.201948
0.416887
0.572779
0.497656
-1.372439
-1.647888
0.082122
0.891873
0.942650
-0.323417
-0.113878
-1.381008
0.601265
0.089677
-0.655839
-0.833003
-0.078159
0.293767
-0.216948
-0.233232
-1.173875
-0.447281
0.194557
0.269930
-0.060306
-0.695611
0.218654
-1.301819
-0.126565
0.621542
-0.542609
-0.229551
0.571209
-0.374019
0.205393
-0.110983
-0.744622
0.141060
0.451486
-0.604686
0.142682
0.308917
-0.069039
-0.527675
0.089671
0.195092
1.071555
-0.508867
0.556551
0.030971
0.697689
-0.776773
-0.759642
-0.272235
0.517573
0.766461
-1.172083
0.277634
-0.664563
-0.272411
-0.555568
0.435831
-0.768601
-0.623462
0.853809
-0.184254
-0.557876
-0.067253
-0.089305
-0.916722
-0.366716
-0.696479
-1.257223
-1.418483
1.491750
0.705182
-0.526808
-1.511873
0.035180
0.342485
1.075617
-0.345936
0.519436
0.161494
-0.073841
-0.435809
1.100977
0.428588
-0.535333
0.296603
-0.035833
0.933578
0.369291
0.545449
0.064851
-0.578271
0.128336
0.485622
-1.266615
-0.991917
0.796766
0.205724
-0.828205
-0.853970
0.118103
0.110302
0.391731
0.503705
-1.253222
0.362879
-1.241598
0.241310
-0.806980
0.079641
-0.823499
-0.631194
0.064629
-0.745721
0.877710
0.062456
0.087485
0.834097
1.251217
0.288827
-0.000458
1.377433
0.507172
0.053520
-1.114490
0.764307
0.487730
1.051223
0.220579
0.799285
-1.420445
0.489924
0.105490
0.491193
-0.432741
-0.050973
0.393883
1.284451
-0.542942
0.003856
0.616729
-0.192081
-1.158519
0.118964
0.457923
-0.299011
-0.136058
0.260943
-0.368713
-0.230790
0.614704
-0.155778
-0.087168
2.018807
-1.618532
-0.007980
-1.113583
-0.828568
-0.103639
-0.575334
0.349299
-0.379610
-0.301909
-0.480738
1.013872
-0.267165
0.011401
-0.100116
0.412808
-0.740409
0.278076
0.553592
0.060991
-0.009412
-0.466256
-0.185370
0.330361
-0.036286
0.699206
0.192740
-0.310625
-0.384838
-0.092048
-0.000597
-0.637679
0.131524
-0.161115
0.278138
0.475383
-0.739781
-0.164797
0.654809
0.072054
0.532886
-0.331406
-0.426865
-0.332826
-0.087999
-0.095333
1.075473
-0.811661
-0.364486
0.107969
-0.467865
0.532718
-0.662955
-0.379532
0.302208
-0.152060
-0.458825
-0.253857
-0.322569
0.408206
-0.276840
-0.132875
-0.019204
0.774806
-0.864820
-0.178080
0.123408
-0.020672
-0.642820
0.081950
0.687271
0.163723
-0.026872
0.176467
0.811633
0.276393
-0.470477
-0.459335
0.576069
-0.105747
0.076029
0.018947
0.775124
-0.255326
0.708600
0.186488
-0.713391
0.087805
-1.063491
0.011172
0.679004
1.031517
-0.350773
0.359551
0.085102
-0.284238
-0.253283
0.004341
-0.789149
0.270803
-0.367989
-0.890907
-0.286938
0.194618
0.223435
-0.225059
-0.787796
0.320592
-0.439003
0.183092
0.123187
-0.253482
0.579964
0.048351
-0.971374
0.329178
-0.032362
0.282071
-0.404725
0.399752
0.283808
-0.379931
0.659280
-0.283720
0.177149
0.420953
0.169089
0.022842
-0.589029
0.066758
-0.102485
-0.470363
0.146281
-0.026600
-0.354055
0.140424
0.137368
0.273791
0.027336
0.745360
-0.036299
0.174033
-0.593940
0.333080
-0.393284
-0.197833
0.026872
0.166540
-0.623239
-0.550092
-0.355323
-0.044783
-0.494948
0.278939
0.727574
-0.241128
-0.321805
-0.133564
-0.189123
-0.738169
0.215531
-0.434839
0.065147
0.643479
-0.507416
-0.088529
0.435878
-0.131523
1.020164
-0.784214
-0.500730
-0.178429
-0.241215
-0.237756
0.343545
-0.692827
-0.139288
-0.212045
-0.707438
0.195018
-0.090750
-0.272486
0.503413
-0.179713
-0.763611
0.474152
-0.526608
-0.131764
-0.457550
-0.443787
0.291352
0.771087
-0.687898
-0.300867
0.080387
-0.973304
-0.281941
-0.294196
0.939250
-0.181185
0.193899
0.188608
0.402518
0.765631
0.030575
-0.434842
0.829213
-0.523099
0.435431
-0.081341
0.404325
-0.361671
0.875276
0.249081
-0.493507
0.254564
-0.529501
0.378141
0.249119
0.436680
-0.414144
0.341112
0.351663
-0.168298
-0.367081
-0.264236
-0.659720
0.289177
0.063330
-1.233250
-0.281919
0.197776
0.310394
-0.274626
-0.998824
0.030036
-0.413793
0.011642
-0.056591
-0.188817
0.538215
0.137285
-1.028253
0.759678
0.236867
-0.110789
-0.365039
0.117713
0.657487
-0.861994
0.464861
-0.704191
0.005515
0.355569
0.010090
0.365860
-0.477994
-0.758166
0.049762
-0.849260
-0.275179
-0.110948
-0.701301
-0.419646
0.451446
-0.374739
0.149598
0.017845
0.610831
-1.183069
-1.657292
-0.945667
1.142440
0.398679
-0.162867
-1.375219
-1.123454
2.264571
0.090764
-0.238832
0.237197
0.497263
0.185293
0.071535
0.252059
0.390807
-0.009827
0.127551
1.174805
-0.559448
-0.155380
-0.900299
0.732938
-0.953346
0.444061
0.086352
-0.322273
-0.200777
0.090856
0.336133
0.761391
0.782901
-0.058548
0.707362
0.352385
0.311332
0.290700
0.092965
-0.721027
0.177093
-0.589387
-0.711265
0.099877
0.258254
1.623102
0.232381
0.967620
-0.456029
-0.058445
-0.666534
-0.075555
0.263230
-0.443938
0.211625
0.344559
-0.179046
2.324483
-0.277077
0.243310
0.728407
-0.124647
0.072831
0.252536
1.428080
-0.457050
0.935878
-2.174593
-1.528162
-0.031122
0.998621
-1.526862
-1.043931
-1.577307
0.007703
0.367349
0.759131
-0.287509
0.015949
0.478321
0.327400
-0.779422
0.669495
-0.646058
-1.103358
1.295915
0.265189
0.184455
0.447510
-0.653775
-0.580589
-0.669597
0.128166
0.617039
-1.483129
0.143893
-0.159370
-0.609141
0.250854
-0.135335
-0.492245
-0.219267
-0.599170
-0.219582
-0.380198
-0.346595
-1.561602
-0.711763
-0.423064
0.670277
0.747001
0.380595
0.128463
-0.373547
0.919158
-0.722903
-0.625607
1.789345
1.931899
-0.175359
0.239377
0.736011
-1.638649
0.867218
0.702630
0.006428
0.764868
-0.327950
-0.918311
-1.424598
-0.465051
-0.556616
-0.844327
-0.467346
0.911201
-0.068364
0.381549
0.456902
-0.470536
0.316738
-0.205849
1.291011
-0.295249
-0.097312
0.042237
-1.945324
-0.687021
0.283572
-1.250853
0.414550
1.637454
0.872424
-0.933672
0.515768
1.313164
0.276454
0.106672
0.189491
-0.773104
-0.438040
0.707580
0.385164
-1.011666
-2.034266
-1.076540
-0.652248
-0.275520
0.920350
0.280257
0.528572
0.408875
0.236256
0.655434
-0.251424
-0.316883
-0.715235
-1.258769
-0.165043
-1.390417
0.539915
0.092808
-1.118385
-0.688974
-0.293262
-1.218323
-1.897252
0.705286
-0.422224
-0.578531
0.159425
1.750425
-0.567848
1.414716
1.059905
-0.072096
0.147539
0.221312
-0.216789
0.444489
0.662950
0.978070
-1.493559
0.421528
-1.246612
1.224179
0.758761
-0.292594
-0.907806
-0.223425
2.022383
-0.598499
0.420512
-0.082001
-0.993436
0.947892
1.912721
0.321561
-0.257095
-0.281158
0.081717
0.403114
-0.968699
1.415128
-1.116876
-0.389826
-0.703124
-0.373536
-0.110610
0.520450
-0.957089
0.988053
0.292036
-0.958822
-0.036006
-0.073356
-0.011939
0.319942
0.196577
-0.546660
-0.345223
-0.091131
-1.163726
-0.679803
0.442634
-0.906315
-1.243864
0.201389
0.181880
-0.344499
-0.486552
0.281952
0.120156
0.300324
-1.285593
0.654599
-1.524070
0.413891
-0.026048
0.337184
-0.468407
-1.344675
-0.227410
0.200000
-0.345157
0.858419
0.267448
-0.082541
-0.699721
0.577780
-0.117109
-0.013999
-0.528324
-0.208139
-0.190889
0.544484
-0.215517
0.275996
-0.038702
-0.943238
-1.214542
0.795527
0.077127
-0.542730
0.361975
-0.996688
0.415126
-0.126284
-0.541394
-0.140319
-0.333834
-0.236142
1.095870
0.503121
-1.298618
-0.079113
0.960359
-0.611592
-2.078042
-0.206583
0.332095
0.118727
-0.614649
0.336991
-0.238462
-0.343647
-0.071303
0.371196
-0.161230
0.067515
0.234519
-0.407663
-0.032117
-0.139393
-0.367539
-0.781809
-0.517899
1.153579
0.005226
0.124205
-0.580472
-1.367176
-0.605566
0.224539
0.741570
0.015999
0.052167
1.002256
-0.916829
-0.329715
0.970976
-0.301127
0.666553
-1.229177
-0.522340
0.583268
0.508030
0.634212
0.188461
-0.354048
-1.090310
-0.083362
-0.634338
0.405091
0.335966
-1.050046
-1.498004
-1.201072
0.587820
-1.565179
-1.034017
0.731167
0.006892
-0.379546
-0.727644
0.233191
-0.421966
-0.478836
-0.464312
-1.452208
-0.730117
0.143231
0.473836
0.040459
-0.980825
-0.436941
-0.430344
-0.175402
0.797794
-0.032609
-0.259246
-0.008147
-1.344984
-0.146581
0.402605
0.316049
-0.871358
0.184101
0.067332
-0.035222
-0.527345
0.550634
0.646828
0.082484
0.146307
-0.623182
-1.093414
-0.568027
0.410325
-0.203420
-0.147277
-0.298900
-0.134268
-0.471421
-1.191289
-0.205181
-0.422541
-0.600296
-0.344932
-0.158272
-0.299290
0.409993
-0.898338
0.433543
0.042296
-0.292491
-0.403716
-0.584389
0.278518
1.027280
0.489334
1.032164
0.549952
0.615926
0.093372
0.634944
-0.059096
-0.927907
0.172589
0.425454
-1.092275
0.039482
0.396225
0.191047
-0.763989
-0.274984
0.650159
-1.110852
-0.525120
0.180136
0.565261
0.233314
0.855258
-0.341998
-0.654202
0.438420
-0.329711
-0.493591
0.589648
-1.321717
0.072374
-0.655155
-0.545553
-0.409748
-0.567328
0.467889
0.467617
1.267565
0.522900
-0.560741
-0.413545
-0.836022
-0.757234
-0.481944
0.251499
0.616402
-0.571488
-0.390336
-0.174220
0.114321
-0.664398
0.635991
-0.067868
-0.590492
0.270658
-0.703468
0.206557
0.651049
-0.247993
-0.395655
0.584878
0.154375
0.189614
0.207642
-0.127298
0.482574
0.329347
-0.486131
-0.022537
-0.951907
-0.019503
-0.616803
-0.241354
-0.579169
0.752482
0.825673
0.075710
0.394266
-0.178152
-0.956223
-0.462969
-1.185023
0.782673
0.395081
-0.208451
-0.613657
-0.334313
1.046652
0.567377
-0.272710
-0.108744
-1.018860
0.934805
0.308157
0.667908
-0.034752
0.060065
-0.068956
-0.083199
0.109010
0.031792
-0.076892
0.032549
-0.106577
-0.047325
-0.139005
0.129870
-0.131283
-0.140366
0.008401
0.085199
-0.061693
-0.103715
0.013120
-0.061269
0.001363
-0.052382
0.091379
0.054061
0.063162
-0.046767
-0.057302
0.153072
-0.117548
0.060630
-0.049981
-0.052479
-0.004708
0.067459
0.023426
0.052132
0.002563
-0.072296
0.073286
-0.020657
-0.060008
-0.058246
-0.101856
0.184811
0.076348
0.024762
-0.016032
-0.073088
-0.029567
-0.105213
-0.123641
-0.047475
-0.069382
0.137335
-0.074778
0.004540
0.047723
-0.084657
0.148005
0.155689
-0.147754
-0.075700
0.036559
-0.130749
0.132238
0.202218
0.045995
-0.187992
-0.044586
0.032453
0.005099
0.065525
0.094769
0.011458
0.162508
-0.040477
-0.158566
-0.010925
0.023841
0.074903
-0.079967
-0.050105
0.045541
-0.206262
0.118450
0.139888
-0.116723
0.171787
-0.111130
-0.081112
-0.022707
0.043285
-0.168565
-0.012791
0.033552
0.012024
-0.086512
-0.021861
-0.133746
-0.148451
-0.031801
-0.076851
-0.132679
0.112996
0.181485
-0.000608
-0.147454
-0.054795
-0.011968
0.048045
0.057735
0.039394
0.094121
-0.021956
-0.039889
-0.157106
-0.024958
-0.068919
-0.013263
0.018099
0.009992
0.138201
0.098399
-0.143795
-0.047923
-0.146841
0.099207
-0.026273
0.014868
0.450108
-0.740461
-0.140200
0.595464
-0.371417
0.109653
-0.122573
-1.577631
-0.574098
1.730809
-0.861334
-0.587185
-1.961189
1.714255
-0.672985
0.078333
0.579631
-0.694848
-0.338007
-1.134405
0.982085
-1.383673
-0.719138
0.864217
-1.057090
-0.092975
-0.081936
-0.687162
-1.446308
-0.493365
0.179527
1.166232
0.318456
0.248818
0.179136
0.075214
-0.101516
-2.075967
-1.117457
-0.392447
0.003294
-1.270666
-0.762332
-0.498337
0.273360
-0.546989
0.387068
-1.053099
-0.140100
1.014143
1.314219
1.639621
0.701221
1.230773
-0.126356
-1.836924
0.837177
-0.028971
0.199170
0.098219
-0.074750
-0.313432
0.021089
-1.924618
-0.885065
0.445447
-0.439638
0.563578
0.919411
1.614748
0.400232
0.668518
-1.059600
0.998402
1.675709
-0.119841
-0.381472
1.052664
1.353773
0.637711
-0.931986
-1.807921
-1.066750
0.953973
0.605443
-0.501532
-1.570497
-1.366283
0.922020
-0.973591
-0.254459
-0.119473
0.149138
0.497936
0.964568
0.228271
0.523873
-0.034259
-0.106736
-0.923050
0.733742
0.953585
-1.272264
-0.418188
-0.994939
0.959279
-0.382429
0.101288
0.195897
0.645296
-1.843642
-0.193785
0.836907
-0.422181
1.250938
-0.184278
0.122020
-0.450035
0.122132
0.587108
-0.817640
-0.764394
0.631284
-1.446117
-1.042475
-0.740234
-0.506748
0.392564
