2
78
128
-1.570839
1.806018
0.118178
-0.004183
-0.498185
0.154257
1.007196
0.992239
-1.090904
-0.820105
-2.351528
-0.140679
0.580928
0.009087
0.796566
-0.311205
-0.844595
-0.021900
1.091879
1.051365
-0.282435
0.088761
-1.526244
1.303536
-1.204635
-0.669871
0.178586
1.149608
0.057053
1.006579
-0.844792
-0.491307
-1.534877
-1.324963
0.899724
-0.401418
-0.395405
-0.952163
-2.245051
-0.443084
0.315585
-1.745067
-0.193828
0.578741
-0.779330
-2.298667
-0.858811
-0.229587
-0.885726
-0.530038
0.842381
-0.767199
-0.435098
0.626058
-0.817011
-0.102042
-0.446168
0.070588
1.053905
-0.222061
-1.166150
-0.756396
-0.923948
-0.726936
0.154835
-0.003207
-0.106759
-1.037655
1.869677
0.132354
0.745037
-1.483780
0.072255
0.640792
-0.205537
0.075481
1.380275
1.066540
1.257596
-1.548820
-1.721879
-0.763918
0.753759
-0.443209
0.656427
-0.688430
1.054508
0.343306
-2.188775
0.267445
2.223232
0.625939
-0.715294
1.018684
-0.775941
-0.699951
2.040750
-0.507807
0.503851
-0.466572
-1.516255
-0.430251
-0.051171
-0.040029
0.412796
-0.021278
0.464723
-0.265140
-1.495017
-1.651019
-0.822859
-1.559451
-0.148880
0.801876
0.072270
-0.168248
1.359494
0.073234
-0.674794
0.936819
0.216920
0.728633
-0.608818
0.310735
1.224809
-1.129379
0.777826
0.444723
-0.530063
-0.613448
-1.793652
0.598903
1.402842
1.543750
1.162610
0.056681
-0.998605
1.516974
0.822735
-0.119056
0.720468
-0.269367
0.737453
0.825082
0.119829
-0.804273
-1.307596
-0.957446
-2.660181
-0.067259
-0.986768
0.378648
-0.516389
0.090241
-0.430640
-0.858692
0.163489
0.448885
1.328892
-0.238076
0.054448
-0.507754
1.189328
0.372837
1.341675
-1.493430
-0.605733
1.347053
1.474216
-0.770004
-0.219323
0.356234
1.531249
1.349270
-0.090589
0.126966
0.020760
0.739803
-0.708328
-0.662447
0.142401
0.397697
1.329933
0.212914
0.790804
1.691400
-1.294325
-3.255893
-0.353159
-0.995430
-0.797619
-0.825219
0.094726
0.981580
-0.101054
0.802094
-1.296317
-2.385338
1.089331
0.337549
-0.171233
0.419887
-0.812979
0.780864
-0.038235
-0.516778
0.902195
-1.499655
-1.111130
-0.057117
0.193498
0.063513
0.614685
1.458624
-0.940370
-0.908341
-0.984443
1.620316
1.200717
1.392696
-0.626672
-0.045302
-0.031143
0.863922
0.496573
-0.612582
-0.306260
0.947257
-0.670604
0.057359
-0.459895
1.672298
-1.498753
-0.171382
1.122589
2.023034
0.161063
-0.181293
1.472842
-1.534079
-0.013564
-0.696694
0.786085
0.621663
1.080121
-0.162796
-0.698892
-0.875900
-2.691007
-0.592235
0.425806
-0.729363
-0.847267
-0.073078
0.100734
1.639339
-0.355064
0.671812
1.393162
-0.401920
-0.026483
-0.314356
-0.007877
0.537765
1.935872
-1.360219
0.950871
-0.848356
0.534803
1.711967
2.033970
0.861276
1.180263
1.680957
0.210345
1.972605
0.331755
-0.182354
3.564077
0.044192
0.801092
0.825839
0.551272
-0.248024
-2.042641
-1.034753
2.616306
-0.539037
0.024098
-0.062856
-0.399746
-2.421078
0.089926
-0.377666
-1.839686
-1.097525
-1.386584
0.061333
1.020435
-1.268236
-0.875247
-1.526800
-0.261273
0.221499
1.108930
-2.023187
-0.304996
0.903375
-1.647105
-0.698382
-0.182568
0.612818
-0.320607
1.072019
-0.725290
0.062296
0.298775
0.840060
-0.785771
1.040758
0.976008
-0.647737
-2.005194
-0.189695
2.938442
-1.438655
-1.123478
1.106990
-1.950247
-0.995293
-0.043642
1.605713
0.479429
0.655512
0.998600
-0.594773
1.244288
0.162891
1.583121
-1.064247
0.059718
-0.302656
0.447345
-1.071037
0.562929
0.578162
-0.829269
0.292852
-0.438953
0.152862
-0.607829
-0.427624
-0.483997
0.955085
-0.917481
0.362847
0.941889
0.992196
-0.659110
0.742947
0.223613
-0.605244
0.189303
-0.112658
-0.431104
0.361829
0.152246
0.374673
0.840501
2.395276
-1.273629
1.316174
0.644950
0.995005
-0.565942
-0.336575
0.486762
0.852861
2.137066
1.155407
1.540538
-0.783047
0.234816
1.433223
1.702844
-0.755092
-0.192383
-0.489946
-0.322704
-1.807417
-0.588418
-0.740884
-0.060602
0.078113
0.010903
1.020963
-0.689360
1.449551
-0.039484
0.205871
-0.594035
-0.874322
-0.762133
-0.405933
-0.888718
0.517224
0.124072
1.139953
-0.598680
0.052658
1.883369
-0.509845
-0.176841
0.673555
0.164250
0.667035
0.549808
-0.115079
0.332229
0.020657
-0.301669
0.266855
1.003074
0.148387
-1.305719
-0.748366
-0.472297
0.043822
-0.761892
-0.182942
0.254877
0.445775
-0.110055
0.180834
0.042719
-0.019321
0.161992
-1.487205
-0.674172
-0.121948
-0.219970
-0.084820
-0.432581
-0.605883
-0.509310
0.117049
0.395063
-0.161169
0.208495
0.826034
-0.060087
-0.733341
0.205996
0.629461
0.781874
-0.214156
-0.687583
0.834144
-0.529740
0.341962
-0.076034
0.407869
-0.291292
0.366642
-1.464511
0.670537
-0.506116
-0.176503
-1.860129
-0.810326
0.938127
-0.191684
-0.147231
0.370090
0.864758
-0.283931
1.051311
-0.678192
-0.484977
0.331616
0.719260
-0.015831
-0.515534
0.866363
-0.213011
-1.193755
-0.817749
0.087685
-0.509446
0.416590
0.599962
0.194340
0.893314
0.379472
0.405395
0.017578
0.710707
0.158850
-0.903744
0.481491
0.272526
0.025583
-0.259134
-0.434864
-0.952501
-1.282495
1.048079
-0.229781
0.356088
0.506717
1.448540
-0.441972
0.303400
-2.131616
-0.680011
-0.754614
0.623944
-0.803708
0.548458
-0.740760
-1.009000
-0.066314
1.288923
2.013439
2.347553
1.118443
0.413849
-0.020847
0.606583
-1.819375
-1.998942
0.376024
-0.617995
1.782217
-0.442944
0.228258
-1.237467
-0.608440
0.213065
-0.316888
0.716403
0.512788
0.229775
0.103006
-0.545389
-0.467118
-0.890803
-1.434212
1.818682
-0.616556
0.344286
1.105884
-0.410339
2.128518
0.374490
0.053273
-0.408113
0.328501
-0.530141
0.594474
-1.223138
0.272731
0.053349
0.720254
-0.410427
0.950586
0.416631
-0.472516
-1.573861
0.487958
-1.063813
-3.804313
1.749228
0.164383
1.625609
-0.099483
-0.046180
0.870725
0.579648
0.422603
-0.183122
1.372455
-1.816535
0.153285
0.069540
0.976897
0.130902
-0.157800
-0.148923
-0.758441
-0.271949
-1.517018
1.365552
-1.824935
-0.294410
1.139971
0.258731
1.585408
-0.601126
0.112534
0.381912
-0.066570
-1.039002
0.356404
-0.759100
1.040330
0.304914
0.145067
0.420106
0.300395
-0.175256
-0.258735
0.592679
-1.635607
0.176664
-0.010561
0.217231
1.341340
0.091751
0.719272
-0.650265
0.199617
1.971780
1.198368
-0.764630
-0.844309
-0.296238
-0.948899
0.816264
0.125584
-0.948251
-0.592172
-1.534791
2.887392
0.569699
1.459938
-0.035146
0.046318
-0.592200
0.190637
0.736238
-0.601305
0.500579
0.456214
-1.968767
-0.320899
-1.480707
-0.416568
-2.925973
1.224243
2.753241
0.842933
0.033995
-0.463530
0.005927
-0.325462
0.052305
-0.622762
0.843138
0.523685
-0.287947
0.663604
-0.204608
-0.731114
-1.498376
-1.146722
1.302655
0.120324
1.566253
0.205308
0.369339
-0.896805
0.089966
0.113747
0.312136
0.160510
-0.202944
0.210068
-0.044788
0.356455
-0.648862
-1.221460
-1.024503
-0.085103
0.638131
0.032023
0.981665
-0.078398
-0.263665
1.187491
-0.498014
-0.194828
1.160786
-0.705428
-1.896625
-0.491694
-0.536979
0.214616
-0.725624
0.479970
0.772415
1.009486
-3.278186
0.459787
0.858833
-0.713224
-0.094202
-0.454063
-0.134393
-1.293480
-1.443039
-0.040040
1.102479
-0.084926
1.022094
0.578259
-0.231859
-0.671257
0.107899
-0.611315
0.814649
1.027682
0.955804
-1.695590
-0.583728
0.406178
-0.695708
-0.925556
0.742762
-0.274933
0.686892
-0.716099
-0.124231
1.392218
0.367713
1.155361
-0.127361
1.727997
-0.164896
1.480415
0.586218
1.623613
-0.135166
-1.199102
0.214996
0.519639
-0.132764
0.668543
1.118254
0.205851
0.680894
-1.517193
0.344271
1.130108
1.179734
0.509327
0.884885
0.084164
-0.749175
0.014264
0.415665
0.090275
-0.368648
-1.028476
-0.300565
-0.354252
1.270162
2.068248
1.965279
1.294519
-0.712250
-0.958063
-1.387491
-2.493189
1.272007
0.125040
-0.288421
-0.086579
1.726108
0.208510
-0.702973
-1.933892
-2.208142
1.312324
-2.058639
-0.350269
-0.092148
-1.028739
0.128672
1.045396
0.046412
-0.425931
0.506638
0.851241
0.409243
1.003190
-1.115678
1.316638
0.743494
0.642450
-0.053568
1.662223
-1.705242
-0.571657
0.281739
0.794943
0.635140
0.353902
1.062214
-0.620893
-1.686433
-0.230888
1.678037
0.886948
2.027220
0.578570
-0.953349
1.492924
-0.397992
-1.651739
-1.296995
-0.924972
-0.221781
1.357198
0.584793
-0.116330
0.352155
-0.467281
0.036542
-3.541622
0.697175
-0.991105
-0.739163
0.884772
-0.300164
2.631762
2.649957
3.384435
-1.982089
-0.660977
1.686589
0.003139
-0.274946
-0.130094
1.181644
1.060033
-0.314965
0.628538
-2.474871
0.044642
-0.915625
-3.130937
0.737510
-2.470327
0.471314
0.955437
-0.526928
-0.839011
0.940137
0.104060
0.551395
1.618386
0.321031
-0.191924
-0.243884
-0.922632
-0.030906
1.168251
0.505228
-0.927838
-0.698069
0.229790
-3.569968
-0.038418
-0.190228
0.037691
-0.569419
-0.192714
-2.364488
-3.108187
0.540469
-1.053324
0.420974
-1.249822
-0.260734
0.476953
0.848136
-0.065748
-1.636655
-0.634032
1.583268
-0.577041
1.383945
0.794611
-0.874524
-0.314287
0.199260
0.959642
-0.022450
1.509847
1.051632
-0.299335
-0.743382
0.141146
-1.138658
-0.959082
1.031160
1.361372
0.411591
-0.226182
-0.270026
0.758339
-1.756359
0.793741
-0.369789
-0.040335
-0.951195
-0.559356
0.275935
0.271916
0.251923
0.397438
1.780062
0.388337
1.063752
-0.777925
-0.304204
-0.116495
1.605225
0.915235
-0.573918
-0.017178
0.011546
0.919762
-0.906175
0.959681
0.925530
0.082716
-0.435028
0.204820
0.465510
-0.191014
-2.132839
0.369615
0.438308
-2.008932
0.335296
-0.658844
0.024096
-0.267866
-0.204593
-0.229872
0.787029
0.460166
0.405801
-0.981921
0.767801
-0.989500
-1.686600
-0.351506
0.368069
1.046187
-0.854345
1.063934
-0.132905
-1.792226
0.343087
0.483028
0.788508
-0.429700
-0.912836
-1.236667
0.159177
-0.115124
-0.432498
1.517184
1.144242
1.474301
0.099833
0.365180
0.225002
-0.381911
-0.761028
1.341636
-0.135358
0.014945
0.275663
-0.389356
1.155409
1.439879
-0.671828
0.302273
-0.699022
-0.662499
-0.468178
0.132777
-0.857648
0.322830
-1.652510
1.178799
-0.250292
1.131281
-0.312146
1.268410
-0.068628
0.170680
-0.763718
0.350852
1.254675
-0.399314
0.212993
0.484160
0.290638
0.168235
0.785309
0.250059
-0.058118
-1.144519
0.135117
-0.157670
0.375268
0.213211
0.423888
-0.723602
-0.718141
-0.194534
0.646864
0.464992
-0.673312
0.219554
-0.746465
-0.300272
0.239194
-0.411231
0.266600
1.053651
-0.088782
-0.076889
-0.312871
1.022445
-0.152345
-0.560605
-0.587801
0.264080
0.135986
0.050829
0.482457
0.898277
0.418650
0.335457
-0.622400
-0.267081
0.424209
-0.356753
0.266363
0.097764
0.556154
1.034155
0.034777
-0.115948
-0.251186
0.355492
-0.832381
0.203589
-0.318310
0.279652
0.694526
-0.516566
0.569819
-0.612854
0.171025
1.146082
0.645033
-0.170416
1.362808
-0.189180
0.003206
0.352819
-0.392592
-0.394105
0.399412
-0.282869
0.584462
0.101108
0.592705
-0.154976
-0.180300
-2.646187
0.347520
0.497611
-0.065752
0.139691
0.243320
0.246355
0.667954
0.942219
-0.519346
0.296428
-0.536052
-1.065203
0.278918
0.065113
-1.840673
0.406797
-0.645733
0.907537
0.467236
0.540666
-0.523660
-0.279226
-0.767118
0.262916
0.918595
0.343828
-0.941751
-0.000597
0.184428
-0.065533
-0.122290
-0.005714
0.794854
0.761569
0.193000
-0.303153
-2.086425
-0.497590
-1.314694
0.327455
-0.021564
-0.583243
-0.139953
0.851199
-0.149260
0.056503
-0.101551
0.770963
-0.134258
-0.479051
0.220504
0.531076
-0.391398
0.417285
0.026514
-0.431801
0.290153
-0.391497
0.254097
-1.480809
0.494953
0.275705
0.431147
-0.232120
1.302630
0.220117
-0.028406
-1.253091
2.066221
0.274779
-0.820424
-0.998714
-0.386627
-0.341365
0.104397
-1.347325
-0.184173
-0.274062
0.097748
1.645857
-0.726786
1.433637
0.266564
0.137130
-0.443747
0.181556
1.175618
-1.218588
-0.854987
1.068807
-0.045352
-0.449951
-0.534762
0.810418
0.944059
1.536994
0.851783
-1.522827
0.365754
-0.073801
0.041961
0.762320
1.284829
-1.526290
0.369977
-0.393313
-0.193872
0.099371
-1.543125
-2.069000
-0.133384
1.689432
2.400192
-1.431258
-1.577487
-0.726482
-0.503588
-0.248461
0.072848
-2.039683
-0.243875
-1.191262
0.969516
0.072149
-0.946046
0.100767
0.316209
-1.453080
-1.799110
-1.349963
0.848910
-0.900917
-0.362123
-0.019634
0.935420
0.281350
-1.681467
0.189835
-0.066208
-0.757419
-0.629122
-0.705252
-0.796033
0.764868
-0.970283
-1.208682
-1.552709
-0.810208
2.422905
1.285038
-0.299919
0.484055
-0.783348
0.334012
-0.785135
-1.761875
0.854248
-1.057621
-0.314766
-1.804556
-0.349317
-0.521555
-0.540152
1.227589
0.240949
-1.184945
1.428678
-1.720978
-1.730191
-0.335617
0.334711
0.111548
-0.241479
0.946059
-1.413977
0.685029
1.198560
-1.062496
0.588779
1.036142
0.392897
-0.570908
-0.216344
0.468002
-0.720830
0.133037
0.167848
-1.049473
-1.402647
1.451442
-0.141878
2.537162
-0.359494
0.762130
0.438851
0.440835
-1.256293
-5.153339
0.538520
-0.713812
1.427524
0.634157
0.158031
-0.441711
-0.362925
0.452723
-1.036628
0.353040
-1.199840
-0.640916
0.344991
-0.089394
0.437217
0.265987
0.407583
-0.264295
-0.762286
-0.485180
-1.099942
-1.359846
1.751623
0.872917
-0.089971
0.206139
-1.875395
1.887087
0.423896
-1.168987
-0.720373
0.591574
0.863525
0.162141
-3.188076
0.912903
0.264384
-1.010945
-0.712988
-0.069477
-0.866885
0.422281
-0.193213
0.336969
-0.249422
-1.374565
0.202307
-2.057475
-1.921850
0.350050
0.237963
-0.816690
0.839274
0.066077
-0.013165
0.749169
1.337690
-1.012274
-1.782837
-0.676031
1.490239
-1.006464
-3.050149
-0.800040
-0.395555
1.974598
-0.649514
-0.211080
-0.527307
-0.186474
-0.733369
-0.836175
-0.962792
-0.531589
-0.891011
0.275300
-1.269081
-0.673456
-4.258802
-0.890357
-1.341942
0.543667
-1.379586
-0.408607
0.919912
-0.913242
-1.149797
1.524949
0.905963
-0.402038
0.181251
-1.545519
2.081357
0.225110
0.383065
-0.845875
1.057211
-1.329638
-1.108430
0.964637
1.396163
-1.426720
0.166995
-0.334049
-0.569454
-1.001027
-1.151929
0.926024
0.192596
1.584813
-0.046769
-0.410409
0.088496
0.371275
-1.040627
-1.283943
1.564568
0.477565
0.231981
0.713656
1.156667
-1.102705
0.006450
-0.562123
-0.216545
-1.160384
-0.797862
0.110718
-0.422192
3.063905
-1.559029
0.776629
0.074418
0.160765
1.690503
1.130453
-1.340412
0.046118
1.187810
0.113929
-1.039394
-1.308771
-0.684740
0.445686
-0.858608
1.830874
-0.468811
1.735889
-2.003285
-1.471189
-0.353655
-0.491962
0.828928
-0.737910
0.342243
-0.114824
-0.564609
1.951761
0.112236
1.314222
0.218935
-0.274393
-0.131362
0.243319
-1.114663
-0.694223
0.573061
1.129913
-2.091657
-1.483491
-1.962932
-0.658795
0.771285
-0.673773
1.427465
-0.286657
-1.176628
0.698530
0.870526
0.096260
-0.374013
0.857149
-0.448069
-0.602439
-1.305166
-0.326045
-0.927081
-1.635615
0.146805
-1.468274
-0.132447
0.111580
-0.855925
0.390105
-0.109851
0.098842
1.166792
-0.557815
0.594108
0.793546
-0.486292
-0.364750
0.460453
0.673339
-2.311029
-0.776526
0.560867
-1.057809
-0.982292
0.605816
-1.838987
0.162803
0.183577
1.176457
-0.021988
-1.431762
0.371492
-0.897937
-1.038494
-1.700997
-0.403845
-0.291917
-0.944380
1.690401
-1.407566
-0.349839
0.010545
-1.137525
0.966495
-0.279659
0.136531
-0.661260
2.544914
-0.048397
0.345398
-0.680822
-0.899827
1.893539
0.374755
0.921738
-0.644087
0.582778
0.171180
-0.380286
-1.962038
-1.610196
-1.145105
-1.843203
0.315896
1.259705
0.917116
1.668335
-0.245592
0.584140
-3.123770
0.130436
0.203058
2.020114
-1.842474
0.427035
-1.194452
0.295855
0.629717
1.050282
3.075164
1.056543
-0.935837
2.470624
0.478441
0.382040
-1.370286
0.964481
-1.105949
-0.959459
-0.562866
0.959187
0.839648
-1.214161
0.376227
-0.070797
1.658559
0.091340
1.772649
-1.001106
0.345998
0.883276
0.644002
-0.727189
0.457426
0.883081
2.151513
-0.008859
-0.946832
0.434139
-0.059175
0.427873
-0.955068
0.675112
0.650753
0.051036
-0.006584
-1.370937
0.907156
0.430601
1.465024
-0.329068
1.882979
-1.481923
1.785052
-0.211416
-0.343394
-0.008533
-1.803057
-1.833781
1.705078
-0.906823
-0.783561
1.353808
2.392904
-1.765537
-0.738946
1.996676
-0.089058
-0.362840
-0.232852
0.189809
1.078646
-0.026015
0.031603
-0.670199
-0.471319
-0.884919
-1.526018
-1.300531
0.306546
3.787969
0.399686
-0.573735
-0.415826
1.218076
-0.744412
1.020207
0.352471
-1.468612
0.459209
-0.369980
-0.925782
0.341861
-0.090998
-0.278548
-0.533532
1.459909
0.310962
0.525374
-0.562961
0.907264
-1.122089
-1.190407
-0.458449
-2.451365
-0.439852
-1.348047
0.238445
1.876618
2.215013
0.727084
-0.132175
0.889578
-0.604110
0.701975
0.327978
-1.796391
-0.575100
1.528382
0.306294
-0.260015
0.769554
-0.226466
1.062914
-0.604843
0.530033
0.370637
2.468069
-3.151268
0.229142
1.218093
-2.818233
0.564697
-0.398318
0.371931
-0.568829
-0.018521
-0.399314
0.308546
0.931978
-0.922422
-0.969317
1.896582
0.771056
-1.281708
0.874620
0.543686
-0.761613
-0.789958
-0.031315
2.325485
1.431175
-1.026126
0.122504
-2.312955
0.105900
1.057933
-0.127133
0.220222
0.801810
-0.717162
0.073291
-0.909882
-2.077446
1.160594
-0.193914
0.532696
-0.894207
0.954048
0.956088
-1.101499
-0.845777
-0.236983
0.627890
0.625823
1.150866
-3.021634
-2.249715
-0.297743
0.991782
-0.336352
-0.875670
-1.174013
-1.045529
0.234717
-0.539168
-0.454598
-0.627032
0.477959
-0.307807
1.827876
-2.641246
-2.437518
-1.481413
-0.307902
2.374373
0.230293
0.847010
-1.196055
0.040765
1.351659
-1.652861
-0.292241
0.271588
1.222368
-0.026803
1.455320
-3.237585
-1.534241
0.902435
0.705282
-0.408475
-0.373168
-0.691448
-0.738273
-0.907260
-0.526521
-0.397361
-0.845990
0.576957
-0.052851
-0.128657
0.027576
-0.084319
0.685876
0.252458
-0.597475
0.135595
0.983559
-0.146800
0.339848
1.474521
0.078878
0.873895
0.033110
0.122598
0.651510
-2.019295
0.416084
1.296398
0.373466
-0.378982
-0.306050
0.320209
0.745097
-0.144672
1.535920
-0.036221
0.577053
0.281670
1.563185
-0.071043
0.795843
-0.618576
-1.005675
0.316772
0.272796
-0.324510
2.074190
0.983666
0.744564
-0.328570
0.674522
-0.571137
-0.827386
0.824956
-1.105509
0.555639
0.226176
0.040246
0.410813
-0.973297
0.315929
0.403684
0.176289
-0.061605
-0.062298
0.241752
-0.536830
-1.818162
-0.394431
-0.766486
-1.694582
1.128150
-0.724425
-1.005376
0.161812
0.196333
2.739768
-1.266389
-0.018576
-0.603788
1.179385
-0.778660
-0.451356
-0.497840
0.986762
0.268256
1.908631
0.230196
0.626295
1.060372
-0.082523
-0.627051
-0.232324
-0.994392
-1.652785
-2.372869
0.721358
0.153715
-0.612479
-0.011752
-0.092430
-0.401273
0.457498
1.365196
1.655919
-1.005460
2.402716
0.003819
1.149989
0.084857
-0.566544
-0.298730
0.828740
0.117601
-1.894950
-0.083631
-0.122713
-0.637128
-1.949169
0.477438
-0.692270
1.701035
0.665988
-0.309023
-0.035780
-0.207018
-0.640794
-0.108755
-2.770416
0.634506
-0.315875
0.438972
1.101009
1.021561
1.224500
2.383380
-1.379547
0.515031
0.372062
-0.437366
-0.631628
-1.598329
-0.296048
-1.773384
-0.144145
0.898526
0.497723
-1.470764
-1.335451
-0.549318
0.125871
2.028831
-0.284703
-1.157216
-2.262352
1.201136
-0.135645
1.095547
-1.941602
-0.175370
-0.124041
-0.751083
-0.738958
0.412852
-0.727458
1.062374
0.843783
0.046481
1.642650
0.142931
0.001008
-1.343104
1.104562
1.152589
1.139677
-1.879263
-0.976867
-0.517298
0.037171
-0.263433
-1.605669
-0.659465
1.757239
-1.365100
0.472195
0.098421
-0.705122
-0.981037
-0.219170
0.532649
-0.492133
-0.886769
-1.210988
0.321065
0.234152
-0.421593
0.840463
0.015014
-0.360058
0.329118
0.232754
0.488630
-0.059330
-0.545701
0.377542
0.441804
0.347816
0.760930
-1.289461
0.927756
0.462474
-0.106002
0.529309
-0.744892
-0.347692
1.787004
1.228132
-0.960360
-1.925272
0.823851
1.419862
0.630967
-0.365248
1.293192
0.463255
1.516829
-0.387157
0.961512
-1.679806
-1.710740
-0.948513
0.946097
0.413841
-0.401138
-2.016846
-0.483657
-0.795650
0.541307
-1.016891
0.128009
0.913033
2.273735
1.518456
1.000111
0.405817
0.072557
0.938783
0.898339
0.387314
1.125527
0.823422
1.637976
0.371315
0.269643
0.647881
-0.425523
-0.449787
0.262530
0.572716
0.563132
0.930179
0.037283
-0.105049
0.715977
-0.780203
-0.064853
-0.932519
-0.253513
0.450180
-0.135243
-0.580655
-0.402598
-0.107052
-0.560186
0.779660
0.007997
1.466135
-0.121388
-1.336556
-0.537163
-0.804169
1.527698
-0.231795
1.022839
0.390054
0.305706
1.237759
-1.240241
-0.128957
-0.568319
-1.665435
-0.405535
0.364075
0.190955
0.413340
0.186041
-0.512259
-1.073547
2.783291
-1.796373
1.754330
-0.608592
-0.084136
-2.320138
-0.550248
-1.886010
0.252171
-0.362054
-1.511200
-1.199772
-0.334870
-2.208340
-0.067622
-0.214667
-2.385077
0.268145
-0.483773
-1.417948
0.120537
-0.837561
0.500513
-0.050019
0.429502
0.077217
0.546075
-0.602882
0.501311
0.321525
0.481775
-0.544983
0.771772
0.157001
-1.025264
-0.745542
-0.270735
0.404616
-0.743002
1.938017
0.524955
-0.244804
-0.243253
-0.823642
-0.491117
0.143397
1.064193
0.684786
-2.279102
0.200893
-0.054232
-1.024723
0.261131
-0.637067
2.172974
0.067366
-1.972501
0.137955
-0.802934
-1.291023
-0.105226
1.177242
0.708923
-1.301020
0.315406
2.665473
0.034205
-0.540914
-0.779690
-0.469383
0.298621
0.142276
0.418440
0.545314
0.140577
0.916617
-0.440888
0.852967
-0.764914
-0.253135
-0.596310
1.502922
-0.496881
-0.278485
-0.826369
-1.673581
0.860754
-0.085191
-0.955220
1.824717
0.850221
-1.090289
-0.495426
1.982810
-0.334647
-0.120709
1.104530
0.921633
0.145017
0.869032
-0.267381
-1.757270
-0.660394
0.758966
-2.104831
0.746208
0.180906
-0.223173
-1.908986
0.570729
-1.170086
1.298367
-0.382585
-1.628880
-0.918826
0.162195
1.441008
-0.726966
-1.127432
-0.936468
-0.090124
1.622130
-0.195429
0.800755
-0.035956
-0.082011
2.099684
-1.654714
1.292596
-2.942373
-2.094513
-0.736929
0.716060
-0.646397
1.170998
-1.856828
-1.452458
-0.242821
-2.133281
-1.044269
0.735369
0.004995
-2.120464
0.710752
-1.130153
-0.874794
-1.086314
0.238754
-0.031662
0.320160
0.150415
-0.019684
0.678380
0.462732
-1.091169
-0.581347
-1.107758
-0.195108
0.107994
0.739073
0.069114
-0.594865
-0.708318
-1.441834
1.040912
-2.802919
0.468538
0.464975
0.414833
0.846862
0.933035
0.050193
-0.580442
0.688800
0.493031
-2.808901
-0.531274
-2.542895
-0.026221
-2.316167
0.837203
-0.173270
-0.338953
-1.033182
0.662053
1.318220
-1.694798
0.019621
0.139565
-1.638453
0.387501
-1.759063
0.235484
-0.307279
-1.500110
1.685361
1.837150
-0.008954
0.477858
0.592792
-0.263730
1.534212
-0.872837
1.287543
-0.477251
0.303549
0.086297
0.977457
0.321251
-1.473491
-1.784572
-0.081087
0.017794
-0.207736
-0.249984
-0.465478
1.419911
0.895287
-1.217759
0.467916
-1.341852
-1.723909
-0.302513
1.715944
0.342346
1.203557
1.331142
1.923520
-1.628183
0.345401
0.672155
-0.764514
0.151832
0.901190
-0.899114
1.011237
-0.090631
1.607316
-0.846951
1.224196
-1.211654
0.533160
0.534359
0.597025
0.375360
0.009458
0.054422
-1.043937
-0.990955
0.356721
-0.873158
-0.124898
-0.916988
1.172927
-0.419944
-0.645863
0.379195
-0.465624
-0.135369
0.299132
2.014411
0.900491
2.209593
-1.119748
0.160006
-0.758241
-1.800911
0.363334
-0.374274
-0.297599
-1.489986
1.659441
0.746391
0.394458
-0.038669
-0.540231
0.552693
-2.499740
0.505707
1.707613
-1.795113
0.229790
0.126570
0.834068
-0.419243
0.599180
-0.612003
2.349000
0.752834
-0.768072
1.007361
0.546053
1.505886
-1.076802
0.825987
0.335442
1.385692
-1.226059
-1.319068
-1.616305
-0.011847
-0.938125
-0.063163
0.508596
-0.070527
0.619727
-0.190387
-0.908276
0.698959
1.000040
-0.647276
-0.502558
-0.172984
1.902316
-0.130128
0.279128
1.699664
-0.051032
3.386378
1.309447
0.793768
0.589835
-1.465706
1.301367
0.672508
0.044789
-0.406574
-0.561534
-1.083081
0.722499
0.383346
-2.280237
0.787700
-0.657108
-1.180814
-0.302936
-0.101456
-1.709660
-0.333797
0.910650
1.052610
-1.620102
-0.368524
0.044228
-1.670023
1.612407
0.320004
2.195048
-0.493243
0.402399
-1.104192
0.422192
-0.320929
-0.913372
-0.036893
1.475409
-1.318747
-0.132424
0.783345
-0.349076
-1.578653
0.105909
-0.508839
-0.539331
3.804181
-0.254404
0.404981
-0.846727
0.926158
0.259783
0.668103
-0.095111
-0.517007
0.387885
2.414997
-0.405553
-0.207740
-0.734423
-0.409461
1.255185
-1.386733
-0.783589
-0.283735
-0.862795
-0.776611
0.633760
-1.739205
1.667083
0.213591
-0.847109
0.054385
0.078179
0.166816
-3.503164
0.257540
0.382725
-0.646210
-0.517556
-0.398835
-0.145105
0.405803
-1.434256
0.302481
1.421134
0.088815
-2.632285
-0.704826
0.783960
1.638355
-0.248356
1.134773
-1.024731
-0.891807
-1.471811
-1.231616
-0.058717
-0.932429
1.648676
-0.370898
-0.396962
0.718332
-0.773506
-1.458124
-0.196421
1.370005
-0.680904
-0.038024
-1.747486
2.144692
-0.456907
-1.614547
1.545936
-1.530184
0.267493
-0.593429
-1.428489
1.481847
-0.289350
0.199435
0.372326
-0.190152
2.468740
-2.027567
-0.007597
-2.031432
2.490535
0.891939
-1.488689
0.945884
-0.824966
-1.047128
-1.922766
0.196072
-1.191318
1.539433
0.860984
-0.574952
-0.318384
1.315886
-0.024078
0.700081
-0.506222
-0.287672
1.739118
0.584580
0.206892
-1.413105
0.770035
-0.060084
-1.708829
-0.768119
-1.005867
1.413600
-0.205544
-0.845499
-1.682086
0.977425
0.953969
1.079491
-0.445938
-1.140213
-0.860409
1.614236
0.042257
0.278284
-0.160993
0.289703
0.117987
0.271169
0.356463
0.035721
1.072281
1.645682
0.019826
-1.842230
2.011740
1.101968
-0.015607
0.467640
-0.047905
2.119740
0.090270
-0.252416
0.730861
0.419954
0.157882
0.448888
-0.892256
0.115277
-0.577050
1.075374
0.850139
1.015310
-0.521378
0.972439
-1.120280
-0.845864
0.867198
-0.101802
0.810637
-0.711236
-1.079687
1.529989
-2.187044
0.884341
0.772167
-0.171405
-2.372994
0.012223
-0.496376
-0.579616
-0.083705
0.079211
0.241649
0.642813
-0.572625
0.467666
-1.117455
-0.336281
-0.523367
0.377619
-0.222448
-0.048691
-0.849876
-1.399642
0.285632
-0.100100
-0.360274
-0.180661
0.323187
-0.532686
0.837589
0.340280
-0.995890
-0.233971
0.560634
-0.492500
-0.008005
-0.938535
-0.210954
-0.480621
-0.753954
-0.437501
-0.809529
-0.292931
-1.141985
-0.686418
1.266974
1.255214
0.440779
0.035332
-0.951656
0.835726
-0.820753
0.002734
-0.433890
0.687116
-0.588316
0.441064
0.117078
-0.899379
-0.069723
-0.028028
-0.465277
-2.532139
-0.077990
0.337734
-0.463395
-2.102989
0.797547
-0.118307
-0.512436
-0.114307
0.548132
0.096254
0.877246
-0.163647
0.131954
-0.788082
0.071696
-0.816843
0.508141
-2.789243
0.586395
1.451969
0.022028
0.940037
0.742660
0.297814
-0.081336
0.711602
0.016092
-0.333730
-0.825705
-0.332932
-0.194745
-0.120392
0.270713
-0.269307
0.266036
-0.655420
1.430572
-0.466007
-1.771140
0.055866
0.250728
-0.851418
0.442526
-0.728406
0.473133
-0.079264
-0.504763
2.134809
0.404827
0.896154
-0.414360
1.056525
-0.184174
-0.504258
-0.401325
-0.399257
-0.060196
-0.189596
-0.414077
0.325194
-0.341632
0.590873
0.149641
0.253637
0.099834
0.079473
-0.168830
0.000605
0.209401
0.065099
0.087302
-0.056727
-0.119106
-0.085404
-0.602413
-0.240845
-0.050181
-0.184888
-0.191333
-0.287317
0.343880
0.104365
0.175998
0.473330
-0.103514
0.341708
-0.498096
-0.619564
0.428216
-0.286139
-0.523816
-0.792749
0.078199
-0.629774
-0.209717
-0.082942
-0.008939
-0.040868
-0.479625
-1.631191
-0.383685
-0.626243
-0.452839
-0.095846
-0.309515
0.521245
-0.332611
-0.181591
0.299434
0.152932
0.550547
0.036327
-0.112607
-0.097559
0.016262
-0.577742
-0.282450
-0.372392
-0.365053
0.567111
-0.259378
-0.240116
-0.252467
-0.153200
-0.172035
0.100705
-0.188940
-0.716695
-0.540777
-0.257484
-0.236476
-0.350740
-0.317569
0.273031
-0.029585
-0.877222
0.488173
-0.118751
-0.108888
0.198478
-0.357336
0.227628
-0.136237
-0.480876
0.095570
-0.161190
-0.039111
-0.253157
-0.101775
-0.063350
0.452016
-1.543847
0.534617
0.196294
0.157222
-0.024878
-0.152032
-0.093444
-0.430613
-0.024635
0.134412
-0.123214
-0.202373
-0.118902
-0.418694
-1.023167
0.541093
0.080164
-0.128184
-0.638743
-0.092243
-0.481816
0.145749
-0.392646
0.561441
0.071258
0.462442
-0.351324
-0.204926
-0.090979
0.370135
1.167341
-0.594734
0.211048
0.961438
0.362159
1.222563
0.436698
0.958088
-0.949686
-0.374181
-0.616867
1.498664
-0.054223
0.329841
2.370960
-0.807603
-1.113306
-1.907026
0.291052
-0.385988
0.578985
0.646066
0.045376
2.406299
0.409151
0.225405
-1.190433
2.022193
-0.498436
0.540379
0.043802
-0.481356
1.200791
-1.130644
0.307276
1.690809
-0.487840
-0.763169
-2.213760
0.006261
-0.322829
0.291482
-1.889821
1.168014
0.615687
-0.432376
-2.104684
-0.261524
-0.698959
0.474636
0.396762
-1.829554
0.089175
0.553062
0.421433
1.084930
-0.961381
-0.563781
-0.235699
-0.717798
-0.746419
-1.870841
0.546513
1.039918
-0.476993
-1.254841
0.380400
0.603104
1.654520
0.711622
0.482344
-0.465508
0.425808
1.396198
0.180329
-0.030911
0.240626
-0.043074
-1.215694
0.661336
-1.273045
-1.327124
0.804397
-0.698970
-2.219337
1.810432
-0.014683
0.210489
-0.035804
-3.014408
0.137627
-0.153993
-1.286921
0.559315
-2.520996
-0.012686
0.434389
1.060987
-1.257485
-2.201328
0.430368
-0.382087
1.089368
0.106011
0.501787
1.597474
-0.073895
-0.996817
-0.823161
-0.398421
-0.579841
0.067902
-0.013251
-0.372891
-1.619274
0.709339
-0.112883
0.010362
-0.762881
0.269968
2.214956
0.578358
-1.032691
-0.702974
-0.133101
0.484072
-1.453461
-1.034461
-0.748615
-0.283995
-0.048672
-0.618642
-2.584694
2.012611
0.762394
-0.317852
-0.983280
-0.919187
0.986457
-1.306479
-1.415468
-0.421978
0.317066
1.566618
-0.029425
-1.697191
-0.178258
-0.526908
1.345423
-0.246083
0.357377
-1.284433
-0.400123
0.149877
0.086089
-0.223537
-0.130226
-1.027403
-0.456602
0.550151
1.200581
-0.148418
-0.452690
-1.312822
-0.402787
0.509676
0.377458
0.301278
2.083301
0.114775
0.787444
-1.588659
-0.700687
-0.949013
-0.699049
-0.310991
0.365052
-0.831983
0.970750
-1.017194
-0.653249
0.506981
0.043632
-1.158881
2.810076
0.184256
-2.851097
-0.086232
-0.954309
-0.209640
-0.695648
-0.722771
0.393766
-0.904141
-0.962659
0.178806
0.597052
-1.823221
-0.510375
1.566085
-1.205285
0.912958
0.800688
-0.458221
0.607326
0.268924
1.148885
2.349758
-0.414361
0.770224
-0.302037
-1.220717
-0.812252
0.264774
-0.558654
-0.990472
0.169272
-2.199014
-0.288300
-1.452550
0.354991
-2.141868
-1.489809
0.259798
1.770654
0.249249
-0.722641
1.013712
0.318097
-0.558489
-0.295323
-0.937765
1.303604
-0.669775
-0.454833
1.091831
-0.473265
0.158411
-0.828739
-0.583578
1.160534
1.784080
1.359527
-0.064244
0.110879
4.159407
0.837026
-1.769043
0.843189
0.375473
-1.334752
-0.333923
-0.116100
-1.004730
-0.837894
0.507084
1.163357
-0.032114
-0.746038
1.146786
-0.548468
0.328281
-0.373195
1.109771
-0.256713
0.410808
-0.714318
-1.295626
0.065617
0.417430
-0.051984
0.626645
-0.059320
1.114049
1.641961
-0.909533
-0.376615
-0.903179
0.245276
0.928986
1.451556
-0.827635
1.788299
0.286545
0.183531
0.899141
-0.968407
-0.322367
1.734908
0.078913
-1.663428
0.207256
0.367361
0.113567
0.539387
-0.233116
1.427699
0.547631
-1.120877
0.343320
0.266390
-0.972826
0.152296
1.087972
-0.124139
0.736375
2.243630
-1.075985
-1.615032
0.177165
0.037383
0.544772
-0.440090
1.847653
0.356788
0.929337
1.164605
4.007582
0.804735
0.169968
0.451370
0.927906
-0.023356
0.633252
0.162600
0.986168
-0.334852
0.519852
0.593076
-0.101658
0.907082
-1.257017
0.271844
2.520354
0.178909
1.163235
1.141642
-2.262079
1.284202
-2.357106
-0.109159
0.296135
-0.970009
0.514908
0.055188
0.239620
0.752926
0.329957
0.954377
0.507035
1.256703
-0.068707
0.236375
-0.449586
0.685117
-0.174262
0.208768
-0.549913
-1.467337
-2.055665
-0.169401
-0.233455
1.106979
-1.014697
0.677324
-1.062513
0.806005
0.485935
-0.053016
0.889637
0.217485
0.445476
0.007844
0.410705
-0.109348
-0.297996
1.935757
-0.455226
2.056087
2.076809
-0.851298
-1.260323
-0.173916
0.433670
0.025536
0.884887
-1.148283
0.479914
1.064187
-1.858398
-0.508481
1.258140
-0.316826
-1.077092
-0.041967
0.049519
0.249612
0.780264
0.075521
-0.694232
-0.319676
-0.109971
-0.069265
-0.625262
0.501095
0.999197
-0.811546
-0.505657
-0.195920
-1.778174
1.014713
-1.719531
-1.242484
0.129013
2.301641
-0.751878
-1.505951
-2.667475
-1.080816
-0.467117
-1.497323
-0.660941
1.115250
2.056706
0.721162
0.093410
1.468832
0.439273
0.627538
1.237372
-0.612368
1.732340
-1.330228
0.985742
-0.371396
0.132062
-2.573247
1.036982
1.321210
0.191643
-0.106126
0.911524
0.032277
-0.895850
-0.337594
0.892185
0.576537
-1.968927
-0.372749
-1.351558
0.236959
-1.740855
-2.759490
-0.060987
0.051910
-0.173621
-1.801869
-0.302730
2.717936
0.298012
-0.217173
-0.704099
-0.461065
1.157014
1.114496
0.945942
0.082974
-1.511154
0.460843
-1.943207
0.210847
0.018584
0.425470
1.519830
-0.156175
-0.438492
0.527971
0.634979
0.962688
0.360869
-0.987137
-1.312196
0.158900
-0.521572
0.070750
-0.189072
0.957504
0.747226
0.973462
0.056500
-2.121747
-0.675700
-1.501883
0.782524
-0.895246
0.773449
1.292649
1.717366
-0.512432
0.197274
0.346881
-0.148390
0.290653
-0.016026
-1.282805
0.202422
0.848659
-0.550973
1.008697
-0.335656
2.761532
0.166869
-3.150064
0.788211
0.297177
1.337251
-0.738349
0.960054
0.096827
-2.324439
1.753096
0.834377
0.355032
0.172146
2.074475
0.473870
0.231731
1.409707
0.451946
-1.072485
1.116953
-0.753761
0.189735
-0.833492
-1.193305
0.959580
-0.290320
1.143040
-0.320153
0.233937
0.284157
0.417149
0.900988
-3.160109
0.004310
0.177805
-0.784183
0.307088
0.559715
1.540168
0.501388
-0.090707
-1.725207
-1.639081
0.592653
0.675261
0.048369
-0.405890
1.568701
0.369024
-2.894635
-1.211927
-0.501768
-1.407629
-0.035987
0.350421
-1.587376
-1.325302
1.120509
-0.101614
0.194165
0.062995
-0.705825
0.726349
-1.113637
1.724003
0.746748
-0.821579
0.295691
-2.840976
0.619795
-0.055382
0.240249
-0.099720
-0.261144
-0.430039
0.644723
-0.606270
0.392272
-0.114746
-0.081942
-1.499022
1.044257
0.616905
-1.993041
-0.483200
-1.589713
-0.790032
1.204792
-1.514513
1.705666
0.043627
1.394275
0.384605
0.017399
-0.432480
1.537895
-0.478827
-0.143855
-0.446156
0.953687
-0.850545
-0.688522
1.232477
-1.251201
-0.307495
-0.177961
0.254291
0.758607
0.003492
0.426239
1.611692
1.448154
2.138019
-0.040279
-0.399139
-0.736084
-1.296608
0.211316
-0.629694
-0.826481
0.242493
-0.493084
0.116669
-0.324761
0.540670
2.288307
-1.404886
-0.831138
-0.639634
-0.875971
-0.504376
1.122645
0.495028
0.881566
-0.530081
-0.060064
-0.061852
0.587816
0.340226
1.704933
0.252315
-0.048312
2.209014
-0.699093
-1.862369
1.683393
1.652432
0.191748
0.666205
-1.090550
0.073730
1.938619
1.058219
-0.036616
-0.893770
-0.752842
-1.350010
-0.020935
0.020154
-0.386630
1.356280
-0.623239
-0.973605
-0.216715
-1.524721
-0.186400
0.535918
0.088603
-0.939703
-1.775012
-2.373074
1.837197
0.088526
-0.754992
-1.186850
-0.677410
-1.554809
0.269604
-0.184077
-1.025682
-0.067552
0.598098
-0.094847
0.034764
-0.354762
-0.796050
0.844395
0.899024
1.994560
-0.160218
-3.456588
0.221585
-0.362021
-0.390629
-0.772678
-0.753873
-0.499822
0.526908
1.042637
0.917518
0.292756
0.155116
0.299027
0.811373
1.248278
0.164997
-1.153557
0.778709
0.968495
-0.175894
0.468274
-2.146177
-1.047663
-0.238168
1.152816
-0.330770
-0.838960
-0.341430
-0.058955
0.076612
0.040540
0.708680
1.849541
0.389700
0.554473
1.642614
1.884634
0.702702
0.340291
-0.835840
1.701889
0.186794
-0.695797
-0.232816
-0.885369
-0.904039
0.323559
0.089019
0.713449
-2.830914
-0.225754
0.536741
1.247507
0.339045
-0.240809
0.358081
1.996558
-0.208316
0.555918
0.967734
-1.426625
-0.654914
1.925592
0.510874
-0.930950
1.147205
1.538854
-1.146655
0.087706
-0.239625
0.491791
0.159647
-0.488178
-0.895815
-0.687012
0.029947
-1.052756
-0.712536
0.206426
0.452103
0.266654
0.135096
-0.010216
0.238765
-0.317823
-0.997409
-0.560210
-0.192591
0.238522
0.804503
-1.333379
-0.122131
0.330059
-0.788838
0.536181
1.011467
-1.371027
0.778380
1.093306
0.556292
0.089565
0.267954
-0.091549
-0.872991
0.746500
-0.824941
1.298414
-1.188975
-1.425900
0.473167
-0.207792
0.372836
-1.345690
0.962329
0.364246
0.325550
0.507447
-1.452666
1.037614
0.708294
0.517227
1.018467
-0.040580
1.445042
0.933769
-0.924834
-0.658830
-0.802821
-0.578591
-1.616974
0.831349
-0.590133
0.392152
-3.543086
-0.056520
-0.583766
1.600467
-0.402776
-0.563794
-0.095004
-0.282678
-0.543230
-0.899675
0.444465
-0.443581
-0.407211
-1.705556
-0.168239
-0.197102
-1.251336
0.227996
-1.274130
-0.452934
0.313484
-1.462180
-1.782098
-0.465582
0.418200
0.411998
1.869579
-0.847719
0.315168
2.054839
0.555029
0.045786
-0.464554
0.104335
-0.155734
1.106947
0.004830
-1.915741
0.205501
0.729972
0.073732
0.688922
-0.724872
-0.961642
-0.972499
0.840099
-1.321552
0.828730
-1.636643
0.380367
-1.827959
-0.521238
-1.003173
-1.145837
-0.172605
0.235157
-0.067037
-0.982062
0.406866
0.092714
1.155311
-2.853184
-1.625155
0.381385
-0.717651
-1.588111
-0.740847
-1.133241
0.071927
-0.122885
-0.815228
-0.183279
1.854533
-1.189983
1.896300
-0.664671
1.920991
0.595084
-0.583407
-3.147976
-1.515722
0.689904
-0.769624
1.095857
-0.245832
1.036366
-1.363128
-0.383498
-2.525250
0.673700
-1.578997
0.749611
0.000943
-1.457306
-1.537174
1.066358
-0.815939
0.471543
-0.131156
-0.319489
-0.015695
1.458366
0.628670
-0.871156
-1.168534
0.614416
0.781964
-1.800095
0.685251
0.031675
1.351040
1.773739
0.347200
0.217903
-0.509039
0.121108
1.288856
-1.026857
-1.022024
-0.846332
0.006395
-1.139763
-0.753672
1.566523
0.332780
0.368540
1.237143
-0.112682
1.871302
-0.725046
0.017096
1.469826
-0.006791
0.817725
0.540598
0.225753
0.647826
-1.081300
-1.040563
0.123492
0.247022
-0.601906
0.174928
2.030713
-0.049155
-0.214589
-2.267445
-0.793471
0.408687
0.352303
2.365413
-0.646132
-2.081283
0.595382
1.146467
1.317723
0.357104
-0.360170
-0.651832
1.219003
0.165331
0.147590
0.317608
1.030028
-1.395356
0.311681
0.432595
-0.799188
-0.327438
0.972229
-1.230799
-1.067236
1.383352
0.714531
-1.100275
0.399468
0.252812
0.086502
0.117893
-0.387782
1.262488
-0.052775
0.617383
1.366439
-0.013162
-2.219617
-0.015236
-0.908691
1.303831
0.846609
1.550431
-2.407974
0.125420
1.119836
0.302080
-1.384577
2.559977
2.850264
-0.109946
1.407734
-1.986761
-0.500109
0.934216
0.673792
-0.347731
0.025150
-1.018235
-0.389651
-1.090777
-0.438557
2.183362
1.135441
-0.773962
-0.763260
-1.404029
-1.080028
-2.582695
2.941130
1.118023
1.808293
0.050676
0.796233
0.927647
-0.685703
0.676004
-0.055619
-2.131796
0.253316
-0.708785
2.626254
0.705885
0.256303
-0.291416
1.163829
0.148299
0.416266
0.464113
-0.452963
-0.314816
1.580050
-0.881350
-1.395707
0.266818
1.466667
0.585361
0.045106
-0.162395
-0.854523
-0.073159
-3.262254
-1.085804
0.113187
0.103506
-0.984480
-0.627744
1.399693
-1.579970
1.453955
-0.098532
1.042308
-0.398841
-1.425396
2.916504
-0.825091
0.483877
-0.324330
0.214582
2.242779
1.896592
-0.115043
-1.164982
0.322033
0.092960
-0.732488
-0.974155
0.426408
0.794351
-1.130307
-0.129609
0.898134
0.498757
1.030815
-1.501794
0.138875
-2.144113
-0.717202
1.375932
0.630282
0.136910
0.813545
-0.285993
1.363795
-0.473384
0.659499
-0.261184
0.704731
0.410518
0.862396
-2.698789
-0.247151
0.100248
-1.154312
0.010189
0.350123
0.321382
1.328488
0.529199
0.856812
-0.201955
-0.494176
-0.656923
0.403573
-0.111877
0.344062
1.746977
-0.752594
-0.164445
-2.386289
2.043196
-1.767182
0.459881
2.979731
-0.308409
-0.464424
0.412129
1.874740
-0.191120
-1.541224
-1.957452
-1.085570
1.261265
-1.261168
-1.177624
-0.520427
-0.706458
-0.139122
-0.861390
0.290208
-1.434865
2.523743
0.364518
0.262331
0.552558
1.761813
1.146714
0.557149
1.414218
-0.294757
-1.338495
-0.543526
-0.374069
0.305969
0.498510
0.455864
0.504805
-0.066678
0.505569
-0.581471
1.054507
-0.157951
-0.775894
1.057944
0.460343
0.759110
-0.103833
0.383514
-0.206643
-0.440178
-0.266042
0.182768
-1.077458
-0.647086
-0.910814
-1.848500
0.754866
-0.463402
-1.076726
-2.424775
-0.467091
0.210089
0.964805
-0.493856
-0.112320
0.462384
-0.391270
0.793749
-1.525337
0.945521
-0.809242
1.346582
-0.767300
0.875167
0.556696
0.232023
0.344356
1.095546
0.652063
-1.500611
0.174936
-0.038693
0.307712
0.663099
-0.346774
1.542315
-0.236327
1.681281
1.102080
0.791618
0.981344
-0.360017
0.454417
-0.935503
-0.373418
1.481776
-0.467196
-0.244779
-0.072104
0.708261
-0.431700
1.087101
-0.524384
0.087436
-0.234321
-0.151885
0.035519
-0.050580
0.578268
0.901743
-1.344990
0.647914
0.665116
0.787841
-2.505911
-1.255172
-0.132697
0.052820
-0.656434
-0.980900
0.736481
-0.303336
1.603819
0.252900
-0.479435
-0.215070
-0.340009
0.126748
0.609783
-0.977071
1.270421
-1.765831
-1.526295
-0.759672
-4.348421
-2.023868
-1.364438
-0.315649
-0.939456
-0.668832
0.502182
-1.822033
-1.160250
-0.165141
0.416478
-1.523279
-0.007009
0.145486
-0.471580
-1.059384
-0.054824
-1.549623
0.038448
1.012153
0.299402
-0.113978
0.443633
-1.912436
2.027715
1.633994
0.327086
0.536330
-1.940961
-0.390496
0.847411
0.885752
-0.185671
-0.441077
-0.556541
0.084083
-0.837191
0.846448
1.879701
0.204214
0.905121
-0.217253
1.018533
-1.011560
0.149705
0.021074
-1.127646
0.209755
0.341727
0.302719
-0.486470
1.472289
-1.537329
0.088231
0.722975
0.093302
-0.794367
0.619583
0.907056
-0.697603
-1.165941
0.787435
2.659567
0.754483
1.039184
-1.111095
-0.112054
-0.114119
1.531227
-1.315583
0.677366
-0.495704
0.404879
-0.634459
-0.410825
1.824029
-0.123899
-1.091387
-1.321978
-3.033953
-0.080280
0.576275
0.645047
-0.597403
-0.065620
1.002488
-0.327515
-1.008891
-0.193384
0.037386
1.148620
-1.902234
-0.151073
3.027977
-2.592309
0.485054
-1.099158
1.512064
-1.354775
-0.166560
0.919599
0.741039
-0.448254
-0.938619
-0.018094
-1.917046
-1.643307
-0.284776
-1.792254
-0.672995
-1.162080
0.135512
0.643665
-0.514689
-1.278655
-2.444087
-0.082537
-1.870665
0.930657
0.140419
0.716290
-1.971400
1.257722
-0.130795
0.718455
1.636808
0.458134
-1.527452
-0.526496
-0.323383
-0.323776
-0.057583
-1.281094
-1.006611
1.076358
-2.045739
-0.067607
0.331609
-0.672976
-0.403722
-0.501013
0.116266
-0.868078
0.003703
-0.683115
1.144316
0.525821
-0.182418
0.045168
-2.155954
0.814461
-1.637902
0.586374
-0.022200
0.592692
-0.675182
-0.964343
1.577579
0.154415
-1.632862
-0.399040
0.006923
2.158313
0.265871
-1.626638
-1.084378
0.521429
0.417507
-0.360283
1.387052
1.116816
-1.906911
0.555677
1.434697
1.579914
1.411911
0.413867
-1.260216
-0.308487
0.000576
0.527507
0.022859
0.103522
-1.342927
0.818187
-1.269912
-2.599271
0.605962
0.094390
0.348097
0.005095
1.327959
0.232321
-0.208591
1.069343
1.107093
-0.314410
2.435965
-0.711970
0.244411
-1.096235
0.549798
-0.138024
-0.221609
-0.448541
0.608994
-1.911369
0.938584
-0.035412
1.671095
-1.158274
0.535535
0.151035
0.589618
0.457138
0.275097
0.992505
-0.511090
1.067383
-0.352920
-0.829343
-0.661765
1.313610
-0.434636
1.120188
-0.026191
-0.760766
0.515885
-0.636013
-0.221657
0.567026
-1.174127
-0.144390
1.042452
-0.128223
-0.850272
1.443044
0.631269
1.444426
-0.899124
1.628053
0.727627
0.168749
-0.652650
0.620591
1.546115
2.043284
0.704680
-1.824526
-1.597445
-1.308938
-1.378723
-0.404433
-0.165960
-1.201989
0.042869
0.879940
-0.535958
-1.245042
-2.430887
1.595903
-0.285253
-0.148351
-2.205814
-2.991825
0.016404
-0.966028
-0.591772
-0.425751
-0.864128
-1.952561
-1.221076
0.080022
-0.018128
-0.543865
1.337710
-0.910821
-1.551304
-3.080333
-1.194558
-0.442427
-0.924215
0.320184
0.401178
-1.068212
0.489180
-1.252774
0.360370
-0.777203
-1.093832
-1.079002
-0.031578
-0.339650
4.000548
0.626355
-0.924857
-1.082383
0.983009
-0.169462
1.012268
-0.988341
0.407034
-2.031752
0.293328
-0.132124
-0.916621
1.220533
0.896732
-1.135755
-0.324878
-2.538084
-0.244148
-0.363292
-0.656272
-0.262895
-1.674187
-0.625246
-3.395870
-0.232293
-2.157789
1.287297
-0.283324
0.156719
-0.177238
-2.278929
1.140012
-0.879356
0.019948
0.356928
0.051919
1.505968
-3.661931
0.818426
0.337703
-0.861908
-0.803672
-1.167022
-0.401442
-0.563595
-0.828242
-0.662143
0.590283
-0.120959
-2.729508
0.777616
0.879551
-0.344760
0.750675
-0.698787
-0.166882
1.326013
-0.870001
-0.724302
-0.345158
-0.661745
2.046041
-0.347821
-1.574052
-1.694732
-0.674774
0.253292
-0.506633
-0.946697
-0.863350
1.676569
0.441644
-1.581911
2.272559
0.404585
-0.970784
-1.027680
-0.395279
-0.497247
-2.211014
-2.545474
0.170729
-0.938331
-0.700413
2.060834
-0.205834
-0.053224
0.495294
1.310580
-0.791829
0.560755
-1.702049
-0.348311
0.790494
-0.960229
-1.558810
-1.277279
-0.229961
0.777857
-0.036393
-0.231882
0.336179
-0.939881
-0.041873
-2.599509
2.155496
-0.779065
-0.953102
-0.046359
-0.491022
0.583346
0.848984
1.241645
-0.393778
0.425436
0.677068
-0.319103
-0.086040
0.872851
0.697083
1.336203
0.390317
-0.989418
-0.034436
0.247308
-1.217935
0.476098
1.357236
-1.124958
-1.579421
-0.585849
-0.484656
1.049536
1.607318
-0.894781
-0.037768
-0.401636
0.430191
-1.161288
-0.520835
0.390889
-0.325367
-1.532167
-0.347486
-0.156551
-0.058057
0.333639
-0.303011
-0.017196
0.419961
1.393222
-0.621790
-0.459081
-1.517229
0.210839
1.718875
0.182989
-0.671755
-0.145769
0.806381
0.409009
1.972640
-1.239014
-1.653437
0.266446
-0.241225
-0.980663
-1.828255
0.980527
-0.820199
0.270472
0.242815
-0.056093
0.916500
-1.169804
1.154217
-0.796513
0.602196
0.709962
1.942970
0.408694
-0.789191
0.399131
0.629662
1.196840
1.303239
-1.255717
-0.202321
1.911856
0.209162
0.013286
0.747947
0.760949
-2.926649
-1.546022
-1.157322
-0.638558
-0.549996
-0.783050
-1.549888
0.717958
0.898423
0.183417
-1.061954
0.421421
0.818241
0.600406
0.223663
0.558510
0.783964
-0.114232
-1.523153
-0.412608
0.079556
-0.465229
0.209338
0.419849
-0.894875
1.344263
-0.439288
-1.140486
-0.216968
0.485955
0.640157
-0.165661
-0.525555
-2.418483
-0.977876
0.186299
0.360759
-0.455934
-0.410607
-0.286866
-1.667443
-2.377601
-0.557804
0.272354
-1.528648
-0.500761
-0.854073
0.113579
1.868994
0.849659
-2.176854
-0.535602
-1.149327
-0.209468
0.202273
-1.221093
1.479670
1.849150
0.460026
-1.517042
-0.569333
0.274494
-0.059736
-2.660147
-1.792262
0.422661
0.551241
-0.414295
1.422752
-0.091889
-1.741132
0.197981
1.677585
0.549987
1.577830
-0.783479
-0.863938
-0.451924
0.388202
-0.678166
-0.223642
-0.859861
1.360765
1.154145
0.664976
-1.736946
0.253004
0.627404
-1.086946
-1.079881
1.553066
1.019796
-0.937048
-0.809138
-1.309474
-0.470328
0.094209
1.074805
-0.700048
-1.146622
-0.607227
-0.784568
-0.792381
0.179667
0.922214
0.520663
-0.612923
1.402369
-2.104184
0.615061
-1.371951
0.747174
-0.534560
-1.222080
1.941733
-1.648468
-1.576764
-2.444223
-0.423385
0.065759
-1.097278
0.344683
-0.783222
-0.916753
-0.172691
-1.261602
0.658206
-0.611417
-0.650392
-1.595460
-0.638196
-0.490697
-1.615934
0.420273
-1.249314
1.337667
0.665325
-0.717952
-1.009494
-0.397566
0.087961
-0.511107
1.066000
0.550515
-0.938967
1.330632
-1.058428
1.690843
-0.055653
-0.114974
-0.815488
-1.771692
-0.480152
0.325990
-0.561486
0.240541
-0.949267
-0.861229
-1.003154
-3.373205
-0.513086
0.860610
1.195711
0.362972
-0.650352
-1.558316
-0.005885
0.606871
1.343375
-1.545379
-0.204359
0.244794
-1.066095
-0.874553
-1.905593
-1.236632
-1.345078
0.022424
-2.489928
-0.333648
-0.670440
0.836260
-0.784969
-1.769416
0.720835
1.385558
0.295461
-1.320734
0.873332
-0.301922
-1.440942
-2.101241
0.055569
0.637319
0.754573
-1.074151
-2.146012
0.740476
-1.034939
-0.187924
-1.212777
-1.168801
-0.756726
-0.935186
0.737073
0.156842
0.643249
1.252702
0.746076
0.470256
-0.478021
-0.238683
-0.190067
-0.706001
-0.929377
0.405875
-1.176550
-2.599275
1.496022
0.001322
1.346322
0.918639
0.539903
-2.709733
-0.361905
1.205853
-0.366638
0.632303
-0.770368
-1.558899
-2.089248
-0.448910
-2.855186
-1.799184
0.198113
-0.116001
-1.447792
0.756083
0.890427
0.282374
-2.449054
0.725706
-0.318365
-2.161119
-1.993533
1.326481
-0.759610
2.569552
-1.044000
0.567291
1.867342
-0.557104
1.242938
-1.625749
1.009191
-1.834859
2.523951
-2.534853
1.134606
0.093911
-1.520434
-0.387559
0.394750
0.507817
-2.009282
-0.226713
0.268952
-0.575930
1.240798
0.179450
-1.885424
0.670955
-0.727015
-0.673688
-0.619089
-1.081136
-0.757022
-1.195517
-0.565925
-0.738114
-0.010643
-0.135291
-0.466337
1.312903
-1.286073
-0.719683
-0.816061
1.981935
-0.532651
-0.606723
-1.019973
-0.836725
-1.650892
-0.444683
-1.574674
-0.735733
-0.407351
1.755262
-2.210092
0.725325
-1.016508
-0.638452
1.261325
2.848534
-0.066050
-0.358362
2.726249
-3.220333
0.650606
0.065746
-1.428622
-1.767091
-1.241918
-0.537469
0.010587
-0.018568
-0.292970
-0.044936
0.674509
-0.195799
-0.680678
0.653585
-1.542453
1.498875
-3.539331
-0.672055
-1.306441
0.627300
-1.895035
0.833591
-0.672285
1.256556
-1.127831
-1.957039
0.555625
-0.905208
0.691319
-0.065979
-0.137438
-0.888495
-0.485163
-1.574299
-0.512856
-1.267108
-3.212894
1.200494
0.019429
-1.157838
-0.902467
-1.028235
1.154377
2.198087
-0.313343
-0.062008
-0.723674
0.670405
2.018404
0.027324
-0.228825
0.105541
-0.303015
-0.341415
0.037395
0.842224
0.945845
0.141129
-0.011941
-1.593897
1.949368
-0.153385
-0.016036
-0.746675
-0.758595
0.152904
0.193837
-0.981938
0.201760
1.095340
-0.471423
-0.772515
0.930063
-0.195528
0.249907
-0.719235
0.283430
0.493818
1.576410
0.255110
-0.696690
-0.946477
-0.081639
0.518549
-0.037355
0.411242
1.200866
-1.451426
1.303232
0.087547
-0.029372
-1.751685
1.252760
0.622763
0.627498
-1.018284
-1.931130
-2.223275
0.107725
-0.815771
-1.804397
0.093396
-0.219578
0.231498
-0.618974
1.199950
-0.691943
-0.435553
-0.974909
2.173524
1.104753
-0.374307
-1.872170
-0.309764
-0.925432
0.939544
-3.066180
-1.044593
-0.677598
0.452658
1.587283
0.500555
-0.575304
0.143247
-0.103302
0.495688
-0.675876
1.431136
2.120628
-0.936833
-0.754016
-0.352957
1.380779
-0.567878
0.790073
-2.026789
2.666014
-0.406505
-0.027421
-0.142420
0.912938
-1.823925
-0.399192
0.404921
1.488991
-1.818897
-1.314502
0.116728
-0.902131
-0.900133
0.376473
-0.110715
-0.299891
-2.243901
0.117475
-0.630933
1.411268
1.185494
-0.936834
-2.334875
0.928369
1.307709
1.156191
-0.305228
-0.300977
1.291964
-1.425690
-0.612950
1.792819
0.051682
0.686529
1.542660
-0.834002
-1.019825
0.555151
-0.205342
0.262118
1.850376
-2.306437
-0.892893
-1.707374
-2.062849
0.892672
0.520675
0.280841
-0.873475
-0.019666
-0.329358
-2.380920
1.806632
-0.810705
-2.000725
0.292543
0.846094
-0.777066
-0.487530
-0.571878
-2.045947
-1.011752
0.157467
-1.831009
0.656840
0.542764
-0.488552
-1.113786
-0.787158
-0.365269
-1.674095
-1.567635
-0.369604
1.025458
-0.101471
1.725195
0.334093
-2.086151
-0.415534
0.438453
0.235563
-1.161464
0.082197
-0.380491
-0.450253
-0.967378
-0.174774
0.336155
0.561287
-0.357330
-1.177438
1.649257
-0.015516
-0.388237
1.061846
0.537825
-0.466978
-1.062959
-1.391896
-2.393184
2.373399
0.450430
-0.303358
-0.639781
-0.527502
-1.039871
-0.951934
-0.156386
0.137651
-0.514447
1.458760
-1.451895
0.345983
0.943254
-0.169659
1.097781
-1.717520
0.316988
-0.220828
0.357001
-0.892173
-1.735351
-1.125034
1.561119
0.297026
-0.241163
0.225813
-0.648959
-2.945342
-0.468605
0.218389
0.451078
-0.257938
-0.657195
0.180351
0.678389
-0.259407
0.860451
0.193297
0.315258
-0.264505
-0.300879
-0.542881
-0.598642
-0.964300
-0.657343
-0.227984
0.690932
0.341826
-0.469455
-0.353497
0.244978
-1.021120
1.614288
0.650532
0.228147
1.303141
0.424094
-1.068662
0.005550
1.123269
0.876862
-0.041794
1.895383
0.524713
0.269724
-1.455514
-1.065739
0.687872
-0.654923
0.079711
-0.051419
0.862258
-1.065483
2.055165
0.457007
-0.063257
-0.681396
-0.253935
2.250362
-0.320632
-2.100975
0.859235
-0.783178
-3.590675
1.739333
-1.170975
-2.644620
1.398411
-0.424677
-1.123207
-2.129753
0.530845
-0.189136
0.137503
-0.542860
-0.997267
-2.201182
-1.569611
0.677223
-0.214598
-1.653504
1.522365
-1.331526
1.374848
-0.292878
-0.170713
1.508498
1.197811
-0.749775
0.709477
-0.240285
0.712181
-1.501894
-0.224856
-0.475303
0.571065
-1.374088
-1.441169
2.010709
0.796191
0.718362
0.369297
-1.559063
1.166748
-1.460099
0.276612
-0.707687
-0.634368
0.478783
-1.178398
-0.614540
-1.787804
-0.696157
-0.860918
-0.664603
0.289171
-0.573541
0.640518
0.778944
-0.333287
-1.240156
-1.312034
-0.926863
0.306918
0.902630
1.866330
-0.834630
-0.504975
-0.649894
0.101737
0.101805
1.526625
-3.095427
-0.004896
0.736811
-1.021303
-0.922425
-1.411700
-0.898573
0.709921
0.626355
-2.060951
-1.188130
-0.196690
-0.005685
0.318302
-1.363378
-0.139398
-0.563161
0.248446
-1.058989
-0.876502
1.009113
-0.653400
-0.886380
-1.668784
1.111823
-1.861668
-2.831402
0.823096
-2.794616
-0.558933
0.910278
0.514250
-0.021049
-0.850390
-0.284116
-0.658171
0.954498
1.216308
-1.345425
0.144396
0.731858
0.622158
-1.613358
-1.294344
-3.115574
-3.271603
0.568937
0.020299
0.816233
-1.464184
-2.645223
1.699750
-1.317352
0.256950
-1.493261
-1.770455
0.293057
-0.394221
0.860112
-0.476409
-1.091214
-0.173970
-3.041258
-0.617172
0.267401
-0.426269
0.575182
-0.994701
0.679390
1.164789
-0.643613
-1.297630
-1.507188
-0.354847
0.176877
-0.598916
0.285367
0.610455
1.845631
0.108860
-0.944766
-2.981842
2.391319
0.780619
-0.958962
-2.373111
-1.390756
-0.486648
-0.583334
-0.677852
0.611761
0.554255
-0.062314
-0.614511
0.544794
0.869791
0.254687
1.108329
-0.891881
-0.028077
-2.580236
-1.188290
-0.605142
-0.031010
0.242378
-0.132011
-0.839323
0.157903
-0.140918
0.540276
-0.925693
2.025406
1.187207
0.659974
-0.765097
-0.431064
-2.504595
0.289995
-0.214649
-1.149869
0.664852
-0.269695
-0.813034
-0.077164
-0.171598
-0.224129
-0.493958
-2.320816
-2.222824
-0.962567
-0.710345
0.078427
0.658894
-1.822362
1.062004
0.265395
0.280646
-1.098076
-0.171816
0.489596
-2.065634
0.162673
0.523042
-1.023428
1.734973
-0.119740
0.280106
-0.162575
-2.916787
0.183977
-0.256748
0.253503
-1.679237
-1.048895
-1.113209
-3.014925
-0.640274
-1.231571
-0.622410
-0.738438
-0.254478
0.044577
-2.402466
0.422379
-0.923445
-0.720085
0.058003
-1.494720
0.130599
0.054712
-1.337336
1.438274
-0.928835
-1.462567
-1.347537
-0.981314
0.929154
-0.177008
1.398330
0.006706
-1.044964
-0.395406
-1.239195
-0.358586
1.028731
-2.838984
-0.184136
-1.606802
-0.182132
-0.120839
-0.319217
-0.749571
0.766893
0.397053
0.011262
-1.609513
-1.196831
0.490778
-0.055105
-0.297297
-0.774787
-0.286081
1.254182
-1.079950
-0.711056
-0.407443
0.282360
-0.188071
-0.581436
-0.987051
-1.056133
0.381956
-1.089331
2.458367
1.587551
-1.348676
0.055697
1.033037
-0.754786
-1.560176
-0.231492
0.202680
1.256361
-0.225040
-0.141868
0.041088
-1.338579
-0.078051
-0.078070
-1.669415
-2.000389
-0.058561
0.460945
-0.059941
-0.793582
0.199998
-0.577967
-0.016360
-0.663334
-0.593613
0.658888
0.791941
-1.569237
0.319339
-0.160866
-0.979071
-1.027516
0.830737
0.648668
-2.220702
-0.904925
-0.909417
-0.662099
0.742628
-1.435587
-0.428116
-0.483808
0.830275
0.674439
-1.191456
-1.941805
1.322367
0.065679
-1.123752
0.942350
-0.038843
-0.479068
-0.033312
1.677700
-1.277812
-1.230459
-1.816367
-1.779621
0.300565
0.077438
-0.141464
-0.077118
0.447938
-0.746078
-0.208699
-0.517356
-1.530653
1.795610
1.146772
0.493426
-0.472886
-0.889774
-0.304199
1.500432
0.779825
0.885746
-0.250995
-0.285954
1.354144
-0.443065
0.043219
0.021395
-0.681940
0.742015
0.035129
-1.166310
-0.259630
-0.126814
0.108670
0.537716
-0.863104
-0.483545
0.739911
-0.195076
0.018299
0.776378
-1.387899
-2.365227
0.218172
-0.535261
-0.130759
0.648940
0.735622
-0.058014
1.426121
-0.374164
0.607931
-0.294523
-0.292682
-1.796426
0.218054
0.065855
-0.169360
0.517993
0.095478
-0.130214
1.116940
-1.261050
0.848207
0.301221
0.292640
-0.594618
0.440321
1.105919
-1.278832
1.110967
-0.322037
-0.165471
-1.288369
0.117576
-1.406828
0.252477
-2.142133
1.368722
-0.235288
-0.993669
1.035144
-0.154319
1.006570
0.129008
0.840996
0.262231
0.171038
-0.146584
-0.704652
-1.300727
0.338491
-0.406888
-0.357504
-0.611675
-1.075443
0.874164
0.133779
-0.570001
-0.515100
0.284808
0.749639
1.178527
-0.231907
1.010306
1.347148
-1.481935
-0.067326
-1.173568
0.218736
-0.303338
-1.090266
-0.923699
1.046717
-0.051590
-0.799310
-0.222879
0.532787
-0.444565
-1.516202
-0.003448
0.420395
-0.174467
-0.091062
0.645885
-1.287829
-1.295584
-0.144352
-0.270604
-1.040730
0.033177
-0.369312
1.236374
0.265407
-0.884441
0.004532
-0.487688
-0.574507
1.285493
-2.110934
-0.146167
0.557060
-0.184192
0.225516
-2.147034
0.033039
-0.593620
1.120142
-0.279405
0.746737
-0.480970
-1.408960
-0.063937
-1.206667
-0.700336
0.568020
-2.363935
-1.114000
-0.768209
-0.539699
-0.741251
-0.209058
-0.228425
-0.240524
-2.415147
0.985918
2.126090
-0.456087
-1.595923
-0.331004
-1.895865
0.641758
-0.423878
-0.665457
0.662461
-0.321286
-0.091008
-0.800938
-0.320492
0.381603
0.502558
-1.657771
-0.629549
0.656337
-0.317941
0.244812
1.011482
-1.385119
0.299305
-0.374210
-0.510911
-2.388690
-0.153449
-1.372621
-1.644820
0.433616
0.338824
0.673909
-1.319262
-0.635821
-0.278137
0.040803
-1.299721
-0.988872
-0.835567
-1.010950
-1.287031
-2.091836
1.166578
0.067367
0.377056
-1.134787
-2.367828
-0.877754
0.196458
0.113397
1.625643
1.517537
-0.019564
-0.531728
-0.686171
-1.982098
0.212038
0.456017
0.484571
-0.600554
0.794284
-0.083902
0.485184
0.434893
-0.590583
0.104399
-0.806063
1.886286
-1.305463
-2.346168
0.246448
0.601021
1.330983
0.223107
0.548927
0.356465
-1.709904
0.116983
0.614756
1.546450
-0.318594
0.992671
-0.636007
-0.734864
-0.406748
1.078788
2.406710
0.881609
0.512011
-0.391189
1.733680
0.328097
-0.879707
-3.468224
-2.956156
-0.608416
2.621824
-0.391199
-0.041481
0.364443
-0.561667
0.038099
-1.368793
-0.280761
-1.241492
1.375768
-0.119558
-0.093404
1.108464
-0.058051
1.640896
1.190305
-1.806841
1.162292
0.168236
0.412086
1.563143
-0.338770
0.278932
2.091973
-0.853109
-0.765052
-0.820924
0.335577
0.872088
-1.089180
-0.151900
0.600130
-0.301460
-1.013412
-0.687627
-1.604021
-1.464592
-1.911088
-2.182021
0.582622
-0.144471
-0.052569
-0.999063
2.244973
1.389783
-0.259882
0.790814
-0.628737
-2.244611
0.384507
0.675269
0.379471
1.416652
-0.235400
-1.940320
2.379269
0.594594
-1.125025
1.042452
-0.338714
-0.102342
0.915388
1.669357
1.351699
-0.609553
-0.467108
-1.175106
-2.606717
-1.215705
0.756223
-0.232407
-0.545512
2.192009
-1.651325
-0.548438
-0.536106
0.329214
-0.814427
-1.274585
-0.336520
-0.776828
1.147400
0.567876
0.276134
-0.566839
-1.943800
-0.660114
-0.923972
-0.987563
-0.673719
-1.870750
1.485590
0.321915
-0.992669
-0.353415
1.790917
-1.019179
0.046752
0.108332
-0.306450
-0.861072
-1.426672
0.974867
-2.648968
-0.326732
3.997072
-0.871361
-0.433752
-2.331602
-1.243010
0.634810
-0.596275
-1.395365
-1.584677
-1.223933
2.306184
-0.213858
-0.658504
-1.627891
-0.034911
-0.085721
-1.200461
-0.447233
-1.548770
0.126592
-0.384112
0.283481
-0.877537
-0.552892
-1.117296
-0.280719
0.019167
-1.865845
-0.609601
-1.680573
-0.297168
0.079205
1.585178
-0.070923
-0.311192
-0.425359
-0.811067
-0.093949
0.734376
0.334586
-1.508040
-1.427304
-0.270736
0.930881
-0.225283
-0.447132
0.761919
-0.280703
-1.142846
0.428158
-0.739595
-0.338945
-1.127757
-0.243343
-0.833236
0.954759
-1.307838
-2.028402
1.195651
2.027535
-0.522794
-0.149482
-0.900819
-0.590017
0.205444
-0.902812
1.383683
-0.647370
-1.761766
-0.042540
0.653543
-0.934787
-0.030370
-0.058779
0.055525
1.359858
-0.725497
-1.972652
-1.721550
-0.186576
-1.283151
-0.703088
-2.648516
-0.704360
-0.854089
-1.148261
-1.278858
4.131318
-0.290126
0.846179
0.818470
0.172487
0.086762
0.841626
-0.159747
0.518661
-0.326674
-0.086215
-0.063537
0.440166
-0.360512
-0.271795
-0.243040
-1.049919
0.265990
0.975498
0.336321
0.773493
-0.020305
0.300004
-0.968619
0.785915
0.606299
-0.726686
-0.515783
-0.078540
-0.341900
1.126520
-0.364771
-0.378967
-0.045343
0.114560
-0.302961
0.097684
0.188104
0.305032
-0.485847
-0.301175
0.338218
0.374932
-0.936400
-0.071251
0.526749
1.124633
-0.513885
0.174039
-0.440367
0.297162
-0.249077
0.077972
0.017435
0.286019
0.841119
0.728675
0.072012
-0.411111
0.145556
-0.289717
0.281496
-0.319581
0.884811
0.201772
0.186542
0.015695
0.804343
0.665205
-0.559048
0.314122
-0.170270
0.377361
-0.018992
-0.380835
-0.056592
0.961270
0.041232
0.043288
0.658671
0.492846
0.367384
0.409025
1.071814
-0.153558
-0.272367
-0.351107
0.142663
-0.644351
-0.219451
0.893524
0.934712
1.035643
0.231104
-0.381424
-0.070966
-1.021639
-0.938171
0.020797
0.107607
-0.439727
-0.073709
0.144615
0.048934
0.047123
0.088237
-0.078078
0.954977
0.498210
-0.531460
-0.034263
0.091785
-0.216410
-0.180507
-0.578200
0.402206
0.032219
-0.928511
-0.753598
-0.557979
-0.077413
0.819025
-0.026150
-0.063162
-0.159024
-0.501515
-0.116579
-0.015802
0.179932
-0.149484
-0.792988
-1.002359
-0.187435
0.182811
0.018935
-1.353519
-0.575410
-0.477531
0.686880
-0.616086
1.256637
0.560701
1.087980
0.011526
0.551297
-1.579586
1.750591
-0.982210
-0.663980
0.325151
0.836597
-0.163677
-0.145474
-0.518997
-0.645346
0.387918
0.320035
-0.869988
-0.547315
0.119252
0.041227
-0.293637
0.862735
-0.103696
-0.754542
-0.955581
0.737015
-0.452414
0.154970
0.328832
0.964672
0.419041
-1.192013
-0.405860
0.654842
-0.294559
0.205607
1.899269
0.386183
0.540373
0.133372
-2.172648
1.428397
-0.164734
-1.315922
-0.007812
-1.027970
-0.286599
3.711215
-0.151311
0.218332
-1.430053
-0.482008
0.622829
-0.962361
0.052483
0.396321
-0.078357
0.109758
-0.852650
1.045794
0.387829
-2.670099
-0.842281
-0.935958
-2.629083
0.130316
0.298440
-0.982532
-0.537426
0.044562
1.179726
-1.422336
-0.510818
1.789570
-1.123414
0.542389
-0.553166
-2.569275
0.122410
0.760108
0.090080
-1.107309
1.282583
-0.105781
-1.093295
-0.706644
1.926918
0.647557
-0.588305
-0.619960
-1.722324
0.040752
-0.080086
-0.538656
-0.193928
0.584725
-1.012696
1.538599
1.693392
-1.620222
-0.377422
-1.274247
0.667032
-0.923500
-0.358618
-1.376896
-0.399755
-1.471030
-1.761508
0.226207
-3.109154
-0.434990
0.693178
0.241815
-0.786357
0.135155
-0.877734
-1.682828
-0.196656
-0.400349
0.472119
0.556356
2.849597
-2.512242
-0.551139
-0.593954
0.252431
0.181515
0.438033
-2.184035
-0.999102
-0.298697
-2.092412
-2.887920
1.405247
-0.625594
1.596319
0.376831
0.028662
-0.884238
-0.587160
1.235288
-1.281778
0.078766
0.628127
-0.272422
0.749002
-1.485286
2.621985
-0.001355
-0.361235
2.577289
-0.729140
0.153581
1.336824
0.564994
1.140348
-0.261827
-1.740753
-1.843363
-0.957762
-0.354056
0.328842
-0.834554
-1.029971
-1.950442
0.027780
-0.425388
-1.768056
-0.677442
-0.798152
-1.747488
-0.941383
0.774287
0.202405
-0.855899
0.271737
1.300180
0.176874
0.066159
0.453460
0.223586
-0.771612
-1.760838
-1.611674
0.198192
-0.311573
-0.466772
0.094844
0.103806
-2.123706
-3.392551
-1.659996
-0.281656
-0.370573
0.025560
0.425876
-0.213629
-2.121416
-0.032554
-1.433262
-1.231274
-1.786499
-1.158790
-0.903674
1.150771
-0.580829
-1.664142
-1.708889
1.581724
1.357124
1.655035
-0.198664
2.076834
0.280769
-0.190550
-0.468689
1.158664
-3.356298
-1.615866
-1.655783
-1.216777
-0.741494
-1.123071
-1.853273
0.047318
-0.948825
-1.777673
-2.139469
-0.670457
-0.853775
-1.229309
0.503282
-0.668836
-2.723202
-1.666425
-1.481651
-4.924248
-1.163862
-0.517444
0.306799
-0.223578
-1.848792
-0.464879
-0.010607
-1.552670
-2.453872
-0.760193
-1.676878
-1.955594
-0.254425
-0.987212
-1.298191
-0.308026
-1.187931
-0.129613
-0.397501
-0.993694
0.501356
-1.667326
-2.494237
-0.200781
-0.065117
0.527733
-0.408643
-2.387139
-1.054896
-1.085784
-0.044978
0.928668
-0.829428
0.215995
0.912994
-1.674803
0.459936
0.336110
-0.217759
-1.553618
1.146756
1.431002
0.140928
-1.844456
-0.701477
0.646339
-1.097381
-3.655035
-0.464425
-0.775417
0.830100
-0.529341
1.004997
-3.258066
-2.677810
-1.103237
-1.101522
-0.785177
1.166500
0.008563
-1.579060
0.008230
0.258810
-1.011532
-0.312440
0.221808
0.916589
-0.383493
-2.138420
-2.886975
-0.776380
0.301814
-0.533221
-1.951303
-0.572599
-0.491957
-1.564648
-0.899430
0.656442
-1.072631
-0.156853
-0.239462
-1.201303
1.112012
0.021905
0.787239
-1.613622
0.950789
0.433543
0.117078
-0.127296
-0.138512
-1.627522
-2.655130
-1.547601
0.734030
-0.236213
-0.725945
-1.475534
-0.042590
0.420431
-0.683487
-0.046957
-0.586333
-0.196055
-0.237350
0.087561
-0.448942
3.764129
-0.781293
-0.070701
-0.171002
-0.945969
-1.732646
-0.084423
0.191921
-1.462035
-1.674149
-1.288186
-1.307832
0.523033
0.254522
0.565942
0.394452
-1.488769
0.009219
-0.966794
-0.358660
2.046336
-2.305090
-0.122062
1.391220
-1.196324
-0.289305
-0.238321
0.068565
-0.616696
0.123899
-1.123431
-0.438733
0.004480
0.503150
-0.348121
-0.218074
0.903862
0.121400
-3.189884
-0.374302
0.229841
-0.843595
-2.153212
-0.896788
-2.020042
-1.439818
-0.064615
-1.102847
-0.691607
-0.290624
-0.525973
-0.432736
-1.974204
-0.703763
-0.693508
1.107225
-0.050383
0.375856
0.153984
0.501312
-0.315716
-0.268379
0.540540
-1.377046
-0.262026
0.244928
0.119797
-1.101763
-1.268807
-0.696731
0.718144
-0.149262
-0.586973
-0.164565
1.229465
0.720984
-0.860388
-4.947513
-0.616663
-1.479588
0.137353
0.892205
-0.415496
0.193814
0.668482
-1.313846
1.959648
0.966538
-0.369169
1.079510
-0.562497
0.054185
-1.081884
1.031066
-0.165581
0.244343
-2.794856
0.748465
-0.964893
-0.036370
-0.252255
-0.554793
-0.400683
-2.888011
1.551291
-1.572060
0.570966
-1.470997
0.156071
-0.126710
0.642563
-1.517192
-1.197796
-2.489164
-0.863294
-0.209621
0.591399
-0.864121
1.735333
-0.740631
-0.700614
-0.570883
-1.087767
-0.263247
1.293049
-1.322035
0.539094
0.450626
0.394781
0.009794
-0.595150
-1.284132
0.121523
-0.735850
0.488413
0.438840
0.624504
-0.227269
-0.440423
0.203255
-1.342882
-1.473926
-0.154690
0.480055
1.481631
0.781611
-1.693711
0.295093
0.814115
-1.236674
-1.195557
-0.117062
-0.327718
-0.202875
-0.164030
-0.594513
-1.710298
0.191169
0.677840
-0.432383
1.707657
0.482018
-3.243235
-0.873824
1.342081
-0.091905
-1.877808
1.669534
0.100084
0.053314
-2.564560
-0.309577
0.568037
0.314274
-1.976758
-0.887394
-0.215933
0.298696
-0.829702
0.219342
-1.648399
-0.300699
-0.737334
2.235925
0.457074
-0.391516
2.420525
0.934241
-1.493393
-2.143585
0.422196
-1.653656
-2.811078
0.603886
2.831765
-0.306568
-1.857396
-0.414138
-0.504740
-0.941214
-2.842022
2.545933
-0.469132
-0.768434
-1.458724
-0.118766
-2.516496
-0.464661
-0.417570
-0.127699
0.799218
-0.235223
0.166983
-0.206809
0.640713
-0.802837
0.354888
-0.424649
0.015994
0.387695
0.068555
0.395732
0.080508
-2.852351
0.887198
-2.345597
-0.650513
1.755502
-1.106697
-3.101258
-1.234108
-0.059852
-1.302583
-0.142135
-0.063091
0.905118
-0.525565
-0.055541
1.360036
1.463578
0.980454
-0.457191
-0.343658
-1.637062
0.392174
-0.859869
1.603783
-0.860231
-1.065786
-0.711130
0.443407
-1.399978
0.674747
-1.107176
-2.930986
0.292391
-2.493990
1.415855
-1.347526
-0.433135
-1.408496
-0.002482
1.703162
-1.259111
0.401470
-0.160949
0.165221
-1.826904
-0.929491
1.164284
0.824401
-2.007517
-0.059240
0.028531
-1.407824
1.281659
0.714967
-0.844808
-1.014318
-0.152127
0.399692
0.210498
-1.047678
-1.001934
0.163977
-0.231644
0.431564
-0.009100
-0.854433
0.410404
0.979323
-0.521906
0.010250
0.136853
-0.086795
1.778299
0.242622
0.984045
-1.081852
0.902739
-0.577226
0.465085
1.420536
-1.265344
-0.318665
0.187429
0.554476
1.132336
0.430844
-1.816822
1.781662
-0.874169
-0.474824
-0.131910
-0.018157
0.372999
-0.616510
-0.738842
-0.866344
0.234951
-0.046021
1.744134
-3.090748
0.424231
-0.417093
-1.140118
-0.119879
0.439976
-0.109937
-1.086890
0.108421
1.281448
0.319051
-0.189273
-0.014087
-0.245003
-0.602603
1.610133
-0.234833
1.738792
-0.282079
-0.252648
1.091571
-0.567066
0.361299
0.088302
0.313640
0.029650
0.280804
1.405974
-1.499282
1.090083
0.070359
-0.471117
-0.554399
0.422668
0.463544
-0.097429
-0.304357
0.392212
0.198674
-0.181058
0.004886
-0.126032
0.166015
-1.179778
-2.096820
-0.140544
0.920216
-2.299542
0.723013
-1.238724
-0.201027
0.349796
1.433699
0.732729
-1.312352
1.786875
0.623717
-2.594454
0.568966
-0.211044
0.055913
2.046339
-0.692919
0.913396
0.457815
-1.349741
0.516156
0.236628
1.012582
1.331607
-0.290608
-0.383602
-0.727642
0.623852
-0.345787
0.326793
0.984945
-2.154880
-0.263366
-0.749962
-0.663027
0.179701
-1.634948
1.251083
-2.647026
-0.157642
2.336799
-0.296551
1.338430
0.085431
1.038931
1.449074
-0.158693
0.342026
0.016432
1.046303
1.655982
1.613770
1.794735
-0.008846
-0.265655
-2.812364
-0.388046
-0.014472
-0.645292
-1.621703
-0.154913
-0.100298
2.491466
-0.087329
-1.763689
-0.259079
-0.067725
-0.088472
-1.153480
-0.421097
-0.965644
0.432486
-1.231817
0.775325
-0.554438
-1.872300
-1.331059
-1.370824
0.743187
-1.688257
1.988995
-1.240714
0.061601
-0.828173
-0.510450
-1.457965
1.162181
-0.153395
0.314877
-1.217433
-1.208947
-0.152417
0.221816
-0.937944
0.746388
1.508300
0.327822
-0.596302
3.141725
-0.320307
0.241034
-0.375164
0.530652
-1.634021
0.402202
1.334122
0.682149
1.196674
0.530113
-0.406665
-0.812059
-0.973246
1.784402
1.185001
-2.440835
0.141135
2.212473
0.013790
-0.101526
0.690421
-1.163150
-0.648203
0.926198
0.589863
-0.266825
-0.076124
-1.279540
0.891595
0.824439
0.582354
2.250202
0.470064
-1.176767
0.127871
0.027001
-0.648343
-0.524685
-1.677942
-1.880839
-1.163286
-0.009218
0.387587
-0.556066
-0.450637
-1.138832
1.315584
-0.086509
0.840205
0.552539
0.882264
1.208518
-0.053142
-1.096388
0.175022
-0.131440
-0.315688
-0.218993
1.119032
1.368945
-1.750222
-0.537462
-0.046796
-0.845025
0.285839
-0.243297
-0.453389
-0.609314
-2.270660
0.741266
1.199846
0.819082
-0.243741
0.145322
-0.700921
0.906952
0.233971
1.184505
0.985546
-1.083925
0.757503
0.005532
0.282658
1.219122
-0.237697
-0.867491
-0.329907
-0.838184
-1.437962
0.062149
-0.507939
-0.348599
-0.022370
0.462311
-0.088571
-0.761782
0.012078
0.572149
-0.131221
-2.637503
-1.532702
-0.113471
0.340572
-1.350524
-0.677183
-1.129432
-0.989191
0.522332
-0.164646
-0.728032
1.147207
0.074656
-1.606769
1.288217
-0.519467
1.679942
1.042390
-1.631978
-0.781156
-0.069733
1.198057
-0.650226
-1.379617
-0.708388
-1.313057
1.545825
0.127567
-1.666443
-0.565126
-0.961599
0.916065
0.365004
0.472497
-1.340354
0.436635
1.540681
-1.000324
0.556108
0.532870
1.501986
1.433449
-0.759211
0.206637
0.208115
0.510641
-0.183065
0.378623
-0.739617
-0.793113
-1.063400
0.228454
0.355160
-1.946767
-2.300457
0.434446
-0.038890
-0.810920
-0.044594
0.365739
-1.137898
0.327215
-2.079941
1.240653
-2.527771
-0.650489
-2.087841
0.355643
0.039921
-2.086066
-0.555207
-0.111456
-0.524087
-0.604943
0.303125
-0.983361
0.712623
0.155733
-0.389711
0.107011
-0.907366
-0.314529
-0.822353
1.823438
1.259920
0.233265
-0.042902
-2.793996
0.043067
0.347675
-0.463856
0.739135
0.869196
-0.771892
-1.187773
0.001444
-0.815940
0.647479
-1.028184
0.143665
2.313258
0.177278
-1.421142
-0.787105
0.251735
-2.535671
1.632000
-0.910139
-0.706068
0.366668
-1.655571
-0.956303
-1.193112
-0.637370
0.557471
-0.155377
-0.608873
0.584538
-3.411505
-0.453404
-1.113160
0.258326
-0.417212
-0.946750
0.012322
-0.324240
-1.540239
0.211552
-1.918344
-2.303631
0.067468
0.534101
-0.393026
-3.459817
2.106417
-0.048106
-0.063823
0.817113
-1.261931
-0.156769
1.966789
-1.403269
-0.690518
-0.632513
-0.532974
-0.235240
1.005830
0.660867
-0.183735
-0.579375
-0.925812
-1.970172
-0.022547
1.348428
-1.018301
-0.632599
0.342715
1.984788
2.551013
-0.013152
0.180632
0.662088
-1.060044
-0.500058
-0.577252
-1.351867
-0.064735
-0.719474
-2.117735
-0.731843
2.377455
0.505755
-0.724440
-2.992135
-0.597497
-1.484181
2.463842
0.383501
-0.892706
0.190772
0.788222
-1.013766
-1.924257
-0.628268
-1.391959
0.403089
-0.137813
-1.497987
-0.833132
-0.577631
-0.187855
-0.538912
-1.494571
-1.194064
-1.363555
0.257679
0.396123
0.123520
0.882211
-0.878078
-0.452080
-0.264529
-1.078391
-1.171510
0.506702
-1.379072
0.069589
-0.465601
-1.922166
-0.281701
-2.042578
-1.460074
-1.275406
1.657508
0.875880
1.286391
-0.062790
0.448949
0.479950
0.766577
-1.081381
-1.039806
-0.901369
-2.033493
0.473327
1.673833
-0.155468
0.706060
-2.117463
0.069592
-1.158273
-0.939333
0.050077
-0.415027
-2.423985
0.560153
0.179047
2.111813
0.006832
-0.862276
-0.417939
-1.156196
-2.400407
-0.516328
-0.534139
-0.090883
-0.054146
-0.012383
-0.873754
-1.676436
0.652472
-0.739044
0.246986
2.005398
1.328856
-0.506746
0.914654
-1.165916
-0.328137
-1.948054
-1.315160
-0.131371
-0.281519
-0.899065
-0.558657
-2.918016
-1.538492
0.248682
0.566805
-1.528372
1.095828
-0.815389
0.189002
-0.435869
1.538323
0.226517
-1.289510
-0.797309
-1.992581
-1.285169
-0.527986
0.595114
-0.152083
-1.184595
-0.630373
-0.390726
1.435910
-0.695087
-0.279642
-0.419917
-0.501574
-0.331595
-0.466474
1.423715
-0.319382
-0.424981
-1.632978
-0.250767
0.131215
0.366211
-0.000418
-2.253243
1.792994
-0.860434
0.247842
0.648233
0.329610
1.842952
-1.087234
-0.231874
-0.634173
0.325081
-0.907127
1.185819
-0.084208
0.470146
-0.880548
-0.431504
-1.474095
-0.613847
0.252856
-0.788674
-0.214540
-1.738417
-2.122937
-0.568934
-0.770622
-0.680079
-1.257529
-0.271030
-0.965303
-0.687886
1.568721
0.464684
-1.571911
-0.293179
0.586226
-0.528667
0.468310
-2.090699
-1.020628
-0.603185
0.488168
-0.467346
-0.632463
0.048577
1.332898
-1.108701
-0.552592
-0.505971
0.007544
-1.197742
1.571273
0.316005
-0.408843
0.216015
0.325770
1.216863
-0.450689
0.224613
-0.781442
-0.783999
0.569183
1.243760
-1.075855
0.381348
-1.146366
0.567213
-0.047753
-0.535410
-0.270898
-0.604203
-0.014851
-1.100623
-0.210946
-0.534327
-0.604224
-0.993192
-1.639279
-0.601826
-0.058222
-1.082146
0.132097
-0.584537
-0.144887
-0.157684
-1.468343
-0.349461
-1.020929
0.356819
-0.271541
-0.732641
-0.119725
1.039516
-0.558306
1.193742
-2.570679
0.024163
-0.198253
-1.307992
-1.919012
0.266989
-0.570260
0.201439
-0.041677
-0.215682
-0.659700
-0.618050
-0.260624
-0.989045
-0.359420
0.849530
-0.005621
1.280668
0.257062
-0.377288
-0.261240
-0.244800
-0.120509
-0.517344
-0.878332
0.187944
-0.186744
-0.688390
0.938257
-0.018353
-1.104646
-0.170185
0.106442
-0.898896
1.017166
-0.416990
-1.267899
-0.183198
0.048059
0.171228
0.500340
-0.399813
0.703344
0.562266
-1.244624
-0.273138
-0.425018
-1.045179
-0.184509
-0.307114
0.308837
-0.703016
0.585476
-1.186128
-1.253391
-0.328301
0.966533
0.251166
-0.744775
0.591159
-0.427377
-0.717718
-0.608163
0.032054
-0.096597
-0.031333
-0.320523
-0.265137
-0.131767
1.189909
-0.126947
0.000320
0.409671
0.443184
0.453849
-0.140918
-0.009529
-1.189922
0.326813
0.438411
0.082411
-2.326314
-0.081600
-0.719024
-0.699251
0.405271
-0.751849
-1.004109
0.375579
0.416663
0.848941
-0.892982
-0.564835
-0.563461
1.535994
-1.309866
-1.186134
0.546918
0.740807
-0.435092
-2.353398
-0.457920
-1.307392
-0.007597
1.180391
0.977547
-0.669771
-0.144822
-0.407310
-0.509040
-0.329047
0.182236
-0.629033
-0.286705
0.577933
-0.015457
0.206544
-0.307118
1.096350
1.225305
-2.038475
2.396544
0.018602
-0.311730
0.555316
-0.261447
-0.478586
0.792297
0.568183
-0.738000
0.096874
-0.166139
-0.121762
0.463603
-0.797829
0.204376
-0.653662
-1.307477
0.878017
-1.238925
0.624426
-0.753791
-0.095082
0.170910
-0.286302
0.060986
-0.705649
-0.731807
0.142106
1.322294
-0.816757
0.745152
-0.495816
-0.433265
-0.863130
1.704380
0.094792
1.021379
-0.621378
-0.160695
0.460993
0.532199
-0.210765
-0.339426
0.735357
0.333083
-1.557541
0.069893
-1.012224
-0.649962
0.203237
-0.483908
1.624720
0.606941
-0.031831
1.101494
-1.678071
-0.542318
-0.648252
-0.160435
1.120171
-2.104632
-1.393027
-1.976200
-0.169377
-0.025482
-1.342967
-0.439630
-1.935441
0.696062
1.032003
0.196626
-0.091603
0.135557
-0.662029
-0.214354
-0.393106
0.189449
-1.668775
0.135834
-0.802876
-0.624559
-0.239790
1.083496
-0.683123
-0.019186
-0.194600
-0.273660
1.896818
-0.509526
0.670501
-0.880083
0.217503
-0.150825
-0.582013
-0.063445
-0.421348
0.072640
0.348323
-0.135689
-0.005387
-0.482252
0.067296
-0.172008
-0.330836
-0.188509
-0.375428
-0.093753
-0.077506
0.817499
0.619149
-0.379245
-0.039511
-0.187617
0.141418
-0.037992
-0.814692
0.026405
-0.994863
-0.172913
-0.965028
-0.892411
0.166823
-0.321820
-0.876893
0.080070
-0.306657
-0.559394
-0.217981
-2.192189
-0.545659
-0.530162
0.078167
-0.753687
-1.055835
-0.961919
-1.389300
0.071190
0.910165
-0.904414
-0.090407
-0.382751
0.251140
0.204712
-0.608682
-0.381355
0.510039
-1.336537
-0.670723
0.225779
-0.628520
-0.160936
-0.023185
-1.593192
0.177456
-0.912663
-0.220299
0.464682
-0.385027
0.377068
0.215259
0.703953
0.678366
-0.697023
0.338119
-0.301125
0.185231
-0.419512
-0.136309
-0.356575
-0.593330
-0.554060
-0.298516
0.381431
0.518154
1.008646
0.616782
-0.592082
-0.663384
0.012695
-0.249271
-1.169683
0.530816
-0.702753
-0.378848
-0.133609
-0.624374
-0.030815
-0.155959
-0.603677
1.417707
-0.524561
-0.287292
0.250616
-0.608516
-0.804099
-0.451043
-0.582528
0.550807
-0.291274
-0.583810
-1.936761
-0.019780
-0.463959
-0.446704
0.358631
-0.129856
-1.539057
-0.025251
-0.757557
-0.198389
0.884627
-0.768880
-0.216894
-0.081560
0.939131
-0.228908
-0.834028
-1.359946
0.311011
0.049356
0.089157
0.388194
1.001181
-0.509467
-0.263778
0.140049
-1.170483
-0.115458
1.165610
-1.797022
-1.698014
-0.752156
-0.584901
0.171671
0.747876
1.228948
0.294958
2.258781
-0.970258
-1.339571
1.480308
0.812169
0.806599
-1.107725
0.174637
-0.309377
1.260771
-1.071249
-0.843454
-2.013499
0.205619
-1.107718
1.187791
-0.690853
-0.208936
-0.523363
0.100279
-1.577351
0.741905
-1.200913
-0.107315
-0.690249
-0.540120
-0.485218
0.030072
1.491786
0.013194
0.369863
0.140751
-0.188452
1.781571
-1.513794
1.262856
-0.929450
0.169588
-0.870018
-0.428154
0.090066
0.777635
1.102160
-0.425305
0.128412
-2.221431
1.192566
-0.381641
0.141581
-0.680310
0.928115
-0.253687
1.562035
1.199373
-1.105649
0.480531
-0.025338
0.445704
-0.107466
-0.593411
0.063890
0.328989
-1.727880
0.324920
-0.122441
-1.491354
-0.630069
0.109781
-0.576784
0.564899
-0.415299
0.137451
0.709410
0.551312
0.071184
0.127299
-1.541898
0.340371
-0.450656
-1.083849
-0.425308
-0.774850
-0.842631
0.134341
-0.805905
-1.006925
-0.231573
1.561203
1.563323
-0.596310
-1.230060
-1.383460
0.303054
0.139412
-1.281070
-0.516295
0.266825
-0.586188
0.419072
0.781429
0.787638
0.155326
-0.025538
0.758799
-1.077672
0.343794
-0.132933
0.239232
-0.074354
0.667783
-0.900808
0.984348
-0.621021
1.001789
-0.591235
-0.025697
0.677546
-1.658861
0.212282
-0.159057
1.357208
-0.808130
0.427686
-0.588841
0.951495
0.992454
0.920259
0.492338
-1.054934
0.445756
0.671567
-0.178074
-1.168471
0.235863
-0.389370
0.617412
1.639554
0.706531
-1.655799
-0.672340
-0.123988
-0.067910
0.607927
0.557151
0.491269
0.696945
1.756958
-0.594326
-1.185113
-0.308927
-1.890545
-0.118135
0.306926
0.440064
-0.334868
0.310378
0.132022
-0.204483
0.849763
0.053408
-0.416935
-0.440823
-1.146146
0.295990
-0.320329
-1.414786
-0.871400
-0.385602
0.253181
-0.650093
0.168920
-0.456404
-0.463435
0.577233
0.037918
-0.238926
-0.123808
-0.458467
0.227777
1.207540
0.179316
-0.348396
-0.118074
-1.341157
0.264067
-0.885626
0.604692
-0.330730
0.802752
-0.504931
0.609832
-0.827356
0.345085
-0.495083
-2.129165
-0.933922
-0.648444
0.511079
0.842031
-0.979942
1.457415
-0.089083
0.000437
-1.095334
1.142749
-0.128236
-0.619899
-0.663867
-0.151764
-0.359537
-0.553008
-2.485698
-1.747726
-1.449836
0.760481
0.790769
0.195915
-1.208340
-1.881382
-1.975276
0.622141
0.839716
0.299066
0.225457
1.035412
-0.113252
-0.274019
-0.116971
-1.561139
-0.673287
1.212643
2.024576
-2.559976
1.241622
1.190316
1.990057
-0.666005
-0.619929
0.278738
0.580417
1.601898
-1.057598
-0.805096
-0.350410
-1.033759
-0.832651
-0.337484
0.770403
-1.489970
-0.207854
-0.255715
-2.131302
1.169553
-2.286915
0.477885
-0.706063
-1.204204
-0.539635
-0.490933
0.336577
-0.339735
-0.323425
2.140811
0.870270
-0.597213
0.512528
0.257780
-0.020950
0.720949
0.334543
1.540261
0.363728
0.690569
0.250928
0.356998
-0.573595
0.276060
-1.186268
-0.203277
0.002346
1.019481
0.626828
0.813125
0.532887
0.935790
0.296162
0.314887
-0.722810
-1.054284
-0.635571
-0.924328
-0.185666
-1.560569
0.376713
-2.077761
-0.601813
0.097646
-0.084924
-0.633352
1.493986
1.508692
0.627862
0.444179
-0.213372
1.541425
-0.201209
0.446416
-0.995918
-0.736856
-0.122306
-0.450416
-1.210700
1.086121
0.540690
-1.191550
0.142899
-0.100952
0.247620
-1.311397
0.685960
-0.493683
-0.748765
-1.098085
-0.294866
-0.951433
-0.912251
0.537290
1.673883
-0.833791
-1.910112
0.984500
0.004951
0.198874
0.826717
-0.020601
-0.085301
0.458829
-0.193438
-1.479652
-0.049787
-0.058514
-0.080138
-1.182195
-0.621172
-1.192458
0.805863
-0.154459
-0.613685
-1.542168
0.572037
-0.397503
-0.990167
-1.227343
-0.143136
1.179768
0.331200
-2.148731
-0.773796
-0.092971
-0.008644
0.757636
-0.416058
0.525052
0.567969
0.035404
