2
78
128
0.465747
0.507701
-0.438055
-0.715866
-0.684222
-0.270350
-0.966898
-0.310207
0.473236
-0.222375
-0.686488
0.071064
-2.037436
0.115544
-0.624001
-0.821588
1.265361
-1.010695
0.048544
1.191012
1.075684
-0.594556
1.363851
-0.203747
0.396406
0.887969
-0.605228
-0.271602
-0.404583
-1.718054
-0.281283
0.925358
-0.604157
0.408127
-1.796887
0.543070
1.123753
-0.509615
1.060333
-0.287314
-1.393292
0.872179
0.706963
-0.629424
0.336072
-0.656518
0.611064
-0.285358
0.333872
0.730325
-1.224677
0.317338
1.393059
-0.834340
-0.013607
0.862844
0.719217
0.783495
0.422562
1.163441
0.580124
0.976357
-0.820390
1.599847
-0.433519
-0.249657
-0.105956
0.036523
-0.514952
0.234799
-0.487106
0.213601
0.753430
0.563476
0.729987
0.051859
0.918089
0.307889
0.908080
0.999538
1.012846
-0.156077
0.690963
-0.394611
-0.677833
0.431259
0.860508
0.025874
-0.086585
0.284332
0.252453
-1.966423
0.390746
1.998428
0.631448
-0.149374
2.195941
0.692769
0.721978
-0.244699
1.063844
2.278167
1.313203
-0.045064
-0.132169
-0.731374
-0.748673
-0.001782
-0.033814
0.108362
-0.577416
1.011545
-0.348946
-0.456336
0.945447
-0.660852
0.195035
0.285289
-0.223687
-0.792459
-0.106678
-0.470543
-0.183224
0.139556
-0.960480
-0.194432
0.550725
0.404648
0.026540
-0.421382
-0.602019
0.870894
1.681023
2.388918
0.164474
0.498320
0.414131
0.233175
0.452198
1.521360
0.185471
-0.459896
0.942530
-0.178400
0.549682
-0.176581
-0.653887
1.026050
-0.455451
-0.029364
0.263596
0.831934
-0.450094
-0.249043
0.005953
-0.654237
-0.139130
0.851375
0.158873
0.247938
-0.155551
-2.191836
-0.230467
0.664527
0.035936
0.388581
-0.520332
-0.117475
1.830999
0.038251
-0.854266
0.395296
0.594897
1.499139
-0.412966
-0.803270
0.129070
-1.199855
0.583715
0.325871
1.366865
0.781306
-0.263571
-0.491446
-0.200769
-1.171405
1.189371
2.914487
-0.484447
0.758199
1.595633
0.461954
-0.998223
0.571147
-0.792256
-0.033720
0.446594
-0.311415
-0.614927
-0.020940
0.389575
-0.112880
0.673463
-1.293360
-1.423051
-0.809211
0.318426
0.347434
-0.604056
-0.427952
0.452419
-0.160858
2.156747
0.732492
0.128314
0.465998
0.268962
-0.905978
0.098346
0.032553
-0.286939
0.281968
0.093730
-0.427522
0.516798
0.368401
1.747487
0.121070
-0.430674
-0.837233
0.953770
-0.054456
-0.089925
-0.572481
-0.650017
-0.044296
0.778592
-0.009897
-0.726590
-0.658859
-0.718980
1.261554
-0.380855
0.945011
-0.189719
-0.231263
0.009416
0.395204
1.644708
-0.793059
-0.067096
0.538261
-0.974088
0.272076
-0.651474
0.472112
0.667320
1.460497
-1.186254
0.403227
-0.409356
-0.223948
0.534826
0.272167
1.867115
0.114737
0.023341
-0.892026
0.868521
0.042562
0.201396
-0.209633
-0.137759
0.072736
1.676488
1.398445
0.401791
-0.074394
0.767608
-0.887376
0.842316
0.545467
0.467556
0.615463
0.563569
0.213784
0.544775
0.107747
-0.265265
-0.157391
0.023215
1.060626
-0.104583
1.692855
-1.018974
-0.942393
-1.736447
-0.502367
2.798898
1.393382
0.001662
-2.437121
0.313998
-1.272100
0.907811
0.019512
0.391485
1.446913
-0.557205
-1.060013
0.126076
-0.607218
0.226018
-0.308841
-1.113663
0.851416
-1.537791
1.508168
0.205423
0.482081
-1.734933
1.842491
2.567041
0.228265
1.039359
1.556700
0.064578
-0.411316
0.998141
-0.024636
0.074591
0.136070
0.327010
0.999089
0.331692
-2.062214
0.129970
0.393449
0.722128
0.836707
0.005631
0.644110
-1.073332
-0.168187
0.289110
-0.165970
1.113154
0.252415
-0.497992
-0.232083
0.102901
-0.594985
0.184733
0.723377
0.557851
-0.478639
0.048227
0.461702
0.080990
-0.099365
1.741410
0.554234
1.584132
0.848578
-0.228628
-0.597753
0.270547
-0.250301
0.790206
-0.218386
-0.231733
-0.481427
-0.183817
0.078738
0.225639
-1.134076
1.700002
-0.429760
0.399158
0.183761
0.077796
0.700731
-0.751028
1.249424
-0.901447
0.497560
1.151410
-0.106046
0.517308
0.913156
-0.208481
-0.291183
0.722152
0.231688
-0.022999
0.490607
-0.054192
-0.430318
0.680999
-0.888315
1.165558
-0.091244
0.006268
0.690688
0.637310
-0.121108
0.666988
0.156316
-0.131848
-0.017290
-0.402268
0.492891
0.168911
-1.256954
-0.362873
-0.172987
-0.128674
-0.440443
-1.026612
1.391186
0.971779
-0.224951
0.258352
0.487866
-0.949290
1.394457
0.831860
-0.081305
0.237951
-0.221980
0.625658
0.207909
0.618542
-0.034917
0.650202
1.869771
-0.744988
0.180689
0.076320
-0.617573
0.184732
0.161802
-0.103930
1.264791
0.107270
0.418825
0.831189
1.162268
-0.324165
-0.346315
0.012701
-0.613387
0.790223
-0.823751
0.135077
0.125358
0.385945
-0.249714
0.069909
0.044622
0.419579
-0.510228
0.176358
0.435687
1.999429
-0.000633
0.335793
0.915193
0.140923
0.336347
0.253172
-0.495352
0.410070
1.421588
0.181760
-0.603264
-0.737044
-0.000438
-0.379878
0.044914
-0.419514
1.465119
0.409091
0.246191
0.514878
0.625812
-0.270203
0.350421
0.570398
-0.369384
0.277108
0.247297
0.111640
0.958692
-0.450171
1.053825
-0.448092
0.575574
0.187190
0.741418
0.427336
-0.488375
-0.602392
0.304807
1.097512
0.760362
-0.063075
0.347318
0.213438
-0.593176
0.011510
-0.058710
-0.473672
-1.757788
1.172749
-0.211612
0.424832
0.321753
-0.197997
0.035753
0.346409
-0.163883
0.720422
-0.775317
-0.995958
-0.751624
1.560929
-0.378656
-0.294741
1.822938
0.684953
0.454868
1.600642
-0.725769
-1.213967
-0.592860
1.123852
-0.245427
-0.285878
0.960736
0.842958
-1.155059
-0.020284
0.836092
-0.820248
-0.184205
0.089687
-0.068837
-0.146109
-0.657472
-0.237012
-0.553261
-0.078925
-0.881552
-0.923756
0.987603
-0.373867
1.459854
-1.613164
-0.379516
-0.492834
1.168664
1.522671
0.204891
0.728101
-0.120473
-0.374733
0.164518
0.213928
0.747532
0.206334
1.256190
-1.524107
0.387068
0.991947
-0.599758
1.313098
1.692492
2.255701
0.231311
0.622670
0.638757
1.059448
0.431487
-0.641210
-0.335727
-0.587897
0.971830
0.065482
0.462319
0.423289
-0.689625
-0.889108
0.601356
-0.702258
-0.910667
0.351919
-0.888501
-0.112175
0.614151
1.350162
-0.523305
-0.092734
0.557435
-0.393996
1.517844
-0.681207
1.482608
0.014423
0.554320
0.731212
0.289257
-0.726283
-0.057802
1.123620
1.053628
0.003063
0.274720
0.659374
0.069864
-0.027741
-0.221186
-0.772042
-0.035056
-0.815725
-0.071855
-0.127182
1.055246
-0.122646
-0.198154
-0.079320
0.579871
1.456156
-0.142593
0.786337
-0.850262
1.237639
0.340473
-0.700079
0.694006
0.382710
0.659287
1.686211
-0.433576
0.565339
0.042119
0.493189
1.049276
0.863180
0.870200
-0.840652
0.398343
0.691310
-0.177778
0.979058
0.909958
-0.087092
-0.535281
1.324216
-0.364431
1.692851
-0.318049
-0.407673
0.075517
2.011380
-0.368028
0.058572
1.332669
0.450056
0.054784
0.499824
-0.972531
0.226923
0.137939
0.134792
0.229857
0.233278
-0.958134
-0.197411
0.286148
0.804314
-0.491201
1.514365
-0.217615
-0.545968
0.101082
0.639058
-0.437734
-0.868927
-0.216113
-1.602055
-0.272557
-0.238000
0.983067
1.164789
0.725253
0.412262
0.972746
1.077076
0.946547
0.255153
0.264737
1.719134
0.915522
-0.924136
-0.223824
0.405462
0.582686
-0.707493
-0.353246
-0.230435
0.787655
1.152088
-0.850909
-1.118637
-0.910649
0.446543
0.001553
0.022769
-0.014799
0.687234
1.080103
-0.064848
-0.728445
1.744768
0.402971
-0.892200
-1.054909
0.790676
0.165235
-0.518911
0.290262
-0.225175
0.035967
0.630579
-0.971232
-0.722713
-0.512621
0.466922
1.797762
-0.089576
0.790017
0.422690
2.482014
0.465946
0.184785
-0.414619
-1.817732
1.625433
0.123140
0.533746
-0.854514
0.010207
0.432073
-0.361598
1.590200
1.147613
0.568879
2.413481
0.593936
1.211647
-1.150344
-0.699525
1.339597
-0.613747
0.439318
-2.323730
0.774070
-0.424469
0.078860
0.391944
0.993535
0.413350
-0.740358
-0.989978
-0.515097
0.739260
1.265600
0.701376
0.635499
0.587398
0.673097
1.323797
-0.409276
0.288896
0.633122
0.023687
1.371382
0.790057
0.240287
0.511238
-0.459719
-0.802719
-0.125986
0.480771
1.801169
-0.275697
-0.273724
-0.927485
-0.115018
-0.327404
1.240766
2.272653
0.121661
-0.046045
0.023033
0.594890
-0.771117
0.483798
0.318537
3.631640
-0.818383
-0.283795
0.165421
-0.182716
0.922401
-0.472761
1.210714
-0.192748
0.286614
0.012091
0.656389
-0.329821
0.003426
-0.808956
0.361368
1.183063
1.377080
0.602716
-0.390512
-1.196216
0.004521
1.471987
-0.691085
0.971205
-0.504485
1.079772
0.706352
1.053160
-0.537154
2.917031
-1.035966
-0.131124
-0.068160
-0.723759
0.935498
1.323545
0.084896
2.414976
0.038334
0.733942
1.197366
-0.187784
1.261551
0.438275
0.029172
-1.544420
0.020035
0.384512
0.363226
0.000063
-0.704996
1.739941
1.131186
0.641934
-0.515648
-0.182175
-0.487223
1.889489
1.171444
0.981874
0.654019
0.096227
-0.434625
0.548383
1.645574
0.321831
0.774046
-0.020062
1.795207
0.913437
1.193216
0.469294
-0.129776
0.394588
-0.306411
-0.912103
0.642602
0.071233
1.271873
-0.083294
0.202248
-0.439344
-0.006600
0.353078
1.399472
1.378058
0.362741
0.355612
1.122310
0.615495
1.554967
0.619081
-0.904848
2.253050
-0.614140
1.660198
0.455264
1.192389
0.357038
0.594466
0.821054
1.248474
0.600673
1.745265
1.008234
0.551641
0.363670
0.184595
0.932432
0.885164
-0.129597
1.314323
1.179623
1.105216
2.061617
-0.365358
1.295918
0.744837
1.356134
1.677405
0.329697
0.395903
0.188314
1.232908
1.352031
1.130791
0.545709
0.962345
0.214410
-0.262324
1.786743
2.414793
0.668658
0.142555
1.471620
0.601560
0.588919
0.347197
1.211540
0.810574
0.310952
0.853888
-1.044400
0.044829
1.863627
-0.418515
0.709743
0.350924
1.994039
-0.012739
-0.456983
0.840697
-0.238119
0.127205
1.058416
0.222578
0.627839
-0.139952
1.149440
2.101962
-0.625877
1.036289
-0.191525
0.064729
-0.212722
0.305194
0.286547
0.626867
0.040090
2.657925
1.459723
0.359298
0.967697
0.930929
0.318195
-0.855276
-0.596092
-1.248489
-0.534239
0.822961
0.633909
-0.356920
0.822558
1.525941
-1.181176
-0.907222
0.912585
1.966067
-1.515482
1.464358
0.954204
0.422584
0.033460
1.359570
-0.143881
0.379169
0.231483
-0.405201
1.993184
1.298412
0.346395
0.658576
1.363670
-0.661020
0.655497
2.418564
0.476384
-0.725196
0.129647
0.136071
1.249781
1.515259
0.532537
-0.492783
-0.477385
0.600354
0.121756
-0.720683
-1.956762
-0.138804
-0.188979
1.120116
-1.113360
0.171686
0.070610
0.720431
-0.650190
0.214816
0.171658
0.451077
-1.427873
-0.530777
-0.266508
0.718817
-0.203717
-0.931827
1.130118
-0.358811
0.086922
0.113584
0.265748
-0.279941
0.758920
-0.834057
0.221168
0.267297
-0.569866
-0.859768
0.187447
-0.530891
-0.892264
0.304069
-0.509187
-0.548728
0.309092
0.422305
-0.285313
-0.650860
0.100906
-0.366358
0.282245
-1.334274
0.400422
-0.171360
0.870145
-0.718390
-0.389446
1.216622
-0.709734
0.137246
-0.304214
-0.363341
-0.253293
-0.014978
0.951657
-0.872414
0.501841
-0.344476
-0.925985
0.700332
0.266522
-0.010321
-0.146748
-0.474852
0.142928
-0.737694
1.065924
-0.805111
-0.586638
-0.111935
-0.666496
-0.685671
-0.106974
0.481401
-0.561696
0.377123
0.555909
-0.502060
-0.355336
-0.015399
0.312234
0.837297
0.395585
-0.346295
-0.169128
-0.188321
-0.029217
-0.113274
-0.526096
-0.544383
0.786390
0.859063
-0.645458
-0.127021
0.338369
-0.379676
-0.166594
0.803180
-0.170978
-0.004993
-1.016641
0.003104
0.985619
2.595852
0.380566
-0.899755
0.090103
0.008375
-0.558486
-0.512970
-0.344007
0.077597
-0.141437
1.035273
-0.273862
-0.770196
-0.944611
-0.276909
1.075306
0.810322
-1.285807
0.496673
-0.253935
0.800846
-0.257525
1.342091
0.951893
0.621428
1.359988
-0.855002
1.258350
-0.189761
-0.570678
-0.131161
-0.068371
0.616939
0.510985
0.395152
-0.880234
-1.032917
1.573608
-1.020634
-1.401845
0.515666
0.259810
0.099533
-1.134311
0.115268
-0.015876
0.596178
0.311328
0.566810
-0.412230
-1.531144
-1.804304
1.126873
0.524975
0.260211
0.595188
1.158036
0.526311
-0.389437
0.673527
-0.690948
0.914093
0.722705
0.209619
-0.045658
1.495790
1.140960
0.530616
1.209432
0.408378
-1.169401
-0.103395
1.683599
0.717392
0.001803
0.510610
0.543404
-0.458777
-0.072032
-0.506048
0.267106
0.176889
-0.115848
0.920737
-0.842131
-0.380749
0.470071
-0.615420
0.379024
0.512838
1.992064
0.507507
-0.343908
1.665219
-0.297348
-0.258797
0.248349
-0.444803
0.028966
1.224709
-0.647127
0.403306
0.247496
-0.735834
-0.403841
-0.947483
-0.811428
0.825519
0.846629
-1.279245
0.657838
0.393726
-0.819318
-1.162894
0.762808
-0.136066
0.111191
-0.108393
-0.707756
1.266857
-0.221804
1.265328
1.189518
-0.852921
0.819336
-0.533073
-0.295268
0.958852
1.064399
-0.487599
-0.137795
-0.487595
0.069161
0.522074
0.296001
-1.012773
0.462318
0.915075
-0.208484
-1.043132
-0.390235
-0.212680
-0.971362
1.703822
0.570329
0.828558
0.237045
0.594571
-0.381450
-0.761686
0.381826
-0.274909
-0.889730
0.905025
-0.733615
1.105716
1.926031
-0.350690
-1.036471
-0.893322
0.765250
0.566862
0.664305
0.709568
0.800737
-0.538891
-0.790687
1.015022
1.639259
1.587554
0.890452
0.387474
1.432923
0.370589
0.409857
0.155223
1.360928
0.354263
0.588012
-0.560913
0.749611
-0.234912
0.296546
-0.682294
0.717454
-0.185143
-1.183193
1.391001
0.420758
1.277857
0.273270
0.970656
1.622461
0.610294
1.961127
-0.170737
0.101967
0.067200
-0.093090
-0.630367
-0.878805
0.280640
0.145918
-0.187273
-0.140734
-0.389999
0.036575
0.812568
-0.255996
0.246488
-0.608225
0.136432
0.202566
-0.245278
0.256833
0.697358
-1.328874
0.103647
0.379363
-0.292592
0.670532
0.228789
0.332863
0.376463
0.450642
-1.029458
-0.638989
-1.788853
0.439564
-0.271744
-2.095177
1.585321
0.630826
-0.762503
-0.101502
0.400311
0.599298
-1.245514
-1.608068
-0.387382
0.785016
0.914320
0.214859
0.935751
-1.277505
-1.556224
-0.192573
0.119728
0.963404
0.584521
0.760708
1.976941
1.317573
-0.797399
-0.431213
-0.189812
0.656579
-0.649031
0.248229
0.609913
-0.533608
-0.065341
0.105863
0.570844
1.021552
0.714306
-1.130604
-0.427894
-0.085219
-0.749274
0.395026
0.667089
0.183165
0.807362
0.634518
-0.066227
0.332096
0.080530
-0.393615
0.122586
0.035245
-0.407522
0.068201
0.213347
-0.545177
0.866958
-2.749785
0.411138
0.342932
0.446864
-0.074484
1.434051
1.345978
-0.997907
-1.022622
-0.528622
-0.754534
0.334512
-0.204597
0.912010
1.639229
-0.268423
0.988157
1.537520
-0.414935
0.376599
0.668766
0.852498
-1.740129
1.178717
0.509593
-2.565372
0.078886
2.630406
-0.520257
1.843095
0.671096
0.281380
0.033480
-0.470975
0.351151
1.455510
0.118679
1.523258
0.282977
-1.946393
0.358114
0.130373
-0.283651
0.021921
0.909800
0.581209
0.501976
-0.069882
-1.286444
0.013865
2.094280
-1.098679
-0.541972
-2.315183
-0.330261
-1.407947
-0.284700
-0.920604
-0.663997
1.250465
2.339333
1.230011
1.032525
-1.548152
-0.430747
2.321528
0.655691
0.533051
1.183397
-0.333658
2.270267
0.933400
2.132467
-0.571571
1.864408
0.188689
-0.542626
0.175594
0.301889
0.065217
-0.107728
0.563716
-0.274828
-0.396489
0.788786
-0.470436
-0.010887
0.600717
0.043582
-0.974954
-0.884207
-0.478927
-0.169960
1.610674
1.154738
-0.332056
0.729008
-0.448868
1.247744
0.369078
-0.052060
0.000861
-0.716330
-0.049856
0.224294
-0.768800
0.424721
0.583107
-0.947797
-0.196140
0.789954
-0.239255
-0.283239
2.263212
-0.196400
0.709961
-0.436286
3.298120
2.348215
-1.536287
1.094327
0.273406
-0.647151
0.874097
-1.471260
0.553921
-0.520457
-1.752572
0.122902
1.757958
1.633388
0.167955
1.764210
0.141186
-0.080413
0.643823
0.491806
-0.045807
-0.765647
-0.921739
-0.619342
-0.176288
-1.585942
-0.333290
0.054437
0.296308
0.853039
0.388938
-0.682235
1.331193
-1.099482
-0.881328
0.459331
0.030640
-1.063784
-0.379890
0.430515
0.796562
0.030829
-0.202096
-0.759825
-0.619877
1.225520
1.803156
0.992893
0.245315
0.033983
0.310104
0.945136
0.843044
-0.387581
1.826950
0.433344
-0.087480
1.751378
-0.723232
-0.607668
-1.081483
-1.263450
1.591899
-0.054471
-1.284687
-0.175123
0.664462
-0.063988
-0.457101
0.179273
0.504323
0.618486
-0.348803
0.818981
0.477716
0.559588
-0.688512
-0.200512
1.228381
-1.092954
0.838103
-0.362600
-0.405314
1.362276
0.688529
0.707200
-0.290179
0.765830
0.427068
0.047788
-0.776130
0.734034
0.090178
1.234424
0.338340
-1.608287
0.469517
0.051048
0.408629
-0.577735
-0.442831
-0.755964
-0.219429
-0.097280
0.622822
0.762198
-0.058944
0.228380
-1.675785
0.235271
-0.148555
-0.455860
0.587105
2.889404
0.447215
-0.020050
-0.507170
-0.256877
0.151385
1.096575
0.303854
-0.433966
0.225198
-0.061668
0.461616
0.156855
1.069896
0.039989
-0.063464
-0.093121
-0.365624
-0.626236
0.682925
1.192074
-0.514564
2.419376
-0.258264
-1.505507
-0.118733
2.257175
0.018996
-0.144861
-0.673667
-0.745783
0.424903
-0.443079
-0.903776
1.363270
0.607652
-0.617272
0.649506
1.067277
0.933880
-0.219345
0.230162
0.273754
-0.462755
-0.355145
-1.391504
0.051154
1.615110
0.309647
1.148616
0.320829
-0.317414
-0.889767
-0.153327
-1.842708
-0.796081
0.583225
1.054680
-1.262908
0.066161
2.143505
-0.730383
-1.805862
0.092658
0.385528
0.768734
-1.277956
-0.729648
0.750182
1.551326
0.262992
0.476772
-0.167493
-0.753137
-0.575414
1.471042
-1.146520
0.934614
-0.244297
0.327050
-1.001338
-2.944355
-1.301716
0.358824
-1.341395
-0.181507
-1.336758
-0.112247
0.693178
-0.215885
-0.976364
-0.557406
-1.250954
0.516299
0.459556
-0.237561
-0.631907
0.201770
1.081120
0.485980
0.402804
0.213418
1.862632
-0.638685
-0.282800
1.229886
-0.404063
0.296729
1.142543
0.594225
0.306107
-0.253352
0.087498
0.780448
0.308781
0.397235
-0.385675
1.357612
-0.658075
-0.654392
0.209774
0.577047
0.244146
0.220778
-0.650112
0.802265
-0.894699
-0.626891
-0.167011
0.213487
-0.126837
0.661166
-0.919370
-0.159682
-0.456459
-1.152764
-0.013368
-1.501339
-0.235306
-0.520572
-0.215236
0.647971
-1.094378
1.496736
0.453253
0.607277
1.303278
-0.308010
0.753968
0.074612
-0.812172
-0.083021
-0.835432
0.402281
0.332927
0.283289
-0.860155
-0.416765
1.305030
-0.536092
1.759611
-0.366684
1.637513
-0.292326
1.525702
-0.581274
-0.271746
-0.186111
0.205766
0.126233
-0.067192
0.084623
0.009528
-2.326488
-0.209833
-0.670511
0.435694
1.344218
-0.206298
1.232906
0.367388
-0.606718
-0.699046
-1.324758
1.039742
2.182785
2.422760
0.750871
-1.320059
1.773395
-1.633282
-0.646280
0.323601
1.844013
0.137101
-0.381145
-0.734583
1.085689
1.898899
0.810410
0.402440
2.622958
0.123592
0.099033
-1.372651
0.169405
-0.086836
0.376345
-0.526248
0.244047
1.189767
0.607071
-0.196197
1.571736
-0.813325
2.170356
1.664523
-0.668317
-0.194072
0.238181
-1.164337
0.994409
0.566111
-0.091900
1.146250
-1.518552
-0.474759
0.449798
0.279512
-0.848308
0.624807
-1.045853
0.690073
-0.742968
-1.572802
0.052555
-0.258393
1.492765
-1.012382
1.147028
0.570895
0.110810
0.904218
1.477242
-0.627531
1.207803
2.174127
-1.905855
1.350843
1.499038
-1.066277
0.738001
-0.955361
0.944577
-0.227349
1.167397
0.938048
-0.048622
1.187217
0.654459
0.675474
-0.148649
0.955212
0.642018
1.832862
1.352994
1.555285
-0.530033
-0.600244
0.229185
0.136857
0.203418
1.193942
1.086683
0.272298
0.924898
-0.386952
0.745249
0.681803
-1.261991
0.157720
0.500477
0.104838
2.020940
-0.112096
-0.207174
3.558207
0.109033
-0.046124
1.563669
1.778708
0.534683
0.285682
-0.426014
0.220260
0.083385
-1.217181
0.068205
0.659300
-0.288388
1.492184
0.754436
-0.296635
-0.528283
-0.190835
1.038056
0.695166
1.154285
-0.349317
-0.522171
0.396483
-0.067218
1.210720
-0.248845
0.119646
-0.283757
1.496137
-0.760794
-0.063234
0.119031
-0.693741
-0.116733
-0.242089
2.405990
-0.532991
-0.147203
0.237956
0.280411
0.443059
2.238829
1.084395
0.607219
-0.212475
0.110813
-0.486853
-1.161271
-0.203174
0.024426
-0.349642
0.006469
1.037782
-0.507903
0.558370
-1.230553
-0.438067
0.102789
1.360812
0.721586
0.104754
0.887675
0.640423
0.406714
-0.316167
-0.013021
2.650130
2.445293
0.322526
-0.936649
-0.373320
0.014516
-0.694501
-0.132258
0.164112
1.023200
-0.522977
-1.209628
-0.049409
-0.891753
1.066723
0.239382
0.483368
0.649866
0.815495
-0.647396
1.252458
0.063903
0.825401
-0.284539
0.575151
0.632149
0.888999
0.595097
0.490367
0.419444
-0.757725
0.528063
-0.937317
-0.410973
1.227689
-0.356772
3.026447
1.931048
-1.623645
0.234574
-0.872976
-0.512711
-0.083490
0.661694
0.669667
0.071856
-0.319322
-0.565247
1.550171
-0.064324
0.153419
-0.185100
-0.949046
0.063053
0.802329
-0.294403
-0.620059
0.097030
-0.708346
-0.639871
0.026554
-0.179222
1.353076
1.332523
1.037489
0.142000
-0.527761
-0.573156
-0.585330
-2.377597
-0.412320
0.546389
-0.216511
-0.428045
0.186752
0.123176
-0.824892
-0.455876
0.227389
-1.067448
-0.645892
0.835141
0.318707
-1.052449
1.932046
-0.152979
-1.427012
-0.144848
0.453671
-0.591714
-0.596923
0.332041
-0.140523
0.272855
0.279737
2.803986
1.814656
0.700475
1.515973
-1.013906
0.093585
0.708372
-0.729951
-0.264129
2.057290
-0.978857
-0.648274
-0.167832
1.311238
0.498555
0.947056
0.257978
1.520307
-1.487405
-0.946680
-0.464412
-0.200804
0.059548
-1.093058
0.498700
-0.730636
0.115978
1.822111
-0.700966
-1.282451
0.857678
-0.463125
-1.264537
0.123187
-0.605854
-0.179842
2.169780
0.051041
0.121690
0.931090
1.378569
0.995186
0.694142
-1.196077
1.318703
-1.177829
-1.949420
0.777667
-0.803307
-0.527852
0.032413
-0.381183
-0.564954
-0.613678
-0.327724
-0.100368
-0.594472
-0.209823
0.444563
-0.306265
1.341059
0.211453
-0.271085
-0.017307
-0.482980
-0.817660
-0.017416
0.679807
0.306579
1.113895
-0.191989
0.931918
0.788418
0.136455
-0.987570
-0.977506
1.602188
1.403688
0.360805
1.596135
0.343285
-0.406207
2.040764
-1.053953
0.661473
0.023609
-0.058399
0.745508
1.207804
1.204924
2.435633
1.436193
0.129486
-0.430299
0.233371
2.298410
1.419850
1.338845
1.575704
1.394328
-0.007116
-0.564359
-0.525308
0.581840
1.646029
1.261803
0.752875
-0.590164
-0.553721
0.487221
0.539759
0.544348
0.088058
1.012611
-0.491644
0.048531
0.050365
1.444055
0.661588
0.406983
0.091564
0.258148
-1.102260
-0.445923
-0.174868
1.512929
0.777481
-1.301744
0.282647
-0.753935
0.211546
1.094522
-0.282219
-0.145050
0.114825
0.018164
-0.920321
0.325926
0.858333
0.738699
-0.006301
0.050326
-0.300817
-0.428178
-0.110034
0.211538
1.111664
0.289770
0.859257
0.005754
1.319860
-1.626176
0.727120
1.295313
-0.983584
1.486165
0.684987
0.107821
0.625771
1.172818
-0.204874
1.435475
2.779692
0.147164
0.026247
-0.300535
-0.360936
-0.249379
1.117987
1.057596
0.561410
-0.227534
-0.436578
0.420691
0.535743
0.459207
-1.106658
0.158589
-0.618208
1.023015
0.447930
0.903433
0.112720
1.245184
0.622160
0.861769
0.060220
0.143651
0.080008
0.861925
0.760767
1.136962
-0.731829
0.876858
2.537795
0.130871
0.445470
0.401256
-0.231735
-0.647585
0.467154
1.368403
-0.337238
0.007248
0.062170
0.215621
-0.121520
0.611401
0.662937
1.633690
0.264765
0.304960
0.235490
-1.027045
0.487664
0.188892
1.042208
0.650115
1.199202
-0.752203
0.371269
1.746587
-0.992175
0.942869
-0.881715
0.114370
-0.131181
-0.483652
0.003044
-1.003405
-0.495649
1.499062
0.641605
-0.149470
-0.867618
0.751134
-0.933196
1.682947
-1.594410
0.255452
-0.212554
0.973628
0.695343
-0.227240
0.465430
-0.427641
0.116020
-1.162645
-0.398070
-0.383235
0.682770
-1.002809
1.208313
0.467715
0.792693
0.002592
0.277966
-0.078402
-0.055737
1.565816
0.682555
0.450585
-0.000088
-0.164564
-0.546149
-0.039570
-0.282615
0.301623
-0.826512
-0.101347
0.347201
-0.320583
0.583043
0.035732
0.495464
0.445854
-0.658272
-0.602484
0.321444
0.375606
-0.387004
0.904314
0.300577
0.082113
1.082544
-0.609819
-0.080713
-0.156744
0.571354
1.047679
-0.338684
0.176688
-0.371786
0.291824
0.437241
0.638241
0.952732
-0.777639
-0.323099
0.005209
-0.122273
-0.659680
1.685203
2.515833
0.625910
-0.047928
-0.593876
0.069133
-1.544011
-0.076150
0.054964
-1.430179
0.920267
0.707547
0.526530
0.969248
1.228704
0.188866
0.024868
-1.151507
-0.407565
-0.826888
-0.059281
1.508909
-0.177697
0.309680
0.035553
0.785053
-0.459511
-0.454169
0.455538
0.091090
0.313042
0.510945
-1.634720
-0.134715
0.748006
-0.218928
0.227147
0.627934
0.086986
2.006565
0.557662
0.184920
1.146208
1.628503
-1.844508
0.851627
-0.507991
-0.616124
1.426036
0.738332
1.257516
-1.224662
1.269695
-0.496167
0.158794
1.992265
-0.259283
-0.127169
0.491801
0.427811
-0.130819
-1.739007
-1.719275
0.997322
0.881786
0.800688
-0.638420
0.019282
-0.239639
0.906522
0.355461
1.077351
2.000164
2.561937
-0.891268
0.393457
0.590153
0.468157
0.208140
0.712284
-0.260102
-0.159498
1.356455
0.000021
-0.699888
0.937073
0.790343
-1.397509
2.636242
-0.365549
-1.296350
1.393641
1.018159
0.277498
2.266909
1.272043
-0.866355
-0.184383
-0.125417
-0.597185
-0.300746
-0.052957
-0.744142
0.709323
-0.470075
0.877752
-1.664168
0.684727
-0.125224
0.622263
-0.081297
-1.360949
-0.895727
0.518310
1.467098
-0.329787
-0.306257
-0.916539
0.796590
2.556511
0.554083
0.334234
0.005081
-0.139096
0.698795
1.788699
0.070917
0.219916
-0.216386
-1.319428
-2.114794
1.116191
-0.424715
-1.331932
-2.191331
0.165476
-1.300143
0.785421
0.147659
0.725646
1.066128
-0.155447
-0.208541
-0.535161
1.397907
1.649145
-0.545334
-0.208720
-0.561519
-1.221167
-0.686989
-1.173202
1.599362
0.485609
1.271356
1.621530
1.433591
0.595021
-0.287820
-0.239804
0.835281
-0.526740
-0.257523
0.550293
1.439863
-0.075930
0.720431
1.050018
-1.147489
0.955840
0.427065
-0.019545
0.090019
1.290096
1.049841
-0.546922
1.127144
0.792268
0.595824
0.028374
-0.667919
-1.253661
0.686030
0.330403
-0.663149
0.403821
-1.518527
0.178857
-0.357979
0.219664
0.711601
0.773318
-0.475304
-0.273419
-0.076503
-0.290524
-0.640814
-0.077724
0.555803
-0.312082
0.884799
0.232792
0.066652
1.242003
0.096281
0.013950
-0.315990
0.094656
-0.466681
0.575559
1.182150
0.009400
1.948189
0.700657
0.269574
-1.127589
-0.648102
1.226893
-0.404907
0.306246
-0.942810
-1.883633
1.047760
0.656298
-0.510697
-0.851003
1.649807
-1.172992
-0.298126
0.948340
-1.605352
0.740192
-0.317586
0.269941
0.770431
-0.012999
0.979142
0.065017
-1.040325
1.146348
-0.046608
-0.860449
-0.129885
-1.308063
0.420601
0.930918
-0.214789
0.901001
-0.058110
-0.085677
0.460402
-1.025326
-1.680522
0.608515
0.591098
-0.180168
-1.821744
-0.460678
0.054183
-0.991209
0.934476
-0.139837
0.596377
1.641072
0.522333
0.190604
0.870082
0.355583
0.595502
-0.645796
-0.686714
0.833950
1.001485
-0.515058
0.265998
0.940122
-0.885488
-0.949449
-1.607822
-0.003652
-0.298936
-1.169579
0.399291
0.133512
0.747625
0.222869
0.231624
0.027869
0.769588
0.260072
-0.025944
1.080524
0.341804
0.588820
1.057220
0.460127
0.635066
0.181595
0.540322
0.382275
-0.209724
0.167944
0.848441
0.164764
0.845637
-0.106350
0.230166
0.033605
-0.094473
0.150315
-0.092051
-0.414925
0.585952
0.813958
0.354240
0.087810
0.055908
0.318736
0.528443
0.035213
0.553158
0.153687
-0.009344
0.390199
-0.153563
0.646949
0.367464
0.507682
0.956561
0.164259
0.392688
0.495898
0.473553
0.495307
1.107402
0.609048
-0.025243
-0.061461
-0.487067
0.448958
0.234920
0.188758
-0.006017
0.277503
-0.048515
0.279811
0.035776
0.495899
0.212494
0.111291
0.832385
0.084192
0.245143
-0.177237
-0.074349
-0.074872
-0.017260
-0.169698
-0.031073
-0.269037
0.155791
0.592096
-0.655164
0.531200
0.473800
-0.051884
0.077422
0.361904
0.562923
-0.082797
0.945196
0.206626
0.019727
-0.046499
0.027910
0.308902
0.599104
-0.148819
0.548358
0.247329
1.162466
0.139372
0.442174
0.081665
0.103930
0.584778
1.511272
1.376063
0.016726
0.921907
1.058991
-0.041168
0.174661
0.182621
0.498238
0.295476
0.130051
0.451007
0.008625
0.451971
-0.089586
0.656604
0.353943
0.864131
0.086685
0.129706
0.590103
0.335804
0.400151
1.317572
0.049001
1.030173
-0.350359
0.226473
0.094156
1.119403
1.541124
-0.515312
0.313784
0.217152
0.349417
-0.474049
0.388285
-0.354516
-0.457671
0.600644
-0.655433
1.656345
-0.586172
-1.048278
0.547650
-0.576191
0.212372
-0.329693
-0.115014
-0.202977
-0.406858
-0.588578
0.650571
-0.417189
-0.667032
-0.401668
0.415410
-2.979733
0.241759
-0.294652
0.002953
-0.043591
-0.229478
1.320923
-0.172311
-0.016349
2.449348
1.568694
1.214132
0.479609
-0.749875
0.200224
-1.245728
0.159530
0.246940
0.050042
0.498214
-0.825483
-0.218504
-0.452197
3.567763
0.177177
-0.061435
0.528812
1.011788
-0.139623
-2.119401
-0.849693
0.471124
-0.172355
-0.354304
0.953429
0.515693
1.864473
0.536555
-0.313704
-1.078369
0.348425
-0.472762
1.351984
0.214169
0.167289
-0.701838
-0.900211
0.281431
0.582721
-0.766307
0.906128
0.784030
0.024339
-1.736445
-0.758421
0.635952
-0.291795
0.758293
1.056066
-0.592834
0.689402
-0.294993
-0.090664
0.133015
1.542872
0.088091
-0.750265
1.090646
-0.619646
0.061724
0.150468
-2.137264
-2.236501
-2.026212
0.192508
0.581927
-0.178490
0.195134
1.210920
1.117487
-0.590867
0.847913
-0.160497
-0.536721
-0.977055
-0.024116
0.767762
-0.803259
0.534366
0.242426
0.680305
-0.549951
0.029737
0.360483
-0.985933
0.026064
-0.488049
0.168489
-0.408987
0.135557
0.147558
-0.761282
0.524525
-1.049639
-0.644094
1.154639
0.087582
-1.555076
-1.078896
-0.747563
0.224485
-0.874005
0.079346
1.302124
-0.393134
1.931995
-0.430316
0.407396
-0.189652
-0.760253
0.547939
0.044033
0.908210
0.633289
0.132799
0.487142
0.094995
0.056948
0.874810
-0.740132
0.534278
0.079839
0.326457
0.166825
0.369568
0.499572
-0.959305
-0.534250
0.484573
-0.035055
0.316778
-2.194709
-0.087209
0.117093
1.160982
0.682229
-0.211019
-1.063208
0.406542
-0.375021
-0.673476
0.326810
1.055990
-1.176565
-1.308474
-0.078352
-0.465869
-0.290384
-1.027146
1.183344
0.695391
1.623476
0.351825
-1.007050
0.102630
-0.595323
0.273313
0.103992
1.012171
0.846086
0.684972
0.321839
0.407691
1.388458
0.145773
-2.148415
-0.335695
2.293276
0.228143
0.069362
-0.864012
-0.441722
1.792478
-0.131790
-0.611558
-0.038365
0.143394
0.281434
-0.894960
-0.548724
-1.292679
0.824443
0.187206
-1.229965
-0.147429
-0.426094
-0.912653
1.334391
-0.113533
-1.088294
1.540125
0.092651
-0.440996
0.780586
0.611589
0.609163
-0.789618
2.139000
0.236503
-0.338807
0.471608
-0.002764
-0.234544
-1.563001
0.370465
-1.231124
1.429914
0.665354
1.438236
0.155720
-1.308292
-0.717360
-0.696057
0.861620
0.566134
1.127701
-0.462972
-0.578358
0.601975
0.323275
-0.637936
0.242539
1.056323
0.102974
0.105966
0.838185
1.287426
-1.520958
0.424428
-1.310082
0.373876
-0.478541
0.770945
-0.035399
-0.960860
0.214133
0.310924
-1.025993
-0.873040
-1.016271
0.712978
0.078126
2.464717
0.352296
-0.139840
0.347396
-0.156703
0.508000
0.664481
-0.253369
-0.636424
1.328493
0.122303
0.091542
-1.129929
0.869511
-0.990572
0.264229
-1.415904
0.264978
0.096071
0.554422
-0.015690
0.306910
-0.136119
0.327897
0.359085
-0.055374
0.093881
-0.108411
0.663926
0.005796
1.741137
-0.371602
0.633190
-0.300189
0.188939
-1.013264
-0.297194
0.898423
0.325300
0.692649
-0.127044
-0.269612
0.281719
0.579005
-1.032070
-0.778472
-0.261494
0.352225
0.533318
-0.023733
-0.358513
0.651369
0.377373
1.046173
-1.245602
-0.743816
1.565439
0.360939
0.129550
-0.235755
0.565445
0.037626
0.053998
0.261359
0.996052
-0.881491
-0.535713
-0.150642
0.271297
0.630341
0.300362
-0.938437
-0.008616
2.441031
-0.289637
