2
78
128
-0.461357
0.287085
-0.786539
-0.949009
-1.342425
-1.357599
-0.195977
0.086252
0.603575
0.690279
-3.185760
-0.065781
-0.162801
0.824625
0.806677
-0.510864
-0.469480
-0.085454
0.488073
0.358394
0.202618
0.305345
-0.068678
1.190428
1.022028
-0.324402
-0.480032
-0.494768
1.064293
0.063513
-1.249346
-0.448045
-0.389657
0.879430
1.771931
0.511192
-0.133735
-2.231771
-0.141328
-1.742209
-1.255652
-0.863604
-0.894672
0.799576
1.496336
-0.768793
-0.419127
0.986832
-0.747564
-0.685573
1.069892
-0.344318
0.962797
-1.748953
-1.232810
-1.025704
0.144893
0.334153
1.173121
0.447392
-0.389616
-0.051729
-1.023950
-1.733871
-0.998088
0.452626
0.225069
0.703685
0.691882
0.593784
1.333290
-0.001785
0.933397
0.746946
0.624496
-0.392018
0.899855
-0.918397
-0.583225
0.392981
-0.979013
-0.616642
-0.052537
-1.300950
-0.970908
-0.978334
0.271466
0.622905
-2.271896
-0.525662
1.764813
-0.147518
-0.931515
2.146447
0.490865
-0.604869
1.201243
0.012977
-0.099548
-0.297901
-0.430546
2.193859
-0.073328
-2.953445
-1.516594
0.863855
-0.120679
-2.386280
-0.647562
-2.630070
0.847104
0.631769
-0.359125
-0.371610
-0.654839
-1.866071
1.064646
0.997673
-0.645135
0.563357
-0.476501
0.324745
-0.866812
-0.166071
-1.124571
-0.243318
-0.627135
0.913808
0.282150
-1.049133
-1.990823
0.685638
1.210542
2.113419
-0.905034
-1.137762
-0.018843
-1.238467
1.430308
1.254825
0.722516
-0.083351
0.988464
0.972111
0.210261
-0.083449
-0.365038
-0.683193
-0.646404
-0.405340
-1.285765
0.702662
0.676051
1.195117
0.096060
-2.788396
-1.877645
0.664062
-1.937601
0.422912
-0.603470
0.297335
-0.427695
-0.145540
0.241414
0.501409
-0.107463
-1.283725
1.218714
-0.212960
-2.027739
2.712794
3.096080
0.313746
-1.563340
0.010880
-0.595020
-0.853707
-0.232969
0.309428
0.301385
0.366530
1.293174
0.317348
-0.764718
0.756591
-0.199113
-0.283489
0.047150
-0.205157
-1.343943
-0.562962
0.584506
-0.401474
-0.998716
0.341846
0.026073
-1.991534
0.742296
-0.882963
-1.294567
-0.441597
-0.226255
-0.040413
-1.619264
0.697143
0.067562
0.546002
-1.534599
-0.271934
1.311054
-1.015474
1.812823
0.648539
-0.278852
-0.641349
-0.661425
0.312696
0.779217
2.130843
-0.399369
-1.082636
-0.890603
2.165530
-1.582268
-0.997472
0.840433
-0.628853
-1.073268
-0.888805
0.124392
2.071475
-0.957853
-0.817130
0.673702
0.649008
-0.526016
-1.268185
-0.119105
-1.433048
-0.278684
-0.390554
0.206011
0.697094
0.013758
-0.591190
-0.418189
-0.473143
-0.447790
-0.995318
0.705836
0.179966
-0.926036
-0.470257
-0.166820
0.392710
-0.241606
0.924190
0.601531
0.808444
0.006025
0.122765
-0.137526
0.640008
1.849812
0.423452
0.034031
-1.300257
0.983593
0.231051
2.173401
1.149915
1.534140
2.912150
0.902930
1.135916
0.125384
1.339083
0.812334
-1.475817
1.203635
0.689296
0.397999
2.448804
-0.730158
-0.406458
1.434283
-1.509948
0.615461
-0.578656
0.342406
1.499035
-0.117851
0.982801
-0.403182
-1.474405
-2.903113
0.711988
1.761191
-0.022846
-0.279310
-1.105256
-0.158359
-0.613942
0.286088
-0.472039
0.243948
1.129407
0.378864
-1.187077
0.594045
1.153412
1.544897
-0.879770
-0.760333
0.749787
0.620524
1.462832
0.941307
1.052216
-2.159000
1.707254
0.730168
-0.496791
0.372134
0.155168
-0.236724
0.749289
0.967989
-0.653687
1.437045
2.558613
0.755445
0.761539
0.649448
-0.904700
1.232054
-0.174321
1.288760
1.028745
1.107630
1.593361
1.191178
-1.995983
1.618102
-0.529670
-0.482706
0.638239
-0.179454
0.565071
0.759438
0.462111
0.884682
0.468792
1.770743
0.068493
1.841304
0.669940
0.649409
0.489631
0.947435
-0.250999
-0.456664
-0.705830
-0.840294
-0.184005
0.750467
0.747526
0.327750
2.161258
-0.147623
-0.879067
0.444557
0.562445
-0.186495
0.088999
0.691970
0.466390
3.393909
1.581306
-0.375927
1.194052
-0.485846
0.171916
-0.462454
-0.715274
-0.192535
-0.750496
0.435108
-1.531621
-0.225693
-0.410825
-0.299328
-0.052491
0.192984
0.127759
-1.377127
-0.728056
-0.358782
-0.877971
-0.681136
-1.304591
-0.050263
-0.598288
0.097225
0.146348
-1.164252
-0.382716
-0.791964
-0.420573
-0.506079
0.818896
-0.906196
-1.022008
-0.314159
-0.052213
-0.506899
-1.011181
-0.191892
-0.152094
-0.441964
-0.056029
-0.239455
-0.670805
-1.408598
-0.125274
-0.250711
-0.819959
0.445027
-0.115489
0.263460
-0.620117
-0.709071
-0.158775
-0.767050
-0.125096
-0.891910
0.549313
0.224741
-1.064108
-0.049653
-0.382639
-1.295031
-0.352775
-0.492754
-0.167837
0.576009
0.470110
-0.259285
0.962766
-0.102411
-1.075016
-1.276040
0.120816
-2.225400
0.177924
0.618666
0.809493
0.479216
-0.214257
0.492980
-0.106014
-0.874994
0.399409
-0.335932
0.148993
-0.699922
-0.277421
-1.616012
-0.791003
0.643990
-0.204687
0.599650
0.981502
-0.292117
0.050430
0.806562
-1.055264
-0.655874
0.101675
-0.135036
1.214056
-0.333470
-0.208429
-0.079576
-0.288741
-0.844170
-0.001653
-0.027727
0.304431
0.057297
-0.165827
0.006960
0.171458
-0.087708
-0.781610
-0.562752
-0.223971
-0.135698
-0.514752
-0.461150
0.438951
-0.573343
-0.375665
-0.312119
-0.609613
-0.395778
-0.233336
-0.096926
-0.537431
-0.006622
-1.033149
-0.401697
-1.942306
0.396344
0.372535
0.372530
1.135102
0.208906
-0.304550
-1.060258
0.160893
0.608396
-1.146777
1.578819
-0.620933
1.384472
0.055440
-0.406709
0.244058
-0.227102
0.552477
0.324025
0.513224
-0.077074
0.479031
-1.017338
0.916764
-2.616406
0.585642
0.196975
-0.897442
-0.776707
-0.324343
-0.052692
0.287143
0.702721
-0.198975
0.505039
-0.514799
0.816674
1.207021
-0.324827
1.244200
0.200958
-0.044270
-1.850420
-0.484919
0.438154
-1.084585
-0.323612
3.169948
2.505207
1.386845
-0.240068
1.314034
0.384684
-1.116487
-0.014980
-0.909800
0.165392
-0.087089
1.749563
0.008379
-1.202274
0.510609
-0.796085
0.039498
3.115161
0.498380
0.344021
0.747968
0.864721
0.221241
0.741478
0.708484
-0.392539
1.158962
-1.255538
-0.251154
0.722694
-0.107220
3.800895
-0.723725
-0.025210
-0.101682
-0.327586
2.630103
0.066005
-0.487820
0.058279
0.188842
-1.620898
0.641120
-0.570390
1.385618
-0.185515
0.747194
0.901413
-0.424335
-2.047044
-1.069314
-1.114904
0.323177
1.263465
-0.299190
-0.056349
0.252654
0.576015
0.244169
-0.146285
0.007337
1.352429
0.715122
-0.208562
0.279721
-0.011966
-0.353131
0.475449
-0.182570
-0.568819
-0.241106
-0.463372
-0.595159
-0.651418
0.959694
-0.418803
1.011465
0.164260
0.387451
-0.001023
-0.712691
3.065282
-0.349865
-1.164945
3.028901
-1.491980
-0.968377
0.762962
0.198998
0.392481
2.521410
2.887126
-0.632786
-0.327179
0.613016
0.382676
0.839388
0.130258
-0.148537
0.750626
-0.256364
0.280231
0.173527
1.569115
-0.505352
-0.723208
-0.278581
0.206518
-1.115899
-0.987081
-0.610272
0.938151
0.003789
-0.820999
0.111796
2.548422
-0.358004
0.211208
-0.693607
2.679753
-0.247159
2.853310
-1.229969
-0.010715
0.774553
1.879441
0.016288
-0.008745
0.859763
-0.438477
0.987377
1.002886
-0.966161
-1.353617
-0.382774
-0.649184
1.154436
-0.638909
1.079038
-1.048191
0.444446
-0.651895
5.018546
-0.104389
1.009337
-0.102823
-0.417055
0.398927
-2.007687
-1.111675
-1.376691
-0.122559
-1.105143
0.362835
0.114956
-0.388531
-0.051443
0.102220
-1.487969
4.995766
0.696618
1.373050
0.106741
2.117150
0.837133
0.658047
-3.822988
1.814144
-0.086061
0.910597
-0.689559
-0.344300
0.938252
-0.682341
-0.697450
0.821214
0.264406
-1.273807
1.073554
2.016259
1.282374
1.003586
3.075628
0.402281
0.051982
0.305858
-0.113078
0.723564
1.374745
1.381472
0.548480
0.290463
0.540680
-1.436424
1.337663
1.163954
0.236165
-0.005509
-0.574933
0.772287
-1.108862
-0.156863
0.422161
-0.459644
-0.583181
0.017792
0.891725
1.650417
1.149337
0.236020
-0.933352
-0.405840
0.204343
1.022744
-0.975289
1.317455
0.787436
1.821461
-1.833986
-1.025612
0.666634
-0.285682
-0.109545
-0.466278
-0.442532
-1.839311
-0.655269
0.049711
-0.299739
1.306753
-0.472416
-0.324908
-0.747023
-0.327834
1.594143
-1.606784
1.076309
-0.819738
0.240749
-0.307033
1.094126
-0.471195
0.485723
-0.018377
-0.104387
-0.774650
0.962656
-1.016613
-0.170934
-0.367409
-0.124462
0.089368
0.356939
-3.036749
-0.285638
-0.579618
2.430264
-0.022709
-1.300050
-1.147872
-0.610000
-0.478034
0.621962
1.240945
0.960075
1.435928
-0.809584
0.734586
-2.119522
-0.294448
-1.325632
-1.101298
-0.232971
0.251955
0.997631
1.080883
1.264020
-1.900892
-0.162033
2.172074
-0.229941
-0.862034
0.440280
0.843502
-0.801026
2.411017
2.671077
0.159496
0.255706
1.325163
-0.175973
0.237773
-0.889138
-1.262908
-0.390665
-1.268665
-2.356245
-1.212773
-0.034776
0.937441
0.749116
0.244138
-0.250223
-1.197167
-1.254794
-0.119959
0.368939
0.929746
-0.345643
0.076169
-0.522606
1.799826
-0.253379
-0.960015
-0.462900
0.676716
-1.374181
-1.580190
0.071659
-0.929474
-1.769580
-1.733591
-0.598801
0.157783
-0.342945
-1.272031
0.531057
-0.647367
-0.249348
2.153372
-0.472001
0.588710
0.511335
1.383600
1.182191
0.668181
2.024265
1.138038
3.090762
1.744084
2.129000
0.393967
0.118144
0.825784
-0.608629
0.782396
0.215714
3.258835
1.044706
1.222559
-0.294223
0.869947
0.865718
2.000399
2.941648
0.548081
1.828327
0.802995
0.011542
1.381157
-0.401476
1.158426
1.424595
1.294350
2.659684
0.991989
0.538915
3.846781
0.929752
2.837968
1.407699
-0.325591
0.178122
1.813558
1.244464
2.700525
1.520713
1.476903
0.678183
-0.956704
3.082757
2.186625
0.779060
-0.429737
1.509070
0.061594
1.735879
-0.076553
1.288897
0.866752
0.702840
0.972906
-0.393651
-0.533768
1.735927
-0.273679
1.349415
0.811558
0.680368
1.763795
-0.558249
0.745175
1.309909
0.207949
1.370140
0.190121
1.728662
1.147647
1.445791
2.351985
-1.671658
0.755530
-1.014938
0.183434
-0.115991
-0.045804
1.378080
-0.546217
0.366291
2.105492
2.267124
0.657064
2.526997
2.516603
0.103441
-0.692647
-1.953148
0.733948
0.184692
-0.615883
1.529812
-1.352472
0.783106
1.039697
0.957397
-1.822191
0.999434
2.489939
0.178209
1.648753
0.839782
-0.678285
0.451493
0.630195
1.039634
-1.249583
1.400753
2.269972
4.297411
0.791352
0.686888
2.310992
0.301655
0.455335
1.068795
2.161160
0.801238
0.242385
-0.160249
0.631795
-0.380164
1.640546
0.481865
-1.126340
-1.006601
0.372287
-0.135343
-1.305342
-1.004930
-1.026412
-0.302454
0.275614
-1.598024
0.207339
0.495240
-0.351293
-1.020709
1.676633
-0.176528
0.146165
-1.247601
0.178472
0.706389
0.546754
0.329239
0.482733
0.631761
0.366888
0.140861
0.297874
0.899142
-0.135622
-0.555012
-0.125841
0.011212
0.270500
-0.456423
-0.774805
0.052551
-0.678423
-1.389517
-1.924641
0.633324
-0.818948
1.389358
0.050541
-0.628495
-0.500385
-2.101332
0.210126
0.686776
-0.371625
0.128876
0.578424
0.221840
-1.491069
-0.384753
-1.999451
-1.231446
0.168640
-1.556310
-0.409731
-0.038476
0.603337
-0.102454
0.690913
1.689468
-0.042218
0.039634
-0.987497
0.992329
0.497515
-0.003905
0.855041
0.845355
-0.050195
0.369807
-2.246940
-1.383132
-0.810599
-0.017584
-0.647120
0.245162
0.709083
-0.403925
1.213072
2.092275
-0.644454
-0.167373
-1.926446
-0.096681
1.272451
0.487318
-0.665551
-2.462588
-0.182561
-0.120064
-0.148629
0.085478
-1.590864
0.486060
0.008314
-0.604473
-1.332871
1.214250
-0.871296
-0.119213
0.473824
-0.482318
-0.885689
0.234571
0.154562
1.234454
0.376799
0.218380
-0.864077
0.618060
-0.201130
0.029682
-2.048706
-0.738752
0.393845
-0.394810
0.002713
1.816332
-0.920707
-1.117517
0.984545
-0.489932
-0.709199
-0.006405
1.386850
1.384500
-0.834380
-1.625044
1.970808
-0.297204
-0.059505
-0.267332
-0.446770
0.597766
0.589865
-2.140356
-0.006441
1.261320
-1.100892
2.134638
-0.099204
0.519196
-0.492367
1.334188
-1.538736
-0.949237
2.640991
0.419063
-1.168434
-0.482778
-0.383623
-0.294718
-1.122435
-0.379369
0.057724
0.772253
0.089043
-0.107233
1.746017
-1.743800
-0.488606
-0.248637
0.656345
0.166949
-0.229324
-1.232198
-0.914460
0.723181
0.682790
-0.297633
-0.659859
0.900481
3.332451
-1.565286
-1.888591
-0.260138
-0.570182
0.423420
0.766471
0.104879
0.211310
-1.051076
1.221264
-1.069803
0.447348
-0.918010
-1.273082
-1.428960
0.058309
-1.109765
-0.048227
-1.369186
-0.847492
1.039344
0.246644
2.255059
-0.315975
-0.801069
-1.824941
-0.291492
-0.639445
-0.771748
-0.155391
1.830089
-2.489189
-0.385626
-1.727097
-0.654323
0.365159
1.662512
-0.850248
-0.929254
-2.028157
-0.960567
-0.373329
-1.985915
-0.948154
-0.577673
-1.252087
-0.680295
0.062722
-0.044890
-0.916023
-0.532257
0.898967
-1.124499
-0.198591
-0.305551
-0.762197
-1.315829
-0.424154
-0.075362
-0.329849
-0.613865
-0.529807
-0.933851
0.860717
-3.467118
-0.571273
2.016823
-0.388034
-0.290224
0.321826
0.768792
-0.515693
-0.351811
0.956263
-1.389045
-0.118285
0.613828
0.326916
3.529742
0.703325
-0.225457
0.323385
-0.454227
-1.504103
-2.223425
0.088146
0.099534
0.200164
0.051686
1.138893
-0.188814
0.294850
-0.619338
0.563236
0.748534
0.756804
-1.884359
-0.037363
1.287754
-0.201144
-0.369116
0.363900
1.798838
-0.701879
1.334703
0.576649
-0.399382
4.171036
0.056176
1.580398
-0.907775
-0.763532
-0.429053
2.043572
-0.596999
-0.023587
-1.259662
0.005942
1.129102
-2.038308
2.705574
-0.345289
0.268332
0.460973
3.644522
-0.395516
0.163841
0.395205
0.250380
0.280534
-0.624089
0.081166
-1.277428
-0.239862
0.011932
0.919596
-0.002368
0.813900
-0.587417
0.005450
0.651722
3.462542
-0.498093
-0.805324
-1.477515
-1.057096
0.040296
0.307481
-0.656448
-0.124291
0.547159
-1.214230
0.774398
0.973425
0.146186
0.248655
0.495795
-1.086463
-0.000230
-1.113360
0.706078
-1.356233
-0.162753
-0.895952
-2.140859
-0.761643
-0.141226
-0.426128
-0.085328
0.064377
-0.800682
0.765428
0.868891
-0.041101
1.212775
0.265150
0.070582
1.628293
0.026993
-0.206536
-0.335368
3.179531
-0.621988
-0.471037
1.873788
1.655204
-0.368667
-0.247327
0.324875
-1.415078
0.422158
0.144934
-1.144531
0.809073
0.252723
-0.780517
1.463284
1.033834
0.240918
-1.546524
-0.314008
1.078677
1.019389
-0.488919
-0.297295
0.790055
-0.651234
-1.090454
0.664016
-0.290927
-1.258631
-0.847003
-1.653926
-0.427378
1.361076
-0.614204
1.324043
0.976487
-0.279392
-0.393208
1.072603
-0.584052
-0.398058
1.314884
0.148930
1.277984
-0.899927
-1.357005
1.432547
-1.281372
0.716978
-0.249794
0.165804
-1.563958
0.615791
-0.791287
0.303432
2.718289
-0.091823
-0.144561
-0.768593
-2.348674
0.306982
-0.138954
-1.536629
-0.311301
0.714056
-0.024531
-0.037736
-0.923912
-0.827213
0.379957
0.672019
-0.524776
-3.197635
-0.124132
-0.739901
0.665506
-1.042993
-1.216143
0.324169
0.491764
2.502843
3.708889
-1.923161
-1.948722
-0.065418
1.023419
-1.295317
-0.878292
-1.901695
0.799945
-0.473191
-0.863291
-1.308277
-0.940839
2.365826
0.622412
-0.404675
0.140359
0.953177
2.232010
-0.935799
-0.358624
-0.105928
-0.906097
-0.671168
-0.276569
-0.523534
-0.626770
1.668367
2.035465
-1.042130
0.735887
1.417033
-1.630327
1.227723
0.455297
0.780648
0.157425
-1.965666
0.338661
0.578758
-0.062250
0.141372
-1.142820
1.339813
-1.265985
1.716960
-1.717610
-0.262088
-0.298018
-1.129941
0.516112
-1.857334
0.429220
0.403623
2.622666
-0.519661
-1.170768
-0.287056
-1.208907
1.708514
0.630584
-0.082858
-0.248450
0.095829
-0.540426
-0.570224
-1.474221
-2.671187
-0.765634
-0.605520
-0.302860
1.354947
-0.670744
2.326851
0.072276
-0.923254
-0.567284
1.442042
-1.624014
1.048371
-0.408523
2.045478
-0.292533
0.713734
1.426108
0.365636
2.120070
-0.239751
-0.133174
0.790700
-0.611110
-0.309797
-0.574583
-0.242248
0.331528
-0.862817
-0.843024
1.647911
-1.246224
-0.097507
0.451728
1.327346
-0.228260
-0.364464
2.542323
-0.650037
-1.970762
-0.165433
2.534243
-0.175113
1.230046
0.737040
1.041520
-0.428675
-1.140959
1.108727
0.581675
1.134780
-0.068204
0.587990
0.619156
0.926702
1.120485
-1.451047
3.241487
0.179290
1.954000
0.219133
-0.034845
-0.320099
2.487514
0.001154
-0.410745
0.456132
-0.003064
-0.757878
-0.772738
-1.403966
0.220118
1.196120
1.471967
-0.069091
-3.021962
1.606327
-0.919619
-0.332701
0.295981
0.437513
0.018371
0.440298
1.361594
1.458833
-1.130280
-0.200355
-1.852648
-0.234923
0.879200
2.093842
-0.177300
0.655414
-1.620901
-0.582852
-0.361674
-0.525474
1.925478
-0.775198
-0.070316
0.002133
-3.063842
2.069987
1.290642
0.675995
-1.905930
-0.358842
-0.168768
-0.686936
-0.670351
-0.353591
-0.217782
-0.539816
-0.080467
-1.934850
0.456384
-0.160597
-0.405272
0.858309
1.545117
-0.047154
1.761077
0.344969
-0.112525
1.054874
1.826434
-1.154072
-1.801043
-0.569664
-0.078934
0.647656
0.322798
-1.021135
0.267887
0.128445
1.054707
-1.848601
0.239288
-0.669061
1.412371
1.839928
-0.044247
0.362277
-2.007548
-1.132248
1.202244
1.912867
-2.008761
0.300256
2.643545
0.041102
-1.365576
-0.429441
2.648787
-0.084094
1.171227
0.936864
1.779744
-0.913867
-1.381012
0.021522
0.233353
0.078346
-0.823685
-2.078654
1.233401
2.608783
-1.573549
-0.472562
0.177272
1.577723
-2.510849
-2.576201
-3.601086
0.450758
1.064029
1.769012
-4.305596
-0.048372
3.198798
-1.797729
-1.020681
0.246329
-0.147306
0.938079
-0.398281
-1.711397
-0.348740
-0.551456
-1.276748
0.932335
-0.208658
-0.513215
-1.163233
1.055606
-1.779284
0.353720
-0.716225
1.237679
-0.497748
0.151762
-2.461719
-0.062936
-2.967206
-0.691894
2.355299
0.093666
0.345874
1.205648
-0.059530
-0.625902
-1.231853
-0.462024
1.060785
0.264320
-0.303752
0.352985
-1.202699
-0.439949
-0.237233
0.450826
1.423468
0.217156
1.079639
0.672596
1.029384
-1.173036
-1.288195
-0.039472
-0.194941
0.940421
-1.084416
0.141396
1.899856
1.313362
1.790035
0.873712
0.880194
0.598917
0.925209
-0.355939
0.323515
-0.312966
-0.753098
1.293234
-2.886708
1.336018
-0.497981
-0.736356
-1.113133
0.868372
-0.082932
-1.403269
1.594129
0.085083
0.232932
0.538636
1.155717
1.080678
0.835787
1.084967
-1.879909
0.246192
1.325642
-2.361148
0.213255
-0.044030
-0.677122
-0.782798
0.487066
-0.932676
0.153089
0.239482
0.348320
0.740361
1.210838
-1.057044
1.803500
0.347129
-0.590345
-0.103200
1.742145
0.222532
-1.006385
-0.452819
-0.351482
-1.173266
0.190860
-0.890188
-0.767831
0.040320
0.470402
-2.871275
0.520997
0.212058
-0.462992
1.577582
-0.002661
1.225373
-0.915255
-0.661605
-1.834944
-0.177613
-2.100838
0.955900
-0.462718
0.694013
1.021698
2.038638
-0.686502
-0.436459
1.088398
0.490879
-0.876007
-0.918138
0.611793
0.011929
0.621238
0.279161
-0.268661
3.398347
0.377958
2.314584
-0.292317
-0.615036
1.822803
-0.244756
-1.070278
2.235392
3.870580
0.680044
1.797799
1.028876
-2.749416
2.399918
0.818272
0.067136
0.494591
-2.153064
-0.507039
1.069834
1.255963
-0.470350
3.493120
-0.169148
-0.540295
0.413248
-1.452521
0.052196
-0.102610
-0.035112
2.201909
-0.665895
-1.549128
0.514229
2.361228
-0.004830
0.776010
0.269700
0.020535
0.333184
0.598136
1.074425
0.276265
0.599164
0.625037
-0.177768
-1.235048
2.123207
-1.124880
-0.173657
0.120171
0.423097
1.288171
1.089635
0.122604
-0.778578
-1.021107
-0.737333
-0.619962
-1.672084
-0.101570
1.075928
0.249192
-0.567553
1.709199
0.025531
-2.805091
0.173618
2.429175
0.294420
0.007717
-0.055193
-3.299852
2.442814
3.167152
0.534359
0.039889
-0.905586
-0.984099
0.618000
-0.086914
0.642830
1.872089
1.358848
0.582019
0.802841
-0.143412
-0.835764
-0.025777
-0.802633
-1.570925
0.437136
0.072777
-0.591505
-0.827446
0.707580
-0.798959
0.441880
1.046340
-0.869135
-0.227825
0.145496
1.555278
2.780776
-0.531627
1.038124
0.613453
-0.144539
0.792396
-0.538000
2.392307
-0.511431
0.346072
0.251735
0.234134
-1.064278
0.220247
0.313300
1.124227
-1.381961
1.325845
3.913273
-0.094780
0.853846
0.635748
-1.033698
0.418431
1.634031
1.117035
-0.820291
-1.245462
-0.543161
1.823269
0.540221
-0.012274
0.034843
-1.478624
-0.714516
1.739860
-0.511215
-1.435637
-0.297310
-0.147726
0.141162
1.659061
0.636622
1.161795
0.682305
-0.540117
-0.751014
-0.462354
0.071626
3.119909
0.532391
0.377252
0.006669
0.885429
-0.716884
0.656383
0.067869
-0.999069
-0.292099
1.484246
-0.545070
1.206087
-1.055775
0.902701
-1.133427
-0.715939
1.719382
-0.774787
-0.494323
-0.946992
0.193107
1.096485
0.177992
0.980513
0.717460
0.040180
-0.247775
-0.705184
-1.967697
1.044682
-0.929366
-0.011436
-0.146623
0.737721
2.617966
1.159645
1.501600
-0.823283
-0.961917
-1.952795
0.465925
-0.901250
1.591576
0.702634
-0.201919
0.583091
4.253043
-1.293813
2.538699
0.134027
0.138522
-1.246481
-0.461030
-0.255728
0.647531
-1.349572
-1.881665
-0.580272
-1.942338
-0.895207
1.118609
-0.575361
-0.847027
-0.235038
0.637744
-1.737986
-1.291838
-0.634739
-1.182974
1.936950
-0.323894
1.841378
0.393376
0.294619
0.573024
1.061168
1.696062
-0.308209
-0.974982
-2.683897
0.076293
1.229795
-0.702088
0.832498
-1.116811
-0.358572
-0.506380
0.037287
-0.230427
-1.487782
0.747467
0.332964
0.127424
0.220315
-1.321634
0.587149
0.001982
-0.523104
0.529895
-1.160849
-0.065830
-0.419179
-1.019928
-1.159677
-0.743611
0.672145
-0.138294
0.813913
-0.910939
-0.760129
-0.314692
4.911301
2.220826
-0.976733
-0.394090
2.533516
-0.503882
0.207783
-0.147361
0.587646
-0.104857
2.104780
-0.879613
-1.237008
-0.552118
1.400928
-0.764913
2.172526
1.464798
-0.737515
0.181639
-0.651485
-1.066540
-0.733553
0.339477
-0.414006
0.190181
0.836280
0.339785
-1.000863
-1.135660
0.037666
1.312024
-0.460179
-0.169754
-0.536177
0.226338
-2.136003
-0.519136
-0.498653
-1.798460
1.711388
-0.836621
-1.563398
-1.141898
0.276672
-2.229635
0.569883
-0.302339
-1.844875
-0.463919
0.129282
1.028229
-0.272179
-1.553196
-1.009597
-0.565222
0.176875
-1.602031
0.037539
0.373989
0.243151
1.733449
0.828285
1.012484
-1.264390
1.078113
-0.673091
0.890944
-0.237900
-0.008236
-0.118469
-0.875235
0.221554
0.571172
0.263324
0.370564
-0.595598
0.068007
2.473296
0.731598
0.384271
0.739289
0.373314
0.688330
-1.054973
-0.464180
-0.627948
2.290619
0.607337
-0.769215
0.169767
-0.760143
1.041956
-0.242788
-0.940001
0.118940
-0.377675
-0.696696
-0.424598
1.975167
0.597987
0.623085
0.588591
-0.482800
0.290740
0.419378
-0.574343
0.225824
0.539265
-0.054095
-1.750935
0.265206
-1.518896
-0.255735
0.321034
1.162877
0.768796
-1.199226
-0.075538
-0.048560
0.725955
-0.004321
0.488177
-0.027373
0.279688
0.549563
-0.109727
0.198640
-0.461259
0.554012
0.351212
0.703275
0.883859
-0.126857
-0.113822
0.622792
1.529454
-0.483174
1.207647
0.664657
-0.435773
0.597220
-0.698449
-0.146234
1.324203
2.010468
0.586365
-0.666986
-1.106479
-0.659031
-1.604210
2.620686
1.676673
-0.617075
-0.168092
-1.858816
-0.640994
-0.594511
1.037993
0.586735
0.568387
0.291699
2.127351
0.391061
1.598878
0.104435
-1.790361
0.360851
0.913142
0.526027
-0.111533
-0.778663
0.675996
0.228846
0.882847
-1.911951
1.523189
-0.272328
1.582278
0.548997
0.747400
-0.017575
-2.257617
-0.428048
1.465564
0.216580
-0.222795
-0.696811
0.619410
1.375919
0.059903
0.433967
-1.443016
-0.699920
0.480266
1.024384
-0.002325
3.768374
-0.715626
-1.406504
-1.323339
-0.553298
1.317867
-0.489893
0.032405
-1.340626
3.001356
-0.691424
1.180114
0.673649
-0.350632
0.876175
-0.258182
0.832394
-0.501297
-1.079734
0.683498
0.084373
1.141173
-0.678438
-0.153301
-0.218528
0.063483
2.015091
0.595387
1.022574
1.692897
-0.326150
-0.263126
1.543263
-1.162726
1.518039
-2.474222
-1.998865
-2.726092
0.007672
0.419278
0.710400
-0.793198
-0.925481
0.624031
0.241198
-0.242630
0.221941
0.961061
-0.431863
-0.888152
0.337434
0.605648
-0.619833
-0.070449
-0.296685
-0.444418
2.542597
0.556362
0.684466
1.168028
-0.047275
0.939789
-0.077014
-0.048837
0.917220
0.161939
-0.565794
-0.418418
0.184650
-1.425426
0.955909
-1.510900
-1.244532
0.423642
0.563316
-1.242102
0.746638
1.647932
-0.108928
-1.628145
1.002993
-0.420050
0.645178
0.112482
0.220327
2.985354
-0.644926
1.384949
-0.636958
1.858609
0.307846
-1.380901
1.840222
-0.084642
-2.739908
0.891186
0.681606
-0.160260
0.613093
-1.139697
0.427085
-0.069728
2.552027
1.884693
2.178906
0.933699
1.789503
-0.415953
1.240330
0.819734
-1.203143
-0.185570
0.680990
-0.323420
-1.322320
0.625558
0.274004
0.657643
0.319156
-1.459180
0.615142
-0.539901
-0.113808
0.071196
-1.115429
2.574471
-0.714309
1.776690
-0.482614
-0.610685
0.340769
-0.046800
0.565814
1.478377
-1.234549
-0.574675
-0.342476
1.619018
1.615924
-1.044626
1.090030
0.229257
-0.128442
1.334400
-0.266251
-0.002616
-0.017327
1.747356
-0.319735
-0.836113
-1.087873
0.150876
1.004041
-0.450479
-0.993463
0.209908
-0.974229
0.278484
-0.207313
-1.618974
-0.789089
1.626956
1.588247
-2.319364
0.109860
0.400326
0.635929
1.122832
0.737944
-0.260846
1.474908
1.564184
0.016842
0.897960
2.100855
-0.379886
0.074038
0.264124
-0.051347
1.940368
0.656799
1.164311
0.371772
1.940809
0.808896
-0.037906
2.773217
-1.834487
1.062616
-1.437958
0.581783
-0.139063
-0.555559
-2.149619
-0.904898
1.259721
-2.882958
0.746967
0.527007
0.943089
-2.556679
0.582727
1.101217
-2.947634
-1.000845
-1.045195
-0.076253
-0.474246
0.209948
0.435357
2.035995
-1.616582
1.446948
-0.456713
0.100355
0.699406
0.482551
0.272844
-1.354329
-0.685003
-0.663308
-1.202392
-2.790668
-0.972172
-1.314331
0.189991
-0.027903
-0.163346
1.069769
0.630539
0.382201
-0.645672
-0.928492
0.718883
-0.053495
-0.396312
-0.145214
-2.649102
0.485931
0.723029
0.509397
-0.215502
0.554951
0.530658
0.112769
-0.271302
0.762052
-1.343558
0.229363
0.431317
-0.192547
-0.045932
3.598049
-0.726246
-0.535899
0.778666
-0.796568
1.603943
0.151335
-1.438734
1.017488
0.156266
0.371060
1.727146
0.983871
0.772825
1.331679
-0.158616
0.336598
0.493998
-0.354883
0.757636
0.432739
-1.177911
-0.799741
-0.571648
0.714531
0.687148
0.335993
-0.817492
0.195421
0.201018
0.150664
-0.451789
-0.340082
-0.086070
0.949782
0.270647
0.939264
1.042552
0.281294
0.730032
-0.719131
1.039503
0.261060
0.696163
-0.090778
1.321033
0.708865
-0.214817
0.705036
0.146210
0.431088
-0.254599
-1.608135
0.853628
0.586526
0.600615
-0.118832
-1.211844
1.231106
-1.689369
-0.153363
-0.677602
0.016525
-1.108372
0.183161
0.791953
-0.687401
0.261250
-0.368426
-0.884869
-1.468419
0.745547
-0.995579
-0.075190
-2.259797
0.666132
-0.357355
-0.842979
0.098213
0.637976
0.171000
-0.878709
-0.853813
0.934942
-0.306269
0.362030
-0.053962
0.549457
-2.314006
-0.002377
0.036322
-1.528197
0.146258
0.139007
1.626030
-0.438741
0.520743
0.157223
-0.198333
1.655812
-1.233644
-0.427297
-0.138120
-0.137806
-0.551560
-0.556704
-0.589832
-1.014607
-0.690543
-1.714757
0.225583
-0.470121
-1.903737
-0.453872
-0.981600
1.919426
0.456941
-1.379207
1.374965
0.898618
0.081869
-1.207852
0.719039
-0.328643
0.495955
-0.233590
-0.325713
0.645152
0.348358
1.143625
1.205799
0.101143
0.936762
0.159636
1.011158
0.902361
0.525235
-0.298577
1.257094
-0.121102
0.781968
0.077994
0.256055
-0.176217
-0.273906
-0.495393
0.063914
-0.142869
-0.065390
0.473855
0.511247
1.073584
-0.175492
0.056619
1.025605
-0.007621
0.627991
0.422004
-0.602915
0.523241
0.426125
0.468879
0.005818
0.808204
0.444336
-0.016415
0.149618
0.338370
0.414814
0.440687
-0.256487
0.555891
-0.319193
-0.287805
-0.179489
0.008012
0.561162
0.326673
-0.468941
0.601009
0.327155
0.660892
0.041188
0.613555
-0.254416
-0.073177
0.507005
-0.138513
-0.311125
-0.246460
-0.031237
-0.252092
-0.220336
-0.649687
0.038986
-0.267723
0.442214
0.456896
-0.548904
-0.067213
0.293510
-0.208034
-0.199804
0.200831
0.956901
-0.208890
0.783390
0.979033
-0.128714
0.178228
0.000678
-0.024902
-0.420328
-0.457794
1.021210
-0.012770
0.990583
0.101954
0.519187
-0.381240
-0.066066
0.520159
0.217200
0.524824
-0.057567
-0.148697
1.319923
-0.314904
0.106377
0.009573
-0.005695
0.710918
0.096233
0.651631
-0.237852
0.608598
-0.618060
0.720263
0.075319
0.665462
-0.144343
0.026273
-0.757887
0.262616
0.457943
1.219747
0.040646
0.424150
-0.379816
0.052083
0.005294
0.157210
0.943223
0.684406
-1.295908
-0.462102
-0.731509
0.722369
2.231862
0.556631
-0.727718
0.892745
0.047023
0.790915
0.099948
-0.439025
2.164192
-0.756125
-1.618697
-1.697842
2.337867
1.196541
-0.492387
1.023372
-1.905227
0.481653
0.120534
0.856649
0.752782
1.099861
-0.783365
1.203036
1.015161
-0.839083
-0.934931
-0.554223
0.698295
1.843461
0.028239
0.609115
-1.252585
0.514713
0.244351
-0.070496
-2.647807
0.808137
1.525809
0.756851
-1.420573
0.825221
-1.338647
-0.710138
3.184590
0.806258
-0.153210
0.152287
0.706041
-3.948840
-1.566083
-3.087312
0.520077
0.145530
-0.279224
-0.361914
2.505579
1.769940
-0.541690
-1.956931
0.309899
1.058738
1.119302
3.386492
0.176954
0.481704
-1.568766
1.294097
0.123673
0.605410
-0.547197
0.081287
1.020278
0.499933
-2.377402
-1.664898
0.632599
1.178116
-1.343250
3.325418
1.298948
0.905974
-1.858475
0.395971
0.507689
-0.581998
-0.091194
-0.256105
-1.542613
-0.196318
0.500616
1.324877
-1.787253
-0.547911
-1.116958
0.907080
1.581718
0.953542
0.362635
2.351201
0.820686
0.633201
0.121087
0.446660
0.974991
0.097224
0.763278
-0.104737
-0.792122
0.138443
-0.567636
0.308041
-0.241792
1.151224
2.904791
0.138181
1.448169
-1.762360
-0.164790
0.066767
-1.572623
0.349218
-0.478065
-1.083998
0.049877
1.268138
-1.231910
-0.357320
0.089223
-1.556073
-1.125850
-1.391814
0.620353
-2.049939
0.034476
-0.247846
-0.323124
-0.865054
0.172765
-0.201536
-0.566844
0.855502
0.645757
0.655091
-1.036389
-0.611656
0.055386
0.362859
0.822547
-2.684545
-0.286655
0.204114
0.131920
0.373495
0.108732
-1.247962
-0.640708
-3.160196
0.252021
0.419867
0.334103
-1.869461
-0.572302
0.428004
0.563042
0.279671
-2.407938
0.127296
-1.501109
-0.414277
0.416723
-0.820601
-0.745501
-0.672825
-0.930199
-0.829704
-0.343659
-1.367972
-0.458297
-1.572498
0.657931
0.297855
0.294771
-0.429293
-1.052429
-0.816130
-0.003819
-2.239212
-0.069150
1.429518
0.622927
-0.812307
-0.145172
0.352837
-0.018715
-0.547455
-2.317338
-0.720289
0.204183
0.184246
0.228475
0.062085
-0.059299
0.720492
0.004367
-0.342992
-2.028234
0.261065
1.658539
-0.962215
0.046464
-0.447831
0.435457
0.183044
-0.311241
-0.769205
-0.519410
0.008516
1.070189
-0.204759
-0.212473
1.690122
0.222289
0.597089
0.101570
0.711214
0.562515
-3.128586
1.149735
1.670170
0.758380
0.479089
1.275802
-0.128222
-0.166895
2.148247
0.287680
0.098865
0.578574
2.612927
-0.343032
-0.653302
-0.315268
1.293039
0.359236
1.482069
-0.154952
0.594181
-1.407703
0.953739
1.133573
0.235380
-0.966507
1.907216
-0.257403
-0.484454
2.419598
3.295081
-1.867629
0.436533
-0.490652
-0.855709
-1.721258
-0.143733
-0.697565
-0.403348
-0.862129
0.553053
0.209333
-1.361113
-0.185658
-0.482184
0.155726
3.844430
0.575389
0.564352
-1.222759
0.293287
1.886966
-0.426133
-0.172786
0.417925
1.446116
-0.951118
-1.853057
0.366376
-0.045175
-0.121300
-0.005329
-1.042454
1.498024
2.053192
0.106742
-0.724233
-0.961102
-1.283787
-0.185525
1.833252
-1.192887
-0.251827
3.707324
1.055368
-1.003577
1.607472
-0.038221
0.410896
-0.322460
0.870942
-0.538017
-0.095598
2.031998
1.061852
2.637009
-0.185298
0.442415
0.350660
0.379361
-0.463565
0.207031
-0.204188
0.429281
-0.790797
-0.167596
-0.848921
0.604675
-0.649013
1.513344
0.483133
-1.007967
1.482213
0.960725
-1.988394
1.595107
-1.675932
-0.803612
0.051773
0.580735
0.946107
1.167259
-0.315487
0.166037
0.480830
0.775927
1.123064
0.327932
0.062933
3.621427
2.003377
-0.787706
-0.486948
0.025808
-1.039573
0.831011
-1.182549
-1.917413
-0.915371
0.963143
-0.560046
0.116869
0.274070
1.032219
0.062248
-1.532427
-0.692626
-0.809144
0.399717
-0.942839
0.921655
0.356958
-0.973803
1.976250
-0.146183
2.359745
0.884462
-0.614739
1.309495
-1.265538
0.791452
0.657215
0.760590
1.594381
1.508267
-0.168718
-1.432435
-1.680699
1.766412
1.148685
-0.547791
0.129259
-0.640362
0.877627
-0.230526
0.220521
-0.514903
-0.095360
-1.466656
0.489965
-0.127051
-0.298182
1.188096
1.162947
1.185625
-0.754402
-1.851937
-1.150696
-2.119262
-1.009584
1.669884
0.892317
0.425340
-0.033540
-0.598959
0.319634
0.623501
-0.124115
-1.656263
1.510886
1.771391
-0.873055
-0.754302
-0.715356
-0.413623
0.443958
-0.194896
0.368705
0.085492
-1.088655
-0.562866
-0.488447
0.349369
-0.631764
-0.241750
-1.772703
1.825853
-0.027389
-0.568438
0.689900
0.778723
-1.044676
-2.226314
-0.086440
-1.669272
0.001849
-0.230098
-0.304407
-1.764445
-3.562463
-0.713673
-0.426498
1.362546
-0.976721
0.435959
0.393019
-0.859699
1.342100
-0.419469
-0.391823
1.472900
0.132229
-0.024707
0.268248
-1.836402
-0.615886
-2.062790
-0.672672
0.958368
0.637471
0.580120
0.729697
-1.056712
1.203299
1.423844
-0.550261
0.414169
-1.809833
-0.709262
-0.354150
2.205154
0.530121
-1.280300
-0.013952
1.428095
0.148368
1.482630
-1.646905
0.892077
-0.942651
0.619156
-0.435092
-0.679114
1.862694
-0.423184
0.346805
-0.435992
1.492228
-1.802348
0.851953
2.813796
0.664003
0.482257
0.967798
-1.520384
-0.766044
-2.102275
1.444488
-1.550614
-1.834367
1.107647
2.317893
0.839369
0.973851
0.188575
-0.312334
-1.651882
0.105320
0.370885
0.117959
2.033992
2.555523
2.093946
-0.579141
0.944047
1.145982
1.269075
1.231213
1.041873
-0.449912
-0.282743
-0.769414
-0.504653
-0.751980
1.381395
-0.947136
0.552735
-0.644471
-0.104041
0.782406
-0.396629
-0.881568
1.218306
1.483289
2.322531
1.506685
0.085158
-0.167891
0.330166
-0.715721
-1.599437
-0.444001
1.236112
-0.235341
0.756899
2.471334
-0.699682
-1.807161
-1.532753
0.582552
-1.235276
1.171434
0.753512
-0.549803
-0.936604
0.636372
0.400782
1.957987
-0.939654
1.679512
0.806315
-0.651052
1.835907
-0.214965
0.485121
0.651470
-0.477658
0.963552
-0.022203
-0.237188
-0.727470
0.322703
1.120461
0.437182
0.061413
0.151796
0.229631
-1.047717
-0.313215
-0.477328
-1.290284
-0.467769
0.424401
0.686070
-0.364578
1.472763
-0.652409
1.321520
-0.217393
0.525330
-0.149016
-0.417934
0.123259
0.611268
-1.734073
0.975610
-0.356054
0.820107
0.187849
-1.562209
-0.593469
-1.809794
0.845181
0.673758
0.801270
1.504406
0.154459
0.197705
0.607774
-0.353448
0.995741
1.541120
-0.282531
0.536877
-0.576703
-0.370941
-1.353332
-0.455134
1.288784
-0.696027
0.046686
1.127579
1.541070
0.447435
-1.706137
-0.536907
0.058203
1.075753
0.289951
-0.736139
-1.305972
-0.938315
1.076810
-2.026448
0.046068
-0.019249
1.802218
2.301117
-1.780826
3.322985
-0.235935
0.199623
0.855870
2.271091
1.418920
-0.266357
2.351515
-1.270275
1.018987
0.619707
0.500140
-1.410304
1.116742
0.892417
-1.760123
0.893869
-0.317049
2.165936
-1.815155
1.039170
0.215801
0.748946
-0.216387
-2.036117
1.599041
-0.646638
0.090469
-0.873699
-0.200169
0.545487
0.405151
-0.133569
0.151494
-1.648332
-0.159173
-0.268174
0.320520
-0.725432
0.572829
-0.174452
1.592261
1.759392
-1.200586
-0.781766
0.741004
0.446443
0.978112
0.209787
-0.395777
1.353161
-0.523148
-0.481700
0.456309
0.156876
-0.131825
0.871562
1.272922
-1.122658
0.681911
1.594707
-0.352740
1.096721
-1.706218
0.030488
-0.926050
1.976799
0.973924
1.758682
1.745490
0.973918
-0.184272
-1.427904
2.105032
0.318909
-1.634872
0.477042
1.737187
-0.452981
-1.880313
0.083491
0.265435
-0.091554
-0.636008
0.658952
1.641254
0.092539
-0.362606
-2.000017
0.179078
-0.108719
-1.011482
1.401927
-1.008328
-0.480292
0.236137
0.173498
-0.035270
-0.891564
1.752536
-0.627883
1.459281
3.090125
-0.642961
0.018500
-0.370179
0.175067
0.447085
1.082589
-0.758501
-0.192785
2.743602
0.436539
-0.265633
1.268485
0.025725
0.291524
0.328063
-0.310330
-0.410395
-1.187086
0.335060
0.329362
2.137697
0.824857
-0.626190
1.192666
1.037734
-0.374130
0.360197
-1.030076
-0.868322
-0.280194
1.143573
1.246541
0.400615
0.455111
1.889273
0.784741
2.305028
0.992772
0.709091
-1.684957
0.012139
-1.204597
0.284234
1.453639
0.771378
0.446984
-1.139039
1.104969
-2.031803
2.410009
0.316756
-1.214809
0.038006
1.233594
1.031288
0.490862
1.061667
-0.442702
1.459610
1.379326
0.710074
-0.472353
-0.091852
2.262650
0.783979
-1.706406
0.124438
2.222170
-0.118910
-0.273336
0.127401
-0.780040
-0.860414
1.415141
1.004815
1.252599
1.073348
-1.226863
1.967264
-1.121181
-0.576922
1.809744
1.429020
1.334778
0.484649
1.038882
1.381132
0.335999
0.044688
1.344666
0.669741
-0.684895
2.486604
-0.263140
0.193771
1.019902
-0.864307
0.007750
-0.116027
0.860941
1.186870
0.369337
0.457292
0.848327
0.775282
0.469428
0.025493
-0.905624
1.883434
-1.896785
-1.102950
-0.291362
0.934700
2.753975
-0.688323
2.584279
1.977365
-1.734006
-0.269223
-1.952738
-0.263586
1.021196
0.025276
1.039070
-0.920210
1.538538
0.101744
-1.348158
0.585482
-0.094522
-1.403680
-1.033263
-0.343172
1.105375
0.575218
1.435660
-0.224306
0.141448
-0.143944
0.207037
-1.949343
-1.139202
-0.165568
-1.465865
1.057821
-0.527194
0.978804
0.290215
0.108677
-0.907475
-0.575162
-0.412336
0.418792
0.871752
-2.732835
2.008393
-0.107911
-1.860844
-0.797970
0.226995
1.377591
0.115088
2.001589
-0.955523
1.562932
-1.064210
-0.130311
-1.543691
-0.084163
-0.382872
0.158765
0.856803
-1.766266
-1.079647
1.587708
-0.927504
-0.134105
-0.094019
-0.520842
1.009910
1.223473
2.030596
-0.489024
-0.690618
2.532434
0.934965
-0.444248
0.033694
1.264614
-0.992580
1.923514
0.172427
0.215359
0.733085
-0.258159
0.635429
0.231532
-0.139531
-0.537066
-0.365119
0.167017
-0.022965
0.546006
0.874780
-0.364458
-1.929354
0.241732
-0.211002
-1.519055
-0.042423
-0.074068
1.088779
-0.024473
0.315746
-1.830636
-0.210268
1.082077
-0.348706
-2.128008
0.139217
-0.708761
2.191665
-0.610273
0.425407
0.229245
-0.485686
-1.047659
-0.710491
0.849368
0.337532
-1.527579
-0.737599
-0.208527
-0.249591
0.451600
-1.290277
0.040934
-0.776618
1.482333
-0.291818
0.330753
-0.971260
1.991360
0.339558
0.330378
0.781793
-1.530566
-0.106166
0.530700
0.068142
0.321142
1.190096
0.604604
-2.230436
-0.458525
0.612973
0.433472
0.859236
-0.076762
-0.509757
-0.637090
1.689953
1.461541
-0.254329
-1.669140
-0.177420
-1.320468
-1.053974
1.825208
-0.361218
-0.487895
0.259199
0.194847
0.717094
-1.775230
-0.647670
2.204934
-0.435931
2.270100
0.080233
-0.950169
-1.027918
-0.414427
0.137868
-1.019321
-0.553272
1.131543
0.538478
0.402776
1.799073
-0.433390
0.715742
0.695945
1.664787
-1.030349
0.068453
0.939946
0.772178
-0.224883
1.875415
-0.083343
-3.490790
-1.035344
0.539782
0.717540
-1.244257
0.729674
-1.325543
0.763051
-1.560819
0.808158
-0.975596
-1.066065
0.846967
1.438466
1.447937
-0.533555
-1.165489
-1.103543
1.231912
-0.608982
-0.400214
2.749984
1.236689
1.000722
-1.247111
0.454764
0.152501
-2.202249
1.237156
-0.348373
1.596699
0.307500
-2.846077
-1.129565
-0.004466
0.818141
0.337410
1.982195
0.891267
-0.785073
0.942806
0.929399
-0.820858
-0.706195
0.200454
-0.740348
1.115207
0.635009
-1.318110
-0.096444
2.858705
-0.004878
-0.337184
0.926242
0.652125
0.176543
-1.395026
1.768626
0.126714
0.966739
-0.676333
-0.272400
-2.168772
-0.668115
2.454489
1.596942
1.168734
-0.555749
1.579174
0.936949
1.036835
1.085111
0.806170
2.424458
0.218700
-0.518101
-0.563098
-0.913337
1.538607
1.851221
-0.415381
-1.393421
-0.296435
1.147780
0.667538
1.192462
-1.199318
0.561157
0.910564
-1.647068
0.139350
0.256209
0.147276
-0.081211
-1.371061
-0.923061
1.722792
0.409247
0.271516
1.392337
0.493354
0.006474
0.590080
-0.295623
-0.302830
-0.563403
1.551087
1.433095
1.072321
-1.079940
-2.272612
1.607765
0.676823
1.871291
-0.133285
1.195704
-0.450781
0.662071
-0.052552
0.016533
1.279249
2.086734
1.772414
0.348141
0.479361
1.980793
-0.910269
0.648409
0.484585
1.563713
1.043840
1.398795
-1.093946
-0.228612
0.405036
1.980298
1.560975
1.244675
0.250948
0.432321
0.569237
0.721838
-1.283985
0.243484
-0.763504
0.268381
-0.288412
-0.756424
0.558285
-1.907467
-0.253332
-0.150324
1.000266
1.078978
0.054458
-0.544261
-0.122328
-0.412746
0.137194
0.165445
0.849805
1.530211
0.758662
0.789916
-1.877654
0.789942
-0.228765
0.376619
-1.081706
-0.007988
1.059621
0.448430
0.398945
-1.486367
-0.394676
-1.772212
0.480802
1.212486
0.709910
0.205031
0.608380
1.540741
-1.453951
-0.437262
-0.248753
-0.128587
0.771624
-0.580239
-0.880273
0.261258
-0.048230
0.288300
-1.697753
0.154665
1.082197
1.335713
-1.064832
0.485731
-0.870550
-0.025357
1.370498
-0.069182
0.537457
0.138426
0.379108
-0.063924
-0.529070
1.307590
0.824257
1.037929
-0.100216
-0.557630
-1.282133
0.981850
0.387049
-0.204630
1.291312
-1.099162
-0.558509
0.288602
-0.640549
2.194448
-1.407333
-1.777274
-2.409778
-1.133012
1.014228
0.539047
1.207234
-0.624536
-1.776011
-1.416528
-0.271936
0.179240
0.009084
0.972276
1.054692
0.008333
1.610049
-0.512059
1.046281
0.282542
-1.114695
-0.562858
0.084915
-0.067090
-0.204747
-2.159852
-0.619929
1.301137
-0.230183
-2.035312
0.677056
0.032817
0.163890
0.730548
0.041494
0.527480
-0.251867
-0.274177
1.200368
0.457652
1.344828
0.122385
-0.430900
-1.269487
1.192894
0.870483
2.050993
-0.050411
0.555852
0.720704
-1.808669
1.537715
-0.866331
-0.717286
0.039564
-1.237011
-0.531282
-0.242720
1.687257
-0.747803
0.385084
1.122785
0.242410
0.214806
-3.294088
-0.259832
1.138379
-1.821797
-0.185703
0.744929
0.589354
0.815489
2.526477
-0.739750
-0.175205
0.411494
0.598047
-1.255808
1.071898
0.408421
-1.814596
-2.225154
1.124218
-0.814910
-0.700709
0.492907
1.430966
-1.137096
0.855751
-1.943112
-1.006006
-1.475477
1.018705
-2.020252
1.132563
-0.556767
1.162797
0.533919
-2.922732
-1.148506
-0.702366
1.801567
-0.553845
1.323754
-1.140407
-1.198081
-0.889688
-1.938963
0.938034
0.539937
-1.809207
-1.222003
-1.012132
0.185364
-0.248789
0.454763
-1.342258
-0.445690
1.082581
-0.852862
1.337531
0.530987
-0.448723
0.287803
-0.612944
-0.151849
-0.914092
1.385470
-0.055848
0.681830
1.147099
-0.701224
0.806505
2.570720
-0.048613
-0.560519
-0.450049
-0.815328
-0.116718
-0.053016
-1.476763
0.441298
0.701888
0.211708
-1.280548
0.207191
1.140998
0.379888
-0.440878
1.379869
0.627468
-0.924267
-0.727952
1.797773
1.847591
-1.069948
1.711407
-1.834786
1.040236
-2.562639
0.354225
0.104859
0.175458
-0.328899
-0.750082
1.872136
-1.527699
-0.309302
1.112805
0.271301
2.180748
0.658716
-0.185015
-0.316190
0.942698
-0.475054
-1.662989
-0.270626
0.011891
-1.460921
-0.121543
0.294331
1.272855
-0.511351
1.118843
-0.560941
-0.235053
0.345941
0.045396
0.931194
-0.686719
0.803899
0.751959
0.813398
-0.154977
3.996675
-0.315779
-0.577421
1.229477
0.218746
-0.510028
-0.566510
1.493349
1.827162
-1.034768
1.662243
-0.603105
0.955378
-1.449702
1.492521
-0.608515
-0.724817
-0.654709
1.121704
0.741271
-0.637596
0.557899
1.128496
-1.117514
0.803019
-0.967267
0.180873
1.596792
0.970337
-0.402246
-0.626499
0.254448
-0.777559
-1.545145
-1.272987
0.262495
0.405441
1.572998
0.140836
0.362136
0.556083
1.140575
1.413676
1.445398
-0.369061
-0.540344
-1.807554
0.645803
-0.534264
1.919033
-1.108644
0.470099
0.094654
-0.167520
2.409701
-4.462113
-0.245687
0.142845
-1.188762
0.147839
1.161766
-0.252661
-2.105020
-1.089153
-0.461311
0.222433
0.815681
0.159221
1.653900
1.722148
-3.049203
-0.207244
-1.958426
0.376862
3.208496
-0.994447
1.507089
-1.484044
-0.326900
-0.034378
0.318711
0.157574
-0.759010
0.809270
-2.317425
-0.088660
-4.137907
-0.979165
0.931639
-0.610844
0.097916
-0.545253
0.816918
2.041960
-0.953289
-0.759859
-0.598683
0.363649
0.960736
1.614486
-0.753851
1.096859
1.257794
-1.960571
-0.409990
0.444548
1.128064
-0.388528
-1.526678
-1.356587
-0.565025
-1.195288
2.146248
0.190041
0.616070
-0.861629
1.179621
-0.523635
0.772734
-1.794915
0.221861
0.027984
0.894848
0.635249
-0.153497
-3.223857
-2.328329
0.280889
-1.129288
-1.163953
0.269265
-1.416492
-0.780875
1.536501
-0.060825
-0.475922
-0.841006
-0.567667
2.133997
-0.751109
0.062391
0.406743
-1.815036
1.301210
0.462538
-0.593227
0.122343
2.149673
-0.096860
-1.634721
-3.125007
-1.002950
1.905316
-0.117916
0.245609
0.658097
-0.238795
0.266513
1.873696
-2.750255
-0.962198
-1.301051
-2.286856
0.678333
-0.769194
-2.631348
2.602421
-0.591298
3.011729
0.164402
-1.582621
-1.449544
-1.113705
-0.920195
-3.070770
0.321998
-0.339690
2.423743
0.203112
-0.492364
4.961099
-1.435503
1.247685
-0.051202
-1.464932
-0.075658
-1.190344
1.354352
1.315276
-0.300663
-0.527513
0.502207
2.517515
-1.020142
0.298324
1.542205
-1.977602
0.261595
-0.087130
0.738280
1.567679
-0.276510
1.031621
-0.566517
0.257450
-0.275260
-1.271618
0.659050
2.086171
-1.783062
0.806758
-1.403444
-0.310326
0.037143
-1.512237
0.561009
0.491127
0.746919
1.189511
-0.337331
-0.239752
1.089274
1.247172
-1.032001
1.563797
0.453106
1.934785
0.657956
0.805394
-0.553956
3.273195
1.520209
0.311262
-1.554656
1.685353
-0.148905
-0.265000
-0.448204
-0.263859
-0.504144
0.834926
-0.442221
1.098912
0.367829
0.377590
-0.688690
0.643703
-0.908034
0.185405
0.159776
-0.296152
-0.492515
-0.164756
0.375633
0.584460
-1.243448
0.701538
-0.128692
-0.231446
0.068138
0.758183
-0.632997
0.854400
-1.529889
-1.029482
-2.088502
1.231090
0.816235
0.621175
-2.073107
-0.597632
0.335234
2.375797
0.083579
2.484863
2.858751
0.898473
1.743531
-1.649628
-0.520449
0.718068
-0.049358
2.946084
0.449621
0.259191
-0.846747
1.066006
0.482763
-0.927504
2.222111
1.845363
-0.100173
1.098867
-0.570775
-0.387071
0.113104
1.499781
0.286656
-0.841799
2.010598
-0.663309
-1.957112
-0.893853
-0.392276
-0.789796
-1.171288
-1.563996
-1.379003
0.106867
1.154825
0.377844
-0.811667
1.664481
-0.053516
-0.349217
1.188923
1.266446
-1.437940
-0.454823
-0.862523
-0.339249
-0.791784
0.739895
-0.176017
-1.061450
1.458778
-2.043985
-0.516807
-0.667322
-2.860871
-0.483473
0.656172
-0.468563
1.443189
-1.150381
0.279905
0.641699
-3.030750
-0.688335
-0.995786
-1.434015
0.220866
-2.344840
-0.273509
-0.425934
-0.863272
-0.041284
0.535430
0.562111
0.607720
-0.257746
-0.260315
-2.528806
0.344273
-0.667864
-2.286048
2.008233
1.144663
-0.646841
-2.179331
-1.955324
-0.301602
0.840615
0.526652
-1.729669
0.972362
-1.836139
-0.455223
4.503016
-1.347658
-1.623568
-0.612158
0.701563
0.518214
-0.454549
0.007692
-3.063305
-0.075971
-0.961395
-3.351318
-0.030867
-3.059590
0.047802
-0.159210
0.017083
-0.080928
2.053490
-0.030497
-1.865750
-0.680783
0.835793
-1.671862
1.647965
-0.890239
0.640924
-1.314521
-0.722705
-1.195972
-1.235235
0.098701
0.565467
-1.574210
0.353421
-0.173225
0.467627
-0.095936
-2.823548
-0.528228
-0.403109
-1.570832
-2.785375
1.401019
1.265873
-0.676719
1.042396
-1.361701
-1.430574
-0.330822
1.406541
-0.173229
-0.770489
-1.846749
-2.246051
0.477756
0.967971
0.771322
-0.381637
-0.373577
-0.052865
-2.380004
-2.168201
-1.962130
-1.886027
1.392149
-0.160883
0.176559
1.595287
-0.830709
-0.043705
0.482229
1.936580
-2.944225
0.364077
-0.354610
-2.293541
-0.829165
0.011168
2.424000
1.879570
-0.616506
-0.635130
0.338126
-1.088272
0.539721
-0.671006
0.820465
0.861954
-0.576664
1.006929
0.274565
-1.348895
1.337897
-1.443460
-0.562139
-2.007253
-0.181406
-0.090248
0.181942
0.191321
-1.510679
1.370148
0.211362
0.504792
-0.003999
-2.579157
-0.681408
0.075558
-0.647447
-0.470436
-0.312070
-0.971613
2.046670
0.493066
0.132603
0.143060
0.934511
-0.631546
-1.507795
0.412350
-0.218625
-0.600896
-1.127235
1.679580
0.974590
0.232902
-0.534880
-1.285551
0.757036
-0.827761
-1.485974
-3.199509
0.514828
-1.214902
-0.800631
0.276058
0.493857
-0.260446
1.742596
-0.987134
1.351875
-0.279090
2.435027
-0.467726
0.473870
-1.311924
-0.842716
-2.273639
-0.335677
1.346975
-0.559408
-0.009466
1.650867
0.382183
-1.103377
-0.274709
1.007039
0.979521
-1.152258
-1.743876
-1.459884
-1.154168
-0.763775
-2.064347
-0.186414
1.957870
-0.205394
1.393737
-0.411944
-0.222236
-0.359436
-1.685871
0.576318
0.742612
0.241867
-0.130234
1.743846
0.136998
0.663546
-0.426783
1.773587
2.199807
0.634057
-0.518210
0.256374
3.344138
-0.564995
3.415587
0.093794
1.996332
1.029998
-0.555761
-0.660915
0.758293
-0.707287
-0.124024
-0.091479
-0.833407
0.077690
0.810381
-1.154920
-1.258703
1.293163
-0.982563
0.719939
0.915525
1.471402
-1.497836
-1.405409
0.784213
0.175119
0.091263
-1.022057
0.431740
0.327172
-1.394649
-0.183179
-1.155029
-0.003588
1.261569
-0.308047
0.617308
0.748177
0.384392
-1.309970
0.030615
1.381986
0.997484
1.244907
-0.599413
-0.840487
-0.564983
-1.341248
2.348961
0.344540
0.320043
0.688071
1.380186
-1.035270
-1.821339
0.080737
-0.218883
0.800694
0.572204
-1.123756
3.291580
1.226797
0.265978
-1.488997
-0.665442
-0.081640
-0.391291
1.264283
-1.093664
0.679849
-0.293685
-0.267160
-1.006242
0.566844
-0.163633
0.531549
0.385287
0.446146
-2.295545
-0.194253
0.969325
0.155690
1.550430
-0.530641
0.250607
-3.532740
-0.321777
-0.359261
1.101678
-1.243447
-2.225635
0.205566
-1.849967
0.908936
-0.764054
-0.350437
-0.415543
0.302579
-0.484054
-0.535026
-0.074702
-1.737598
2.115864
-0.202204
0.506671
0.673403
0.072274
-0.810287
-1.661315
0.687848
0.292751
1.343446
1.366355
-2.441155
2.419946
-0.331738
-2.036297
-0.785293
0.035681
0.872135
-0.289540
-1.030537
0.853932
-0.728114
0.321421
0.311388
-0.611097
-0.864117
1.173822
-1.812640
-0.114170
1.707095
1.065873
0.607300
-1.479812
0.018318
2.242710
0.755479
-1.683915
0.770527
2.016286
-0.323244
1.474006
-0.360021
-0.230194
-2.726947
0.197354
-1.569335
0.623025
-1.725857
-1.210534
-0.654135
0.696025
0.886966
1.743044
-0.415152
0.940380
-0.218009
-0.113743
1.863320
-1.311925
0.088525
2.096242
2.300731
-1.084878
-0.891498
1.389271
1.195384
0.558187
0.610485
-0.811551
-0.814770
0.737514
0.069401
1.435708
-0.153651
-0.455054
0.420100
-0.881516
1.906446
-2.395252
1.831100
1.202566
0.319592
-0.016295
1.669442
1.237249
1.102816
0.320229
-0.216852
1.478012
-0.216839
-0.680573
-0.307933
1.339777
-0.148065
0.315368
-0.725917
0.848986
-0.566115
-1.108333
0.372760
-1.035264
-0.712909
-0.548876
0.026259
-0.112393
-0.675114
0.112542
-0.126704
3.041915
-1.497557
0.591713
0.121466
-0.581357
-0.243036
-1.470616
0.927725
-0.481681
1.493181
-1.461601
-1.001195
0.848143
1.251535
1.825764
0.463904
0.857130
-1.117440
0.342548
-0.250412
-0.153986
0.842970
-0.546550
0.335781
-1.588085
-0.984091
-0.296419
1.453571
-1.299454
-0.731147
0.266565
1.039622
0.093634
-0.065390
-1.188104
-0.420945
2.471539
2.284984
0.161228
-0.093748
-1.818027
0.405373
-0.329075
0.092709
0.259239
-1.340856
-0.111326
-0.257744
0.439348
-1.376324
-1.315408
0.441912
-1.449598
-1.388956
-1.007880
-0.555009
-0.921391
0.664381
-0.780391
-0.407646
-0.380000
0.982476
-2.286614
-0.384367
0.271693
-0.961152
-1.055992
-1.083691
0.080819
-0.629930
-0.471297
-0.693656
3.534937
-0.333313
-0.494162
1.668624
-1.998752
1.476268
-0.934942
-0.690256
-0.294272
1.209969
0.234791
-1.906432
-0.966695
0.280195
1.593112
0.251962
-1.736770
-0.434826
-0.440795
1.342863
-0.980106
0.939352
-2.132586
-0.087753
0.103631
0.234067
0.299241
-1.537317
-0.661092
-1.140215
-1.195917
0.351095
0.097725
-0.353509
-1.512411
0.699490
0.298020
-0.502446
0.511498
0.653063
2.083554
1.965711
-0.398674
0.181578
0.254478
0.627181
-0.009219
1.693635
0.412067
-1.748796
-0.025358
-1.596882
-1.856883
-0.403744
-0.557692
1.901974
0.573183
1.030816
-0.283096
0.183022
1.531414
1.189213
-0.781251
0.162878
0.431028
-0.372350
-0.033561
-0.853051
0.302081
1.285417
-0.891920
0.542821
-0.225253
-0.435631
1.473660
1.506541
-1.445135
1.376243
-0.041218
-1.040672
0.363740
-0.323099
-0.093022
3.024944
-2.434532
-0.338500
0.125100
-0.334073
1.053111
1.139417
-0.702117
-0.167372
-0.738576
-0.268250
0.790865
0.994019
-2.318671
1.282008
-0.164493
-0.929695
-1.726605
0.145889
0.816572
0.193941
0.399519
-2.600945
1.064101
-1.673592
0.210205
-0.469847
-2.081243
2.609113
-0.117514
1.409733
-0.021957
-0.458728
0.030033
0.854029
-1.230819
0.142256
-0.910908
0.802436
-1.369101
-1.011400
-0.435494
2.135372
-0.009738
0.837695
1.312025
1.634213
-1.471183
-0.106500
-1.195693
2.675149
-0.402965
-2.070131
-1.975206
-0.440607
1.332553
0.676426
0.847675
0.715739
-0.296295
-1.380908
0.272859
0.934038
-0.583433
0.677180
0.542551
-0.105853
1.272392
-0.373425
0.299478
0.758459
1.043141
1.634300
-0.755807
0.945896
-0.694592
-1.704575
0.863231
2.201048
0.695148
-0.597211
0.011771
-0.528229
1.611052
-0.238634
0.358220
0.751786
-0.342349
-1.186092
0.326914
-1.903236
-1.097638
0.560982
-0.177109
0.278804
-2.010292
-2.385588
0.728428
0.222985
-2.580268
0.448449
-1.669446
-1.539982
-0.409265
-0.234178
-0.604966
0.802932
-1.714986
-0.929615
0.509763
0.881306
-0.280305
-0.951863
-1.037747
0.939636
0.561580
0.505685
0.162417
1.497069
0.365249
0.312265
-0.137019
-2.174586
0.042721
2.028869
0.103313
2.420295
-0.291458
-1.625939
1.520267
1.382358
0.960351
-0.777094
0.482403
-2.405571
0.999804
0.435168
1.428693
1.594969
-2.085439
-1.118186
0.659715
-0.506586
-1.260989
-0.264915
0.298658
0.646800
0.593761
0.561252
0.187084
-0.578102
-0.340131
0.344586
0.937029
-1.320145
1.614299
1.149207
2.377423
-2.515743
0.584772
0.717431
-0.590577
0.870128
-0.177766
-0.555756
1.338307
-1.757900
-0.491342
-0.731126
1.389418
0.937700
-0.255446
-0.192534
0.449348
-1.153575
-0.469328
-1.496757
0.145325
1.658562
-2.197920
-0.277085
-0.369669
-1.921364
0.352292
-0.585365
-0.752668
-0.392180
-0.615054
-1.657368
-0.061493
2.642013
-0.368412
0.981238
-0.396499
-2.302916
-2.287532
0.928212
-0.583185
0.621372
-1.730452
2.140261
2.250451
-1.246390
-1.262697
0.329173
0.892471
0.613771
-1.494748
-2.374561
-0.176718
-1.214153
-0.490603
-1.866310
0.366178
1.164889
1.080259
-1.432124
0.257384
-0.094637
-0.003664
1.060158
1.394650
-1.487019
2.206665
1.304741
0.890567
-0.014836
-1.356576
-2.232497
-0.933462
-2.109108
1.876511
-1.407538
-2.358387
-0.310825
0.343770
-1.106161
0.334801
-1.728171
-0.012487
-0.156111
-2.134307
0.174506
-0.021688
0.966764
-0.791137
-1.167006
1.077477
-1.005203
-0.482438
1.171899
-0.677265
-1.661542
-2.493029
0.501233
-0.204956
-1.206650
1.971128
-0.691707
0.196915
-0.066350
-1.707985
1.231514
-0.811504
0.321453
1.613810
-0.174828
-1.387681
-2.188734
1.548363
-0.561256
-2.596387
0.785574
1.316513
-0.997039
-0.461877
1.889701
2.245569
-1.703230
-1.848886
-0.970169
-1.094931
-1.180174
-0.314501
0.239561
0.869545
-0.147595
-2.220537
-1.167779
-0.815175
-0.768628
-0.448754
1.122989
-1.192497
-1.238805
-1.247096
0.735058
-1.083656
0.393921
-0.385707
0.108598
-0.114858
-1.007726
0.982556
1.074648
-0.186558
0.369034
0.104649
-1.587886
-1.326893
1.003772
-1.795690
-0.503794
0.179874
1.349723
-1.371947
-2.282557
-0.676125
-0.502979
1.269267
2.541602
-1.747084
-1.063925
0.425694
-0.932426
-1.094990
0.456021
0.600617
-0.424361
-0.874322
-1.274999
0.804925
-0.051049
-0.332367
0.531803
-0.179308
-0.934920
1.086773
1.065997
0.687484
-0.555195
0.149180
-1.327057
0.797160
-0.496635
-0.427236
0.232309
2.478177
-0.174329
0.849334
-0.963486
0.180017
0.087387
0.736190
-2.166927
0.718708
-0.682949
0.730084
0.495941
-1.897537
-2.628621
1.644910
-1.638421
0.199415
-0.694383
-0.175701
-1.628160
1.098144
1.211847
1.592968
-0.473558
-0.356083
1.270995
0.054618
0.105791
1.616168
-0.815760
-0.221320
1.383977
-1.054434
-0.315616
-0.346843
-0.820632
1.129259
-0.528799
-0.337776
-0.491759
-1.194587
-1.526109
-0.028114
0.540005
-2.174422
1.593485
-1.879214
-0.378004
-0.877943
-1.138693
-1.729648
1.106777
-1.906840
0.895020
-1.003327
0.468183
-0.716244
-1.182132
0.375676
-0.641545
0.095224
-0.627149
0.582153
-0.455665
-0.744319
1.911142
0.881233
-0.226264
-0.125797
-0.229226
-1.614275
1.999913
1.156867
1.729285
-1.565411
0.078859
-1.511532
-1.139472
-0.225952
-2.962745
1.363749
0.283797
0.465642
0.301818
-0.671925
1.075446
2.412582
0.247299
1.617677
-1.107610
0.402569
1.461713
-0.504937
-0.367473
1.326614
-0.666289
-2.720998
-1.084575
0.618023
-0.121948
-0.983871
-1.048961
0.503077
0.422464
-0.977298
0.802872
1.633437
0.752367
-1.128599
-0.036319
-0.764300
1.496917
-2.591774
-2.610302
0.167301
1.239890
0.932225
0.351584
-1.620885
1.628306
-1.807198
-1.379228
1.112139
1.035691
0.524362
0.856439
2.433771
-0.685157
0.765430
2.543156
1.366885
-0.441744
0.119214
0.204507
-0.799953
1.056747
-0.137546
0.767004
0.231618
-0.651975
0.223704
-1.287047
0.133318
1.520887
1.795425
0.877888
-1.138264
0.264261
0.202854
2.258919
-1.057471
0.714469
-1.482198
-1.501348
-1.189587
-0.909135
-1.189056
1.661766
1.350853
-0.174410
0.109093
0.857028
-0.699169
0.146155
-0.346731
0.219428
-0.814486
0.940883
0.929406
0.503707
-0.322307
-0.943806
0.518867
-1.007845
0.127505
-0.979559
-1.042162
0.240602
-1.055420
-0.412488
0.294501
-0.373346
-0.620589
-1.875827
-0.866721
0.055489
0.409302
1.252247
0.732981
0.456429
0.780459
0.243182
-0.725247
-2.584653
1.129304
-1.001154
1.849634
0.133962
0.220442
3.113595
-0.336426
-1.400472
-0.082167
0.452924
-0.969670
1.922388
0.038647
-2.579148
1.602473
-1.250452
2.882149
-1.488785
0.153178
-0.160123
3.718491
1.292482
0.485542
1.692525
-0.540525
0.304602
0.494348
0.916859
-1.579140
-2.393245
-0.386872
-0.108256
0.197973
0.425242
0.617125
-0.335792
0.727246
0.798183
-2.019184
-0.638945
-0.282096
0.078492
-0.111716
0.516001
1.923368
-0.026308
1.285633
-1.574113
-0.107857
0.548505
-0.422936
1.921913
-0.344565
2.143352
0.470851
1.830471
-1.881087
-0.040792
-0.069525
-0.994704
0.497673
0.740331
-0.524500
1.582620
1.469308
1.656929
-0.893895
0.212615
-2.507621
-0.948580
-1.733280
-0.132282
-0.661292
0.309873
-0.356603
0.144971
-0.372129
0.843826
0.839152
0.838298
-0.586607
-2.434222
1.673150
0.133199
0.208674
1.199785
-0.511997
0.332301
-0.177390
-1.358708
1.354917
1.490094
1.314976
3.108188
-0.833947
-2.740990
1.018007
-0.524766
1.910012
-0.246380
0.050105
-2.718819
-0.239485
-1.230937
-0.504372
0.480124
1.100462
0.248451
-1.595652
-0.651877
-0.221497
0.245324
0.975005
0.145547
-0.005323
0.327316
1.285789
-0.929649
-0.603617
1.586941
0.679429
0.251768
0.729034
-0.408270
0.170254
1.290447
0.295878
-1.111130
3.121729
-1.360840
-1.398743
2.631451
0.904427
0.480448
-0.310530
0.227989
-0.517992
-1.223800
-0.475492
0.178548
-2.004050
0.599927
0.768875
-0.054767
-0.218904
0.206692
0.240549
-0.370585
-2.498542
1.645111
1.977219
0.909931
0.976431
1.145935
0.400314
0.086714
-0.284850
2.064885
-0.970725
0.912353
-0.544542
-1.648037
-1.152878
-0.046307
0.841887
1.766050
0.392810
-0.183910
1.445148
-0.612561
-1.413344
-1.748714
1.077604
0.763700
-0.680928
2.386734
-1.281776
0.041332
1.457891
-1.310088
1.619151
0.665936
1.417377
-0.980308
0.304289
3.075148
0.796583
-0.963386
-1.756011
-0.956615
-0.705730
0.333754
0.357547
-0.466778
1.620572
0.607494
-0.044547
0.444398
0.627039
0.184547
0.438770
0.518087
-0.057625
-0.689814
-0.100512
0.446867
0.468596
-0.882627
0.831158
-0.373172
0.143718
-1.294788
-0.181462
1.611033
-0.178637
0.168530
-0.107656
0.038053
0.074686
-2.153583
-0.304218
0.383148
0.091669
1.666382
-0.445418
-0.201783
-1.226322
0.567015
-0.007822
0.541001
-0.371147
-0.694264
1.865826
-1.864836
1.240320
-0.996169
-0.910537
0.675560
-0.571240
2.764112
-1.602839
0.028663
-1.618180
-0.673251
-1.168413
1.446730
-0.198511
0.211597
0.168109
-2.445226
0.355171
0.752025
-0.046137
-2.232982
1.371261
-1.363464
-0.694195
-0.770021
0.447187
0.574471
-2.105536
-0.374078
4.349102
-0.414810
-0.035575
2.058650
0.199378
0.196944
-0.117802
0.531774
0.435314
0.302327
-0.313959
-0.385907
0.091234
0.104978
-0.179022
-0.298126
0.485464
0.137192
0.586715
0.258498
0.745571
0.041358
-0.082201
0.032768
0.461103
0.050957
-0.058592
0.509110
0.209406
-0.224053
0.778784
-0.218538
0.601246
-0.121809
0.917744
-0.288780
0.664349
0.264100
-0.453781
-0.268328
-0.509471
-0.116902
0.907617
-0.607596
0.097430
-0.236940
0.865287
-0.440475
0.008328
-0.009195
0.412519
-0.276739
0.001465
0.147894
0.935176
0.675264
-0.079080
0.099797
0.952042
-0.097191
-0.245857
0.108940
-0.190675
0.211034
0.323623
0.003557
0.253395
-0.211981
1.362259
0.306479
0.648588
-0.510102
-0.342291
0.019135
-0.048677
0.062773
1.509009
0.438201
0.621118
0.032967
0.435514
0.271259
0.447667
0.970877
-0.190691
-0.327919
0.442328
0.133404
0.575557
-0.394045
0.304583
0.421055
1.051163
0.357179
-0.197769
-0.063176
-0.108648
-0.043296
-0.184389
0.689070
0.350034
0.424946
0.033063
0.504054
-0.413760
0.240044
0.201880
0.644038
0.271158
-0.921637
0.030752
0.445920
-0.432504
-0.250373
-0.023248
0.285045
-0.011497
0.666604
0.516782
0.331601
0.216464
0.564730
0.647376
0.080612
-0.731376
-0.493232
1.050417
-0.150660
-0.338427
0.100962
0.496444
-0.595090
0.824033
0.742617
-2.480587
-0.829295
1.678957
1.163341
2.260828
-0.334610
2.529491
-0.810102
-0.437958
0.327598
1.715367
-0.243761
0.151517
-1.132381
-1.974364
0.987765
2.451617
-1.227547
-0.618542
-1.094330
0.321404
-2.305536
-0.241914
-0.230027
-2.517735
0.862953
-0.364431
-0.711999
-0.446354
-0.270235
-0.534067
-0.010297
0.709910
0.696536
-1.018232
-0.207612
0.605258
1.637707
-0.225339
1.345400
0.367744
1.300124
-0.243089
2.272233
0.077645
0.623113
0.735722
-2.168480
0.088114
0.056936
0.226693
-0.009426
0.250579
0.521079
1.207544
0.083085
1.010558
0.053769
-0.030030
-1.088966
-0.405539
0.272588
1.417642
-1.089548
0.661120
1.611677
0.428149
-0.431491
0.312526
-0.462655
-0.657187
-1.724301
0.911299
-1.611439
0.669883
0.035152
0.346564
0.711899
1.432857
-1.093849
1.861850
0.341489
-0.551769
1.207333
-0.786892
-1.409284
0.950615
0.770084
0.537861
0.810791
1.285985
-2.130863
1.272676
0.413947
0.260516
0.108008
0.107782
0.186790
0.359783
1.079878
0.135650
0.647232
-1.815513
-0.182813
-0.079365
-0.272044
-1.804537
-0.479204
-0.034991
1.241564
1.291509
-0.809676
-2.525841
0.390399
-0.649480
0.068374
-0.218155
-2.187063
0.731469
0.743726
1.741253
-0.677250
0.167187
0.604803
0.344976
-1.313373
-2.696084
0.010693
0.038532
1.495601
-1.747421
-0.531024
2.578563
1.089292
-0.494140
-1.431993
-0.944140
1.069264
-2.443263
-0.450331
-1.409128
0.642559
0.941097
0.529853
-0.697018
0.879646
-0.347236
0.192717
0.383634
-0.067223
-0.875133
0.629682
-0.944205
0.393059
-1.586390
1.875525
0.337323
-0.350120
2.250626
-0.062561
0.021779
0.158429
-1.131038
1.563388
-0.822500
-0.664986
-0.381305
-0.032130
-0.397122
-1.962144
1.243259
0.708772
-0.009226
0.247593
0.625528
-1.127665
-0.824821
-0.906530
-1.675185
1.126086
1.068396
-0.279159
1.089848
0.522325
1.546989
0.650097
0.922730
-1.709685
-2.753122
-1.466182
0.149241
-0.236155
-0.346723
1.275353
0.037672
0.726388
-0.871299
-1.654386
-2.642329
-0.895164
0.748826
-0.180489
1.248403
-1.251637
-0.064507
-1.534837
-2.208190
-1.143098
0.124130
-0.564739
-0.731153
-1.336099
2.670833
-0.794882
-2.439010
0.209217
1.828815
-1.025254
2.107149
-0.035560
1.419031
0.501816
-1.300027
-1.347703
1.193607
-0.370190
-1.620325
-0.039255
0.988160
-1.219949
-0.078185
-0.318854
0.283487
-0.596883
-1.003080
-0.716816
0.062578
0.114820
0.582778
-0.514232
2.403330
-2.327712
-0.612137
-0.499650
-1.106996
0.117823
0.666607
1.911886
0.080410
-2.104258
1.250706
-0.587540
-0.559708
-0.273722
-0.442245
-0.759529
0.517563
-0.707810
-0.395692
0.889267
-1.072508
0.734225
-0.426901
1.384536
-0.705822
-0.206452
2.289004
0.315182
0.681599
0.163569
0.786050
-0.956452
1.031003
2.782986
1.729737
-0.244389
1.503237
-0.481736
-1.539032
0.589236
-0.429206
-0.153019
-0.023453
0.111007
-0.732564
0.059693
0.542975
-0.421564
-0.754584
-0.004292
1.003600
-1.051173
-1.295967
-1.485242
-0.486724
0.195533
-3.373488
0.527779
-1.137850
-1.643332
0.672140
-1.299960
0.203458
0.708772
-0.161138
-1.880151
-0.374831
-0.577602
-1.069892
1.025458
-1.079223
0.739229
-0.796471
-0.026168
-2.367113
1.252880
-0.280940
-1.101507
-1.599594
-0.068211
-0.079405
-2.267181
-0.513572
-0.194521
-0.141158
-0.517069
0.464744
-0.372225
-0.517727
0.198561
-0.391810
0.260875
-0.108121
2.434253
-0.846386
1.582226
0.597039
-3.455631
-0.306168
2.046119
0.069656
-0.829366
-1.966410
-0.167333
0.429214
0.128823
0.138066
0.016342
0.774879
1.994505
-0.151676
-0.031285
0.241195
3.331275
-0.033497
0.775741
1.225009
-1.322977
0.878521
-0.199506
1.187474
0.389603
0.352365
-0.214794
1.018450
-1.934448
-1.550372
1.973456
0.687679
-0.395706
0.232619
-0.064544
0.157183
1.902062
2.271568
-0.158409
2.375998
-0.370930
-0.507909
0.256139
1.250590
0.128065
-0.781832
-1.195941
0.101357
-0.453554
-0.950344
1.183101
0.769751
1.513067
-0.355878
-1.160554
-1.426886
0.615951
0.961588
-0.272464
0.618059
-1.294520
1.206864
0.453717
0.265964
-0.664228
1.060671
0.218039
0.262725
-0.804057
-2.421548
0.020640
2.732472
1.105372
0.489657
0.941382
0.763895
0.621904
0.755994
0.888955
0.206841
1.876570
0.607247
-0.278590
-0.145220
-0.688342
-0.859270
-1.531075
-1.467372
-0.934940
-0.435593
0.598972
0.157523
-1.549540
0.467140
0.774580
-1.350573
-0.445530
-0.113228
1.171558
-0.768504
-0.791327
-0.335545
2.601124
0.525693
1.192894
1.383816
2.387611
-0.990467
-0.701722
0.012954
1.028676
-0.839169
-0.934627
2.629676
-1.037812
1.722378
-0.620608
0.224163
1.142599
-0.923068
-1.310685
-1.509270
0.830025
0.491501
0.930209
-1.725546
-0.929863
0.117187
-2.380905
0.222576
1.797214
-2.550259
0.580370
-2.199296
-0.433956
-0.460786
-0.319066
-0.676288
-0.109397
0.370558
1.201490
-2.109749
-0.894857
-2.052828
1.185251
-0.366554
-1.449783
-0.393301
-0.914606
-0.914300
0.742523
1.343730
1.015648
-0.444056
-1.256315
-0.195051
-3.211375
1.473007
-0.870634
-1.708735
0.959916
0.011257
-0.122486
1.602586
2.293654
1.391383
0.706958
0.416120
0.121945
0.810983
-1.269613
-1.030219
-2.604484
1.580917
1.215294
-0.377235
0.045917
1.182580
-0.031693
0.702133
-1.258439
1.962012
-0.458641
1.837052
1.183861
-1.701759
0.975334
0.567631
-0.600043
-0.270157
0.153712
1.680589
0.627121
0.496671
0.904344
-0.491769
-0.557001
-1.160114
1.500518
0.942948
1.189446
0.674124
0.408680
0.505489
0.613593
-0.920155
-1.275881
0.041739
-0.247529
1.262141
1.596853
0.353061
-1.931985
-0.181549
-1.844226
0.336361
-1.841699
-1.270141
0.698223
1.295034
0.474019
-2.346493
-2.379185
1.453022
-1.066051
0.554913
-0.695067
0.960564
0.091456
0.470060
0.820303
-1.542715
-0.207761
-0.222271
-0.566717
1.762981
0.579855
2.085957
0.493030
-0.458509
1.273560
1.640578
0.708214
1.146105
-1.848695
0.138970
-0.675453
0.299981
-0.679977
-0.471044
-1.501851
0.496316
0.490734
-1.600122
-0.480088
0.556555
-1.612849
0.379524
-1.002850
0.217514
0.860047
0.278380
-0.050474
0.373706
0.041276
1.323736
0.865995
-0.673650
0.373819
-1.697964
-0.319253
-0.319834
-2.615938
0.312273
-0.609990
1.164513
-1.155077
0.899316
0.711380
-1.909609
1.368038
-0.870828
0.202619
-0.504284
-1.566775
2.667994
-0.133860
-2.665128
-0.152346
0.388459
0.216008
1.473871
-0.661538
-0.210573
-1.262365
1.000664
0.466729
1.440625
0.056721
-1.337888
-0.151870
-0.491006
-2.754560
-0.099487
0.447146
1.204931
-1.376867
-0.714487
-0.441495
0.538308
-0.819242
2.685743
0.364096
1.503086
-1.844511
1.692006
-0.678718
-0.512618
1.241882
-0.952676
0.604783
-0.080282
0.011020
-1.000572
1.346124
-0.352881
1.096370
1.016338
0.078269
0.167598
1.075270
-0.953496
2.033069
-0.688580
0.331712
1.306060
-0.965265
-0.326143
-2.038411
1.474142
-0.001315
-0.909024
-1.551064
-0.721248
0.457097
0.329572
0.956634
0.015506
1.213934
-1.141703
-1.216176
0.240696
-1.178553
0.421848
-1.480900
1.982919
0.595227
-0.985526
-1.679882
-2.062859
-0.336836
1.437983
1.701019
-0.573558
1.703806
-0.072217
-0.590403
-1.100230
0.496508
0.732533
0.318103
0.168467
-0.168347
-2.094020
1.097988
1.933463
-0.354285
0.993643
1.094264
0.753805
0.613704
-1.665173
-1.205824
-1.317911
1.812013
-1.617227
-0.430610
-0.054256
1.323107
1.823973
0.561408
1.826385
-0.502654
1.477780
-0.228951
-1.039088
0.259649
-0.146722
-0.783104
2.114697
0.074152
-1.156766
0.387330
-2.097427
1.543268
-0.655570
0.924689
-0.421046
2.373188
-0.898080
-0.617010
2.210096
-2.137184
-0.313767
1.206437
-0.374964
0.793953
-0.176420
-0.971154
0.069855
-0.006449
0.703649
-1.233939
-0.286960
0.654776
-0.646265
1.507803
0.781971
0.042220
0.990361
0.145084
-0.006378
-1.327358
0.884387
-0.521882
0.958191
0.749391
0.442862
-1.317209
0.138166
-0.500093
-0.182496
0.734045
0.344947
-0.390957
-1.797550
3.705603
-1.568604
-1.470787
-0.574026
-0.368081
0.128034
1.176049
0.992411
1.271350
1.391585
-1.065810
-0.402507
0.192715
0.595046
-1.327404
-0.104058
0.478624
0.218873
1.025159
0.449210
-0.163526
-0.799301
-3.651365
-2.126227
1.197098
-0.237280
-1.434880
1.334066
-0.817595
-0.719260
-0.120221
-0.929990
1.351079
0.815784
-1.931659
-2.321344
2.215542
-0.151498
-0.840547
-0.308931
1.862615
-0.031754
-0.550193
1.311235
-1.999553
-0.837344
-0.980302
-0.020558
-0.375988
-1.341853
-1.672212
-0.772710
-1.208481
-0.094091
0.750524
1.020244
1.452825
0.541815
-1.204199
0.781716
2.121614
0.611614
-0.810025
0.435855
-1.184958
2.078207
-0.151512
0.787858
-1.249807
1.598332
-0.746536
1.728080
-0.560642
0.727931
0.512694
-0.288491
-3.521358
-1.249708
0.841238
-0.210302
0.256211
0.491319
2.070519
-0.174210
1.560445
-2.232549
2.595715
-0.063701
0.473927
-0.212104
0.875726
1.559104
-0.576703
0.278738
-0.330984
0.962388
-0.514973
-0.446870
1.394032
-1.600458
0.442040
-0.014184
-1.177006
-1.960073
-0.761140
-0.476124
-0.367594
0.348706
-0.185243
1.231471
-0.687003
1.398657
0.145510
-1.233863
0.380922
0.151417
0.154066
0.239498
0.378533
1.494218
2.118719
-0.338796
-0.095863
-0.781737
0.137181
-0.728960
1.291209
0.237885
1.677688
-1.217684
0.958192
-1.004736
-0.969284
-0.626289
0.656998
0.685044
-0.136111
0.487234
-1.664411
1.039596
0.368260
-0.097525
-0.618145
-1.585556
0.126460
0.217173
-0.377276
1.378220
0.968218
-2.228870
2.121333
0.977896
1.004895
0.760014
-0.379501
0.133771
-0.065718
0.740812
-0.046220
-1.328153
1.937065
0.201998
0.726346
0.366415
0.683511
2.754799
-0.413813
0.476003
3.210559
0.101644
-0.056214
-0.080524
0.206843
-0.676946
0.987558
-0.221407
0.745350
0.344209
0.045034
1.599533
-1.061055
0.410966
1.015679
-1.089706
1.030503
-0.399170
0.751664
2.761339
-0.268354
-0.176948
-0.201507
2.143883
0.550085
0.041195
0.991964
1.584364
-1.105567
1.880724
0.670316
1.550864
-1.394663
1.279961
-1.005200
-1.417569
-0.376598
-1.320050
0.035345
-0.833519
0.322302
-1.179299
-0.690501
-1.547612
2.186946
0.617241
1.862618
-0.281577
0.954586
0.362235
-0.647490
-0.770149
0.859819
0.414715
0.535548
-1.364624
-0.616653
0.790727
1.019382
0.981113
0.560188
0.947113
-0.205134
-1.385375
-0.294748
0.521325
-0.326858
0.680089
1.997054
0.478559
-1.052195
-1.505179
1.080020
0.535358
-0.004837
1.925524
1.095521
-0.306347
0.265768
0.458875
-3.617256
-0.084488
-1.477369
-0.642062
0.561251
0.621285
-1.753501
-0.519448
-0.173861
0.118094
1.365219
-0.427350
-0.074469
0.750989
-1.561912
-0.045752
-0.934382
-0.524301
0.870964
1.356398
-0.347093
0.061913
1.161145
0.459833
0.909434
1.069213
-0.523860
1.778737
-0.190320
0.352700
-0.840357
-0.269650
-2.387881
-0.834428
-0.757061
1.039097
-2.084164
0.539269
0.699553
0.348545
-0.807218
-0.173409
-0.652674
0.968278
-2.081524
4.475119
0.546875
-0.068165
-1.262607
0.515130
0.801440
1.882923
0.522903
0.362945
0.319508
-1.279259
-0.108484
-0.856487
1.585299
2.774902
-0.747776
0.061273
-0.196511
-1.561071
1.196384
0.628103
-0.582787
-2.746649
0.171969
-0.463486
-1.956009
-0.828848
-0.201811
-1.625955
0.914413
1.986161
1.781721
-0.138688
0.590075
-0.463517
-1.434000
-0.931285
-1.705808
0.595681
0.463635
1.887062
0.753809
0.069007
-1.248717
-0.225044
0.297313
-1.097639
0.742420
-1.230482
-0.028047
-0.190469
0.295611
0.767282
-2.802534
0.024467
-1.798082
-1.928328
1.724318
1.337604
0.106390
0.753662
0.672162
-0.247403
-1.560158
-1.960200
0.442400
1.117398
-1.364876
1.621773
-0.762437
-0.980901
-3.084050
0.218665
-1.132821
-3.002692
0.588925
-0.136543
1.026306
0.963070
-1.651505
0.339271
-0.125964
-1.726846
1.370462
-1.289565
-1.657018
-0.814787
-0.305337
1.596855
0.896195
-0.590466
-0.361141
1.455778
0.468571
-0.596286
0.105141
0.933814
1.839187
-0.601720
1.486338
-1.687506
-0.442392
-0.114778
-0.939444
0.734006
0.235179
-0.692929
1.436030
0.993978
-1.552644
0.273534
-0.537730
-2.179178
-1.166829
-0.663813
1.002041
-1.327658
0.674371
0.338107
-1.808956
-1.999861
-1.529254
1.761989
1.076069
1.441638
-1.016939
-0.234136
0.347633
0.207319
0.076106
0.492711
0.229779
-0.666971
-0.815799
-0.931786
-1.114649
1.010824
0.094613
1.873069
-0.055881
-0.289864
-1.282908
0.274676
0.209823
-0.839379
0.805951
1.471972
-1.893240
-0.508456
0.782414
1.606093
-1.434493
-0.122411
0.594585
-0.880122
-1.802458
0.125922
-1.516829
-0.455717
-1.148071
-0.431781
-0.606722
-1.696367
0.244122
0.721452
0.660486
0.865675
0.254128
-0.585690
0.882131
0.948568
-1.321582
-0.047945
-0.444978
-0.463524
0.266828
0.728564
-1.333150
-0.612722
-1.093882
0.007251
0.738697
-1.979367
-1.341897
-0.717170
0.262678
-0.466628
-2.169033
-1.162711
1.441811
0.027903
-0.784298
0.223707
-0.850921
-1.573085
1.651438
1.730801
0.830706
0.297166
-0.034975
-0.453350
0.180200
1.107317
0.064839
1.042473
0.034577
0.940928
-0.576535
-0.716665
-0.026504
0.687976
0.188799
-0.956034
-0.106363
1.367458
-1.008689
1.253243
0.336776
0.079686
1.158262
0.945538
0.579124
1.041650
-0.913445
-0.806850
-1.720158
-1.010899
-0.194607
-1.032870
0.271350
0.389438
0.020534
-0.059016
0.828378
0.668693
0.468558
-0.534557
0.122786
0.811089
0.458258
-0.010767
-0.471558
0.432626
-0.192838
0.068025
0.321112
0.839679
-0.852957
0.674450
-1.403103
-0.583311
0.446453
0.706174
-0.389671
0.186198
0.388490
0.562278
-0.466254
-0.808885
0.524283
-0.405846
-0.181435
0.027870
0.648829
-0.787462
-0.199855
-0.020591
-0.041674
-0.894005
0.379978
1.344471
-0.461522
-0.347613
0.151356
-0.264114
-0.680576
1.050857
0.101728
0.260832
0.008601
0.290177
0.468466
-0.661431
-0.255694
-0.731353
-0.088586
0.520944
-0.577436
0.025152
0.263340
0.028930
0.467328
-0.148202
-0.410826
0.009578
-0.060092
0.174435
0.079777
1.349315
0.150477
0.819100
-0.222101
-0.239075
1.128423
1.159185
-0.441691
1.481202
-0.134158
1.990584
-0.412458
0.021928
-0.205630
0.553695
-0.105934
0.087542
2.016156
-0.150004
0.841136
0.136235
0.933033
-1.057745
0.666341
-0.175359
0.405312
1.987967
0.108475
0.032034
0.527305
0.170820
-0.289847
-0.225111
-0.083015
-1.132997
1.589498
-2.321760
0.217584
0.586428
0.943030
-0.990659
-1.024448
1.503690
0.499746
-0.041369
-0.596038
0.894630
-0.606270
0.317568
-0.256952
1.507856
-1.750850
1.240874
-0.534045
0.346411
-0.047620
-0.227510
1.691055
-0.304047
-1.571329
0.786617
-0.859360
2.481853
-1.049356
-1.224818
-1.198614
-0.223811
0.076128
-0.059482
0.481105
-0.152197
2.477990
0.565464
0.147329
-0.141230
0.420810
-0.541359
-1.362548
-0.588199
1.572413
0.617638
0.246270
-0.439931
-1.166199
0.346869
-0.209005
-0.464545
-0.792308
0.720017
-0.312407
1.375428
0.126878
0.277978
0.256108
0.857000
-0.108680
0.749577
0.298330
0.394559
-0.148728
-1.393192
-0.842507
-0.385655
-0.265224
0.013640
1.425616
0.369894
0.528111
0.125313
-1.020748
0.585460
0.182723
-1.378652
0.138526
0.654427
-0.981925
-0.672480
0.011058
-0.669724
-0.377798
-0.403264
0.651201
0.605117
-0.030346
-1.250457
-0.307591
1.120566
1.391838
-0.630519
-0.734092
-0.868347
1.259789
-1.048424
1.108815
-0.580740
-0.392599
-0.943837
0.183963
1.169492
-1.265748
0.793831
-0.240404
-1.152847
0.288998
-0.096319
0.380407
1.409516
0.309199
0.067164
0.831120
-0.157163
0.743383
-0.967275
0.650391
-0.404074
2.192356
0.959825
-0.045047
-0.435750
0.842575
-0.283126
-0.011824
1.323786
0.216456
-0.282956
0.237333
-0.595351
0.310199
0.611649
0.034405
0.086018
1.059529
-0.370606
-0.358301
-0.740832
1.365475
-0.032271
0.786970
1.083727
1.006640
0.266921
-0.631141
-0.307613
0.873841
0.216661
-0.255819
-0.026579
1.090278
-0.208742
-0.026784
1.374986
0.073728
0.202622
0.905541
0.014551
0.075765
0.323541
-0.675939
0.097934
0.585714
0.034313
-0.626845
-0.216910
-0.356181
0.345776
-0.298306
-0.473136
0.926609
-1.092226
-0.693620
0.392079
-0.582957
1.229871
-0.021253
0.290732
-0.063278
0.068120
-0.089218
0.127149
-0.036253
0.106239
1.124605
0.048461
0.192702
0.607452
0.102650
-0.263627
-0.018148
-1.120317
-0.225718
1.452107
-0.508567
-0.384538
-0.484272
0.010662
-0.196373
1.223796
0.720445
-0.199143
-1.021608
0.074875
-0.227275
-0.683089
0.662679
0.839525
1.345248
-0.590157
0.302236
0.086961
-0.339352
-0.596485
0.451691
0.177862
-0.165912
0.387403
-0.228917
-0.559997
-0.395653
-0.501444
1.267608
0.549839
-0.485825
-0.802117
0.587881
0.119945
-0.078496
0.124195
-0.600550
-0.973031
0.029985
0.882905
-0.526748
-0.827279
-0.075866
-0.551074
-0.482332
0.403964
-1.351674
0.115009
-0.454945
1.211419
0.290846
0.405092
0.437001
0.786687
-0.118047
0.700573
-0.508743
1.332141
-0.005556
0.596197
-0.284381
2.392419
-0.962732
0.800220
-0.755874
0.862818
1.338453
0.415670
1.721745
-0.141429
0.502875
0.187540
1.109529
1.340445
-0.024704
0.487830
0.435225
0.869645
0.709138
-0.619180
-0.742264
-0.694552
-1.649487
0.280988
-1.266056
-0.332387
-0.384850
-1.877426
0.982800
0.557056
0.991355
0.064395
0.774547
0.045699
-0.742040
-0.578556
2.044549
0.867935
1.831489
-0.368839
-0.282280
1.198394
1.994042
1.113183
-0.692072
1.477512
-1.669944
-0.540634
-0.234194
-0.021292
-0.771095
1.991798
-0.207714
2.062916
1.229422
0.664521
-0.196084
0.740738
0.034596
0.012143
1.202649
-1.025743
0.008284
1.116419
0.085917
1.086751
0.237022
-0.098393
-0.083445
0.566072
0.070386
0.391054
1.097473
-0.661304
1.359572
1.174204
0.429144
0.708083
0.286364
-0.392281
1.389562
2.140150
-0.571488
-0.021774
-0.480557
0.611889
-0.049200
-0.789139
-0.487290
-0.914559
-1.259533
-0.280813
0.896649
0.206205
0.715566
1.591471
1.803255
0.152281
0.660063
1.864712
1.506780
-0.085539
-1.158345
-1.082874
0.240038
-1.139876
1.280358
1.064552
0.968504
0.471765
0.458652
0.469440
-0.185751
-1.391820
-0.968432
0.868981
-0.504212
0.015275
-1.357385
0.848885
-0.037122
-0.044771
-0.349985
-1.106580
-0.771529
-1.581301
1.959439
2.014257
0.759881
0.138813
1.741774
2.471504
0.705193
0.076149
0.535101
0.999775
-0.647131
0.727866
0.738296
-0.458523
-1.988297
0.994629
0.772894
1.631249
-0.156008
1.493632
0.131842
0.745620
0.512878
-0.705149
-0.575590
-1.553034
0.457239
1.373956
1.876377
0.106751
0.085472
-1.601378
-1.041605
-1.588978
1.514137
0.092334
0.668336
-1.141956
-0.192757
0.797390
0.584334
-0.101134
0.739422
-0.860755
-1.463236
-0.176367
-0.145826
-1.745344
0.296724
0.182326
-0.560031
-0.381421
2.193317
0.947411
-1.068682
-0.757074
1.568884
0.244521
0.895269
0.613117
-0.038826
0.210835
0.005267
-0.448723
0.064254
-0.230093
0.235362
0.743966
0.817046
1.252604
0.284601
0.260551
-0.706701
-1.055364
-0.021510
-0.669123
0.432382
-0.592677
-1.983220
0.162666
1.582989
-0.381400
-0.527911
0.729879
0.234207
0.167902
1.140763
-0.643843
-0.255436
0.012703
-0.919644
-1.066104
-0.361784
-0.806839
-1.045207
-0.451585
1.387797
-0.464734
-0.300613
-0.013237
-0.856374
-1.352821
1.415090
1.676144
-0.966368
-0.594825
1.299075
0.062834
1.994077
-0.852170
-1.292145
-0.574989
0.379762
2.296484
0.139046
0.716895
0.520708
2.369997
-0.480792
0.501100
0.246062
0.755665
-0.446689
0.277709
-0.464861
-0.175050
-1.524673
0.174566
1.114242
-0.433378
-1.335321
-0.045428
-2.098806
0.385491
1.577143
0.512121
-0.010924
-1.290763
0.152497
-0.654740
-0.162967
-0.203699
0.008301
-0.023194
-0.002684
2.386851
0.540298
-0.440999
-0.368634
0.431233
0.418753
1.139153
0.734208
0.462022
1.334225
1.507574
-0.144452
0.479008
0.298026
-0.432789
-1.866423
0.448414
-0.397031
-0.093863
-0.017033
-0.801921
-0.208690
-0.427473
0.151322
-0.481036
-1.051297
-0.533077
-0.498416
-1.236069
-0.842742
0.147096
-0.248563
0.157957
-0.098606
-0.685761
-2.239028
2.283019
0.270448
-0.261571
0.266710
-0.463373
0.137691
0.017883
-0.933651
-1.906334
2.084486
0.054056
0.342385
-0.809255
0.699588
1.347903
-0.668294
0.948417
-1.923684
0.035504
-1.221045
0.827795
0.739023
0.430985
-0.730828
-0.284500
-0.793141
-0.170554
1.920038
1.309445
-0.494128
1.162170
0.184839
-0.338366
-0.234880
1.227290
-0.369013
1.025687
-0.176178
-0.911300
-0.027001
0.022925
0.123537
0.218943
0.519176
-0.248351
-1.463665
1.182065
-0.575348
0.816289
0.811201
-0.015875
0.084944
-0.172106
-0.404809
0.798329
2.022419
-0.073259
-1.357794
-0.348037
0.190463
0.394226
1.225166
0.179108
0.451458
-0.129971
1.310886
-1.275335
-1.184888
-1.324307
1.104397
0.640982
0.287720
1.649415
0.551506
1.529355
-0.034577
-0.181751
0.977938
0.293380
-0.187824
-1.004153
-0.534204
-0.055813
-0.916789
-0.247184
-0.301436
0.337502
0.470733
-0.774377
-0.163165
1.738031
0.351822
-0.873247
-0.742182
-0.216952
0.263977
-0.521575
-0.866908
-0.593543
-0.432139
0.905374
0.337311
0.447529
0.401980
-0.185018
-0.062458
-0.006203
-1.089729
-0.672482
-0.621193
1.155842
-0.050637
-1.197651
-0.150240
0.497101
0.425028
1.277935
1.262988
0.657632
-0.559276
0.344155
0.075517
0.304375
-0.850289
0.638229
0.888431
-0.513608
1.156489
0.268597
0.301579
-0.476113
-0.187691
-0.091522
-0.121526
0.189492
0.108734
-0.250436
1.413178
0.654712
-0.158658
-0.757518
0.791097
1.406042
-0.858382
-0.025722
-2.225526
0.412463
0.377317
-1.034382
-0.547393
0.660589
0.699237
-0.388069
0.805836
0.029850
-1.644356
1.207445
2.131227
0.463351
-0.140632
-0.416487
0.315854
0.678976
-2.144823
0.191500
1.308572
-2.108145
0.616624
0.855693
-0.310243
0.448540
-0.608722
-0.574688
0.651039
-0.004648
-1.340384
-0.112518
1.458403
0.371153
-0.854602
1.185065
0.042545
0.308719
-0.241550
0.751730
0.485589
0.382998
0.102837
0.295583
0.701273
0.922725
-1.100647
-1.349906
0.385632
-0.098713
-1.310686
1.054938
-0.818860
-0.767833
-0.035499
-0.573176
-0.062334
-1.435592
-0.073757
-2.802477
0.380132
0.415120
-0.183755
1.487818
0.907771
0.527191
-0.254612
-1.066079
0.722057
-2.226986
-1.504691
-1.782660
-0.479550
-0.549208
1.274101
-0.624005
-0.339823
0.387465
0.424109
0.617168
1.862410
-1.034515
-0.037727
-0.982498
0.697344
-0.285616
1.718204
1.519519
0.258538
-0.220297
0.112466
0.447686
1.757585
-1.247258
1.758333
-0.558576
0.841077
0.811551
-1.587206
-1.336171
-0.200688
1.052871
-1.562211
0.545989
0.911986
0.451246
0.335213
-0.864953
-2.093359
1.202963
0.415064
-0.093286
0.611687
0.275309
1.268498
0.740529
-1.319625
-0.009623
-0.725953
1.966152
-0.253845
1.112388
-0.997675
-1.050149
0.633203
0.783806
-1.265007
-0.644701
0.225321
-0.543284
-1.396095
-1.428932
1.137970
0.586162
-1.145038
1.279733
-0.718886
-0.172474
-0.001784
1.269625
-0.693433
-0.540439
-0.979492
1.160857
-1.579960
-2.520693
0.007717
-0.514563
1.032417
0.705285
-0.986541
0.414621
0.133581
-1.055241
-0.594749
-1.003944
-1.465415
0.111520
-0.618192
0.446228
0.159348
-0.713267
-0.435575
0.051626
-1.445232
0.393300
-1.247472
-0.190381
-0.566731
-0.901349
-0.954825
-0.994059
-0.260455
-0.508215
-1.738255
-0.132226
-0.172075
-0.364021
0.354884
-0.373036
-1.483483
-2.372958
1.473807
1.133933
-0.132262
0.419149
0.246939
-1.269771
0.062810
0.268899
-1.336007
0.790397
-1.106388
0.161074
0.415279
0.047472
-0.056131
-0.188782
-0.484123
0.246634
0.655504
-0.417317
0.051938
-1.245349
0.214847
-0.502777
1.503058
0.511984
-0.013285
0.969791
0.639435
0.003565
0.976194
-0.715497
-0.729090
-0.862417
0.978606
0.194508
-0.280224
0.678278
0.164646
0.885768
-0.547970
-0.780546
0.101320
-0.039408
-0.116512
0.111132
0.299010
-0.155402
0.738471
0.040425
-0.415745
-1.903594
0.292507
-0.573844
1.016525
-0.052128
1.229303
1.076252
-0.036799
-0.269073
0.875893
-0.012878
-0.301244
0.151768
0.136436
0.670868
0.778943
0.450504
0.572212
0.923443
0.323726
-0.743932
0.053095
-0.044169
-0.211782
-0.375523
-0.452434
-0.260042
-0.352126
-0.706781
0.020018
-0.330255
-0.511750
0.608140
-0.659887
-0.786744
0.423688
0.683030
0.172966
-0.584614
-0.531772
0.610898
1.194230
-0.170467
-0.167811
0.771471
-0.306338
0.356893
-0.401748
0.079450
2.361162
-0.296634
-0.570979
0.043194
1.112667
-0.651305
1.020818
0.416880
-0.248854
0.920402
-0.153694
-2.241021
-0.312653
0.179513
-0.137614
0.361479
-0.183999
0.367120
-0.930972
-0.331617
0.926424
0.681298
0.180563
-0.435922
-0.790490
0.321110
0.397846
1.068183
0.357715
0.637702
0.732308
1.052176
0.279738
0.201007
0.128921
1.834425
0.131564
0.959486
0.111588
0.132826
-0.380064
-0.484045
-0.105189
0.655042
-0.460937
0.018927
-0.393528
0.087867
1.270688
1.031758
0.193878
0.272821
0.794575
0.401161
0.663209
-0.869530
-0.286628
0.363580
-0.380498
0.460706
0.209018
-0.150455
0.239698
-1.015878
-0.931165
-0.109250
0.154922
-0.640056
-0.335308
-0.167440
0.024398
0.872595
-0.293234
0.521684
-0.553932
0.708293
1.368357
-0.591923
0.732252
-0.103402
2.021330
-0.199986
0.042975
0.063003
0.944947
-0.421505
-0.175703
0.902848
-0.407619
-0.549684
0.047070
0.431046
-0.896366
0.142002
0.094883
0.500190
-0.281337
0.082964
-1.009285
0.390943
0.128982
-0.241189
0.020672
-0.612663
0.718790
0.087877
0.376548
-0.356482
-0.863016
-0.413044
0.148636
0.675686
0.343542
-0.324271
0.536668
1.138883
-0.325201
0.871209
-0.511598
0.128857
-0.257266
0.028272
0.722638
0.266605
0.010387
0.120157
0.551672
-1.061430
-0.617475
0.493376
-0.819477
-0.305550
-0.555215
0.839419
0.529592
-0.184740
1.292947
-0.228039
-0.146219
0.274733
0.657133
0.887246
0.603790
-0.627641
-0.085540
0.099722
0.953481
0.384637
-0.536515
0.877764
0.255195
-0.387942
0.159769
1.050880
1.253882
-0.137808
-0.061668
0.843569
0.205643
0.414553
0.332306
-0.184022
0.672753
-0.097956
-0.013415
-0.061625
0.587007
0.305995
-0.190894
-0.048251
-0.392038
-0.031587
0.147605
-0.146836
0.214200
0.184432
0.709707
-0.020288
1.214368
0.675345
0.293211
-0.460360
-0.043929
0.390797
-0.094123
-0.025367
0.124607
-0.572295
0.432114
0.377901
-0.155838
0.485718
-0.527848
-0.025762
0.632266
0.231994
-0.247818
-0.320431
-0.033723
-0.354422
0.108273
0.129920
0.142266
-0.083383
-0.353504
-0.044449
-0.053203
-0.017064
0.285575
0.086994
0.999299
0.228814
-0.290802
-0.630188
-0.211524
-0.819770
-0.017372
-0.307872
0.568012
-0.152461
0.121258
0.391463
0.360086
-0.112352
0.042419
-0.559165
-0.381130
0.240919
0.431324
0.209081
0.181475
0.237294
0.112052
0.268930
0.326009
0.026384
0.449117
0.149058
-0.127755
0.372622
-0.239036
-0.065115
0.339418
-0.790940
0.347970
0.197343
0.167742
0.374558
0.600073
0.088731
0.069984
-0.163721
0.350646
0.106411
0.285430
0.261850
0.892122
0.496896
-0.174228
0.075356
0.695651
0.184513
0.049274
0.810030
0.209063
-0.313225
-0.070817
0.389112
-0.181211
-0.025058
-0.053763
0.146387
0.810319
-0.243443
-0.257648
0.400012
-0.120940
0.329574
0.153095
0.259865
0.197989
-0.187879
0.495457
0.104160
0.344725
-0.110191
-0.225124
-0.246218
-0.168641
-0.038334
-0.458657
0.256854
-0.278473
-0.162321
0.145261
0.299202
-0.409052
-0.028861
-0.034313
0.559917
0.326360
0.392883
-0.115844
0.224627
0.384323
0.169805
-0.705068
0.540183
0.014968
-0.524409
-0.209406
0.250190
-0.190478
-0.235613
-0.243324
0.130289
0.032306
-0.349048
0.091243
0.045149
0.323704
-0.748964
0.123498
-0.197316
0.724331
0.577872
0.954735
-0.164768
0.547415
1.422955
0.349893
0.481821
0.493400
0.139079
-0.248824
0.148136
-0.983514
-0.153127
0.716884
-0.475933
-0.126678
0.411202
0.177046
0.630002
-0.595601
-0.044567
-0.114406
-0.275329
-0.250053
-0.119738
0.471962
-0.623180
0.506796
-0.205970
0.909612
-0.653910
-0.775945
-0.180006
0.819152
-0.662822
0.458034
-0.760738
0.109467
0.256137
0.182408
-0.038109
0.081175
-0.708191
-0.310694
0.904008
0.258416
-0.097653
-0.301952
0.080652
0.821311
0.352932
-0.411276
0.575294
0.023032
0.528982
0.367530
0.058505
-0.186767
-0.121857
-0.219273
-0.514869
0.104512
0.572602
0.038316
-0.271280
0.998660
0.532048
-0.319733
1.198437
-0.576307
0.071244
-0.518210
-0.573686
0.719923
-0.606163
-0.251805
-0.034433
-0.123222
0.365844
-0.156488
0.574296
0.032008
0.065119
0.588652
1.277929
0.086230
-0.229937
-0.007241
0.566675
0.086496
0.473893
0.176255
-0.204863
0.027818
0.602245
0.461195
-0.217546
-0.418751
-0.425618
0.207521
-0.539461
0.841207
0.320547
0.142401
-0.307438
0.234125
0.093699
0.353148
-0.326837
0.468454
-0.464249
0.146771
0.008442
0.191210
-0.402546
-0.560442
0.075636
0.078713
0.141541
0.322923
-0.424549
0.491920
0.193276
-0.045985
0.140995
-0.469903
-0.363801
0.055937
0.022634
-0.423658
0.100335
-0.906069
-0.353645
-0.676791
-0.446106
0.194077
0.267865
0.872200
0.523024
-0.153986
-0.024963
0.266390
-0.007680
0.376898
-0.024874
0.177055
-0.301313
-0.545453
0.811510
-0.041267
-0.017394
0.159361
0.762249
-0.193945
-0.038158
0.031401
-0.447603
-0.514143
0.411606
-0.105775
0.289749
-0.512622
-0.153938
0.131474
0.066830
-0.198005
0.108684
0.070900
-0.109931
-0.578184
0.029426
-0.352031
0.173726
-0.270529
0.879967
0.914526
0.243070
-0.347705
-0.239828
0.068626
-0.608435
-0.519463
0.429159
0.042095
-0.029347
-0.086766
-0.555744
-0.092965
-0.037222
-0.427297
0.651255
-0.052090
0.114394
-0.212383
-0.278850
-0.346489
-0.318889
-0.446848
-0.581756
-0.228560
-0.273806
0.278003
0.415925
-0.388351
-0.476441
-0.249234
0.182564
0.301940
-0.182617
0.326997
-0.375724
-0.889437
0.243298
0.418920
-0.108631
-0.723282
-0.451656
-0.054961
0.819134
-0.183449
0.370810
0.113899
0.135764
0.272129
-0.210292
0.143332
0.686934
0.379551
-0.249933
-0.502620
-0.039536
-0.118199
-0.304112
0.212048
-0.121170
-0.218724
0.322470
0.104268
-0.214542
0.035958
-0.603972
0.216301
0.464538
-0.030296
0.025749
-0.199173
-0.051156
0.590671
-0.147179
-0.528341
0.085098
-0.153557
0.157381
-0.043219
-0.219751
0.108570
-0.216630
-0.396545
-0.327044
0.278870
0.310293
-0.497837
-0.169877
0.200410
-0.064532
0.342854
-0.257219
0.300386
0.205296
0.024314
0.115045
0.075297
0.142519
0.090626
-0.122871
-0.719086
0.664089
-0.308767
-0.587389
0.621046
0.176984
0.260683
-0.770659
0.102815
-0.031328
0.222287
0.159029
0.464380
-0.379213
0.229585
-0.356095
-0.230448
0.499639
-0.193656
-0.153552
0.232374
0.552705
-0.539695
0.299726
-0.160069
0.371753
0.442882
0.240213
-0.158232
0.246903
0.213061
0.567975
-0.381707
-0.470122
-0.426048
0.027126
-0.295214
0.122972
0.509435
-0.487195
-0.105755
-0.326108
-0.085291
0.364986
-0.124168
0.448719
0.016377
-0.247040
-0.322839
-0.252620
-0.317240
0.003886
1.182016
0.080126
-0.162142
0.550008
-0.555462
0.001513
0.316814
0.211377
-0.118268
-0.507202
0.334083
-0.511625
-1.495405
-0.137151
0.576561
0.308591
-0.560652
-0.183295
-0.027387
-0.498027
1.605927
1.284005
-0.043503
-1.379009
0.859689
-2.151867
-1.111143
2.372181
0.707997
1.305437
-0.763982
3.001155
0.139838
-1.245784
0.049106
0.126111
1.286341
1.982368
-0.504656
0.807595
0.741307
-1.708056
2.585571
1.553764
0.834205
-1.554143
-0.363226
3.065462
1.551478
-0.730008
-0.652134
1.206772
0.246090
0.869553
-0.852556
1.216797
-0.092543
1.198305
-0.947057
1.036093
1.518951
0.827264
0.494981
2.457765
0.995609
0.634838
-1.656416
-1.962026
0.581645
0.123344
1.352657
-1.151912
1.702063
-0.841848
1.299036
-0.818199
1.712415
0.733937
-1.192441
0.570550
0.813735
1.806031
2.101051
0.857909
0.670205
-1.941613
-0.029124
0.732394
0.471782
1.530369
-0.331952
-0.827755
-0.815644
3.661835
-0.279724
-2.002570
0.204724
-0.366793
-0.564152
3.460862
-1.123822
0.377971
1.218832
-1.297858
2.115202
2.710567
-1.806190
0.855305
1.574681
1.154089
0.976189
0.640576
-0.015271
-2.094873
-0.153986
-0.934060
2.853706
-0.651861
-0.110258
-1.084098
0.737939
0.418370
2.326771
-0.282061
-1.303815
-0.877826
-0.441343
0.907336
-1.959911
-0.049300
-0.443656
-1.096491
1.173899
-0.848678
-2.329253
0.190341
0.316763
1.501098
-1.680026
-0.202445
0.091855
2.715694
1.194249
-1.006628
-1.346962
0.474986
-0.017883
-0.024690
0.930359
0.302126
0.683192
-0.823274
0.273506
0.205913
0.778125
0.166001
-0.292058
0.405771
-0.648096
0.497754
-0.020590
0.541529
0.707863
0.780494
0.532579
-0.084175
-0.270043
1.168095
0.827475
-0.029110
-1.387970
1.138635
-0.247614
-0.229988
1.139318
-0.133500
2.047617
0.355635
0.308152
-0.112960
1.507994
0.903208
-0.090190
1.429909
1.383580
-1.381187
-0.210067
0.856690
0.581703
1.943150
0.484902
-0.320764
0.968623
-0.885807
-0.559761
0.483875
-0.820904
-0.221431
0.695581
0.345419
-0.556151
0.718143
1.379630
1.453408
-1.118452
0.188467
-0.813694
-0.000669
0.537885
1.683983
0.522401
1.293734
-0.712413
1.164944
-0.773293
0.596282
0.255717
-0.357928
0.687484
-0.861150
-0.679726
0.038523
-0.565036
0.208906
-0.318920
0.326289
-0.057019
0.884769
0.432648
0.515501
0.804693
0.332836
-0.074333
-0.710093
0.507616
1.152693
0.401543
0.958007
-0.822833
-0.083751
0.530344
2.528723
-0.800137
-0.376977
-0.891880
-0.202552
1.062175
-2.244515
0.091432
0.503587
-0.303315
0.616506
-0.330119
0.768036
-0.612069
-1.373175
-0.264506
-1.438134
0.471610
0.199764
-0.194851
1.106745
0.062751
0.126249
0.094236
-1.038815
-0.332098
0.356578
0.289867
-0.796108
0.216850
-1.295475
-0.497061
-0.167471
-0.422625
-0.647210
1.551386
-0.396560
-0.232013
1.386290
-0.848362
0.427923
0.096018
0.945689
0.307204
0.610854
0.821309
0.401196
0.652338
0.219782
0.701236
0.199710
1.043737
0.895257
1.468014
0.383642
-0.330033
-0.176624
1.588949
-0.358234
0.021259
-1.956945
-0.068874
-0.517087
-0.138057
-0.447545
0.187258
0.643482
0.077101
0.931411
0.359674
-0.626618
0.721936
-1.694665
-1.426396
0.108102
-0.814239
1.346960
-0.131231
0.259306
1.406096
-0.291916
0.776306
0.626446
0.629366
-0.338285
1.394431
-0.506109
-1.112496
1.528834
1.028883
0.942504
0.792257
0.956104
-1.032359
1.485678
0.364698
-0.107810
0.356778
0.217690
-0.601147
1.245922
0.161513
-0.852486
-0.107017
-0.197675
0.254002
-0.175947
-0.494837
-1.191663
0.673730
-1.014761
-0.015602
0.915491
-0.080634
0.543013
-1.125634
-1.388851
0.999433
2.350943
1.401341
-0.590204
-0.882146
0.315890
-2.313531
-0.227029
1.034975
1.120876
0.845029
-0.737174
1.192479
2.740371
0.312522
0.555053
0.808737
1.284538
-1.505888
0.872891
-0.709848
1.152067
0.164833
-0.697638
-0.226100
0.321771
1.172300
0.833071
-0.467015
-0.272051
1.910336
-0.562394
-0.941134
0.249739
-0.536240
1.137662
-0.438408
0.114986
-0.834063
0.602588
0.042044
-0.093355
-0.104123
-1.068931
0.785567
-1.788083
-0.057636
0.431358
1.011532
1.449579
-0.025107
0.980640
0.567594
0.364953
-0.343128
-0.119657
0.196633
0.582920
0.369603
-0.839716
-0.244530
-0.257980
-1.222409
0.200900
-0.643553
-0.391350
-0.441185
-0.488922
0.092911
1.535075
0.633725
1.176109
-0.824149
0.338169
-0.035267
0.720953
0.518527
-0.180891
-0.310171
-0.438066
-0.541153
-0.219893
0.822126
-1.034419
0.949826
0.037130
-0.645949
0.670255
0.428179
-1.033305
-0.019119
-1.652621
-0.769839
-0.715952
-1.024223
0.082563
0.330569
-0.183857
-0.869404
0.550345
0.763579
0.050031
0.945324
0.299970
0.331416
-0.928957
0.507360
-0.259708
0.385580
-0.173583
0.610328
-0.420939
0.546165
-0.993964
0.736756
1.121692
-0.423142
0.299008
1.128232
-1.124586
0.034369
0.347963
-0.301131
-1.698018
0.189052
1.361004
-0.203048
0.232370
0.631051
-0.857568
-0.472888
-0.293061
-0.361086
-0.623821
0.302516
0.098405
-0.601342
0.212386
0.442326
0.221637
1.200137
-0.105296
1.157337
-0.835968
0.171225
0.306645
0.608159
0.211564
1.560803
0.922086
-0.357358
0.601966
0.037056
-0.418941
-0.165359
0.095711
0.096362
-0.710104
0.890148
0.054999
0.823558
-0.856404
0.085386
-0.305639
-0.529936
-0.243726
0.654245
-0.431442
-1.618980
-0.885539
0.806837
-0.037181
-0.203868
0.064418
0.209830
-0.094900
0.040822
0.136692
-0.037563
0.039478
-0.119423
0.170900
-0.023414
0.073456
-0.204500
-0.007382
0.159677
0.108130
-0.005386
0.087733
0.001321
0.056631
-0.053396
-0.086303
-0.190497
0.021322
-0.223018
0.050047
0.169488
0.018612
-0.017353
-0.009734
0.209451
0.099588
-0.210818
-0.023265
-0.009461
-0.163175
-0.181755
0.065994
-0.053061
0.045366
-0.043213
0.125878
-0.138545
0.090867
0.003408
-0.136443
-0.179485
0.143463
-0.198306
-0.048837
-0.103533
-0.087183
0.205066
0.056624
0.122145
0.037350
0.050396
-0.176094
-0.066489
-0.123210
-0.060956
-0.053730
0.161670
0.172616
-0.123211
-0.121567
0.068136
-0.132601
-0.115533
-0.042745
-0.096480
-0.027709
-0.040973
-0.098216
0.000046
-0.068710
-0.094609
0.149160
0.035846
0.153303
0.025257
-0.051181
0.028262
-0.051113
0.078643
-0.123628
0.013363
-0.102937
-0.210079
-0.013670
-0.162020
-0.107443
0.102525
0.053281
-0.019931
-0.051021
-0.016064
-0.186542
-0.023549
-0.167136
0.112246
0.154780
0.056702
0.068127
-0.063119
-0.035557
-0.052701
-0.131468
-0.135540
-0.129460
0.005360
0.039124
0.121384
0.051644
0.130269
-0.020861
-0.073432
0.027400
-0.031316
0.056503
-0.000425
-0.165917
-0.139185
0.015709
-0.120072
0.018064
0.129937
-0.066415
-0.003943
0.321471
0.261707
-0.208835
0.099382
-0.247025
-0.232115
-0.046581
1.646308
0.077942
-0.081040
-0.484255
-0.557739
1.449978
1.886846
-0.090344
0.529896
-0.146666
0.160799
-0.390789
1.207855
0.802347
0.763461
0.066255
-0.067796
0.049680
-0.197062
-0.599406
-0.656209
0.473959
-0.134564
0.426235
0.665928
-0.186558
-1.486867
-0.587261
-0.859532
-0.103839
0.711748
1.624757
-0.760164
-0.155846
0.748210
0.601254
0.421307
0.031723
0.129572
-0.054032
-0.053233
-0.004939
0.158566
0.018356
1.100613
0.167438
-0.099893
-0.901874
1.428721
-0.070232
-0.485260
-0.188897
-0.434439
-1.069852
-0.251582
-0.673285
1.106046
0.576521
0.822044
-0.343255
-0.342997
0.998899
0.878683
-0.604951
0.369786
0.740408
0.602879
0.422953
-0.781559
-0.883313
1.031501
-0.304531
-0.453645
-0.623217
0.271039
0.510728
0.704093
0.617873
0.228562
0.862340
-0.501970
0.094282
-0.368657
-0.557190
-0.555471
0.126748
-0.437750
0.437595
0.630667
-0.166192
-0.213295
0.393445
-0.010153
-0.077488
0.143427
0.234036
-0.077937
0.918663
-0.011264
-0.948473
-0.512668
0.054407
0.084708
-0.172705
-0.645018
-1.001131
0.550096
-0.571874
-0.257642
-0.127905
0.915829
-0.218837
-0.483881
0.450288
-0.233743
-0.565744
0.791250
0.218525
0.295677
-0.452119
0.214343
