1
128
0.022056
0.019084
-0.059584
-0.044220
0.006628
-0.043359
-0.011967
0.006945
0.154859
-0.052636
-0.086666
-0.106752
0.055694
-0.014899
0.101437
-0.070357
-0.031341
0.000826
-0.069981
-0.043342
-0.007388
-0.068734
-0.079596
-0.140312
0.024941
-0.079618
0.074430
-0.082022
-0.032903
0.051012
-0.003072
-0.117243
0.090644
0.036554
0.082843
0.198630
-0.056095
0.071809
0.062275
0.046414
-0.094103
-0.123752
-0.046924
-0.096305
0.104572
0.124047
0.025741
-0.077509
-0.005081
0.042020
0.021529
0.086189
-0.013684
0.045492
0.038448
0.138775
-0.069239
0.066680
0.070828
0.027107
0.050399
0.111145
0.053246
-0.030367
0.016206
-0.100716
0.056771
-0.134915
0.136820
0.168175
-0.025612
-0.063830
-0.058597
0.004593
0.027475
-0.075616
-0.055993
-0.007150
0.132173
0.014358
0.002024
-0.008900
-0.119111
-0.060563
-0.064390
0.032779
-0.089687
-0.087889
-0.100354
0.070592
0.051913
0.000658
0.011648
-0.093453
-0.022640
-0.012252
0.028210
0.040698
-0.130088
0.013720
-0.054448
0.006547
0.037954
0.034175
-0.021168
0.009279
-0.086913
-0.025827
0.001473
0.075035
0.036830
0.055967
0.079056
-0.040572
-0.013497
0.019844
0.116436
0.006017
0.080720
0.132067
-0.122859
-0.045299
0.019122
0.036846
0.023685
-0.052837
-0.041255
0.010350
