1
128
-0.057803
0.034514
0.090373
-0.188169
-0.087967
0.213794
-0.003164
-0.279989
-0.147397
0.161322
-0.003804
-0.198796
-0.025559
0.202218
-0.269902
-0.393641
0.013134
-0.171584
0.113538
-0.130639
-0.225277
-0.089141
0.063756
0.002268
0.058863
-0.071275
-0.105038
-0.046471
0.104549
0.037240
0.065037
-0.203779
0.376480
-0.093938
-0.196740
-0.027732
0.021746
-0.109181
-0.106413
0.022816
0.143559
-0.171097
-0.150205
0.223032
-0.033911
0.044902
0.141686
-0.191421
0.185656
0.070776
0.050430
0.061520
0.126463
0.107754
0.174552
-0.186675
0.048373
-0.244773
0.012108
-0.033071
0.502049
0.103935
0.176274
0.122417
0.044571
-0.053130
-0.077903
0.193400
0.175008
0.202528
0.140580
0.238220
0.118308
-0.085329
0.145155
-0.046456
-0.138090
-0.280772
0.122248
0.114851
-0.073627
-0.313769
0.255709
-0.260900
-0.035749
-0.018222
0.257552
-0.039915
0.059067
0.028019
-0.167491
0.128156
-0.153343
0.044437
0.039982
0.178582
0.138676
-0.274101
-0.005418
0.040882
0.087319
0.081039
0.054690
-0.004220
0.035936
0.156000
0.201433
-0.122546
0.049121
-0.130405
0.205685
0.302376
0.093919
-0.184528
0.028770
0.026695
0.206042
-0.044813
0.226651
0.201445
0.085901
0.041750
-0.107599
-0.027792
0.066582
-0.235458
0.137639
0.012883
