1
128
-0.061494
0.060375
-0.081355
0.100946
-0.129823
0.169827
-0.047748
0.067821
-0.083101
-0.194813
0.136169
-0.054923
0.039116
-0.000798
-0.109410
-0.063741
-0.132255
-0.073562
-0.007278
0.045323
-0.027474
0.032531
0.010801
0.018383
0.127636
0.009027
-0.002900
-0.121483
0.021984
0.030252
0.055438
0.049203
-0.032463
0.012266
0.032942
-0.094072
-0.520293
0.011779
-0.080937
-0.025004
-0.026641
0.158543
0.011570
0.030423
-0.012472
0.082580
-0.000611
-0.261323
-0.087555
-0.056270
-0.130719
0.031015
-0.154716
-0.091247
-0.148942
-0.091409
-0.096640
0.010330
0.001299
0.114470
0.037442
-0.006023
-0.105291
0.222196
-0.016183
-0.041400
-0.104305
0.022633
-0.076341
-0.039245
0.066778
0.089627
0.076405
-0.078210
-0.331009
-0.083494
-0.071402
0.034826
-0.077304
0.153735
-0.013553
0.008438
-0.074748
0.036727
0.036436
0.073840
0.026552
-0.053990
-0.078652
-0.183196
-0.021950
0.144475
0.053852
0.270624
-0.126872
0.064090
-0.161294
-0.097941
0.211851
0.457959
-0.097980
0.072781
0.205848
-0.002722
-0.138534
-0.081364
-0.060809
0.025522
-0.099583
0.011292
-0.076971
0.142336
-0.043728
0.034084
-0.108604
0.009404
0.015455
-0.221668
-0.053191
0.020190
0.038304
-0.379359
-0.039049
-0.004516
-0.021262
0.153186
0.020533
-0.004156
