1
128
-0.170455
-0.085437
-0.095402
-0.087365
0.276147
-0.252132
0.562140
0.437113
-0.316442
0.187550
0.189886
-0.441567
0.735229
-0.258634
0.131622
0.099706
0.408046
-0.154126
0.170176
0.148819
-0.131251
0.572988
0.577463
0.013324
-0.219167
0.274579
0.312762
0.457232
0.084969
-0.344678
0.384368
-0.378898
0.252736
0.196968
-0.078403
-0.307474
0.379853
0.283553
0.711932
-0.073461
0.495936
0.374161
0.982385
0.057459
-0.060319
0.341829
0.497104
0.566568
0.471779
-0.188515
0.090986
-0.212583
0.035102
0.250895
-0.031130
-0.036835
0.108254
0.149214
0.164205
0.421448
0.892995
-0.063680
0.224566
-0.222201
0.205812
0.131292
0.255045
-0.171767
-0.415769
-0.392489
0.075305
0.168695
0.261385
0.305506
-0.475607
-0.129056
-0.484054
-0.279122
0.496170
0.322274
0.076528
-0.101772
0.151590
0.257307
0.004862
-0.199339
-0.168270
-0.400867
0.285285
0.221211
-0.268814
0.399439
0.119058
-0.304285
0.402124
0.377655
0.010362
0.101907
-0.195562
0.198338
0.204573
-0.127278
0.254554
0.802143
0.161977
-0.046550
0.351304
0.181154
0.460989
-0.199787
0.308999
0.328897
0.529605
0.402590
0.131992
0.261489
0.253082
-0.080078
0.209903
0.427458
0.213294
0.007224
0.240025
0.184790
-0.387660
0.263072
0.235820
0.500855
