1
128
-0.050658
-0.203517
0.895667
-0.092601
-0.332996
0.427546
0.584737
1.215272
0.553053
1.136809
-0.291566
1.232084
-1.378757
1.068200
1.223302
1.039037
0.868528
0.155539
0.971551
1.012570
0.983251
0.190591
1.018173
-0.014126
0.189682
-0.254642
-0.046804
0.018664
1.072665
-0.786048
0.347443
1.074185
1.111111
0.959138
0.450051
0.179777
-1.412430
0.269263
-0.901549
0.768145
0.917496
0.373919
0.219653
0.989286
0.067295
1.115472
1.078666
1.107283
0.850774
-0.030545
-0.182177
0.542652
1.164937
-0.014984
-0.976007
1.082606
0.616446
0.809557
0.145897
-0.115339
0.681174
-1.096970
0.107943
-0.752022
0.615994
-0.278865
0.240401
1.086024
0.576690
0.118014
0.196214
0.921467
0.342160
-0.105161
1.029729
-0.137316
1.139023
-0.004809
1.007133
0.631048
-1.013601
0.405119
1.039642
0.940045
0.474144
0.141566
0.988896
0.451433
0.874829
-0.019251
0.951116
0.584887
0.050672
-0.651702
-1.057325
0.860950
-0.162718
1.256333
-0.636658
0.676673
0.877041
1.091338
0.065103
-0.832641
0.015229
1.019375
0.179462
1.127755
0.212581
0.018802
1.141292
0.982208
0.873783
1.099395
-0.931210
-0.134071
-0.082147
0.741207
0.218884
0.932704
-0.540667
-0.497765
1.111547
-0.272681
0.824125
0.098697
0.347571
-1.365634
