1
128
1.091430
0.851081
0.591603
1.232807
0.872099
1.005198
0.931387
0.746175
0.795996
1.223153
0.908547
0.829854
0.599552
0.589381
0.528485
0.758625
0.654876
0.704211
0.944888
0.714000
0.894499
0.537701
0.707200
0.984820
0.409587
0.596360
0.749710
0.462293
0.983983
0.537924
0.854829
0.802369
0.601307
0.938551
0.365637
1.040840
0.577002
0.848277
0.675421
0.547115
0.608325
0.804872
0.755838
0.963428
0.591001
0.992424
0.777640
0.740483
0.974991
0.967477
0.528603
0.962849
0.617561
0.836004
0.703005
0.709440
1.040331
-0.065874
0.559490
0.556891
0.617351
1.046082
0.883174
0.607405
0.927010
0.871877
0.973009
0.816033
0.986014
0.893950
0.852780
0.624008
0.894846
1.004845
0.991461
0.933960
0.949759
1.010657
0.987924
1.081178
0.794409
0.253319
1.057387
0.611713
1.032341
0.976206
0.937366
0.375672
0.410379
0.933794
1.127053
0.841108
1.018309
0.668861
0.827004
0.857322
0.448747
1.039989
0.608560
0.730545
0.844534
1.195074
0.729176
0.890558
0.815407
0.650457
0.816681
0.940916
0.888317
1.073426
0.731384
0.380090
1.030070
0.741143
0.685118
1.129629
0.435296
0.669259
0.469282
0.830539
0.929056
0.692210
0.624442
0.779673
0.527102
0.407301
0.933663
0.658223
