1
128
1.096328
0.651888
0.969043
0.814625
0.778289
0.649637
0.768287
0.517440
0.719763
0.479845
0.787243
0.987225
0.335810
0.745940
0.781923
0.903820
0.646097
0.669102
0.334091
0.485283
0.574574
-0.099975
0.173224
0.821282
0.887616
0.190122
0.374749
0.357777
0.172966
1.331430
0.778799
0.605248
0.706673
0.306138
0.701510
0.967181
0.152573
0.589434
0.331208
0.943384
0.284754
0.583488
-0.044575
0.683620
0.918517
0.759220
0.224025
0.316170
0.551411
0.517281
0.620259
0.767916
0.652500
0.640709
0.958479
0.620830
0.777235
0.775296
0.903073
0.656901
0.172262
0.686893
0.635118
1.096938
0.676530
0.408890
0.632804
0.773945
1.056638
1.026172
0.781961
0.689340
-0.066065
0.729602
1.425965
1.191163
1.510147
0.845699
0.697912
0.875670
0.107701
0.500842
0.636416
0.515727
0.599312
0.860927
1.324731
1.471441
0.654665
0.676868
0.836654
0.449529
0.415841
1.019164
0.675467
0.762629
0.446795
0.488675
0.883952
0.308444
0.619133
0.858876
0.754587
0.355119
1.130442
1.061000
0.436025
0.544186
0.375400
0.639814
0.422231
0.515409
0.208683
0.715298
0.809365
0.485283
0.832726
0.699798
0.237700
0.209335
0.459007
0.879337
0.475965
1.003601
1.483135
0.577891
0.537757
0.175504
