1
128
0.468284
0.417481
0.256550
0.452560
1.179449
0.374439
0.314828
0.518118
0.320391
0.415311
0.475685
0.353792
0.516389
0.497074
0.280741
0.562383
0.319193
0.524196
0.217762
0.527796
0.034076
0.371394
0.285571
0.760405
0.810013
0.148707
0.474144
0.447753
0.569909
0.387100
0.389993
0.286784
0.580954
0.317045
0.443047
-0.045868
0.371690
0.133200
0.499168
0.777362
0.251902
0.559106
0.479431
0.304552
0.367094
0.254680
0.248703
0.202891
0.443354
0.712192
0.877256
0.340953
0.290333
0.636799
0.168048
0.687828
0.562124
0.510598
0.586534
0.784583
0.921138
0.739445
0.589358
0.473621
0.385769
0.241229
0.277164
0.118750
0.191022
0.272121
0.234635
0.604508
0.803517
0.334988
0.473364
0.955796
0.314599
0.245562
0.311938
0.678407
0.489504
0.594802
0.290365
0.281448
0.389665
0.355650
0.439936
0.535963
0.339056
0.100998
0.528820
0.001014
0.417630
0.175233
0.323869
0.622128
0.614477
0.553439
0.495826
0.516401
0.409324
0.208022
0.609816
0.583461
0.439393
0.367595
0.344557
0.242103
0.277663
0.902052
0.401752
0.688926
0.091779
0.589832
0.220354
0.415365
0.187326
0.241580
0.478104
0.615059
0.474532
0.821135
0.269156
0.614624
0.622363
0.345239
0.440524
0.103656
