1
128
0.203537
0.102507
0.141026
0.237360
-0.052535
0.129551
0.159935
0.143199
0.048793
0.130482
0.069607
-0.109712
0.148859
-0.171089
0.341525
0.107655
0.253868
0.262899
0.356963
-0.003601
0.011589
-0.237269
0.082267
0.026247
0.193343
-0.305243
0.049225
-0.211482
-0.239897
-0.161367
0.187185
0.311926
-0.152455
-0.035742
0.256435
0.229090
-0.126003
0.080778
0.116852
0.278666
0.016862
-0.198305
-0.021783
-0.094430
0.176596
-0.036182
0.144675
-0.117659
-0.005747
0.136498
0.123512
0.026177
-0.052365
0.120860
0.091988
-0.010061
0.142683
-0.225893
-0.344549
0.098909
-0.222034
-0.201931
0.036759
-0.014255
0.066628
0.069290
-0.029110
-0.006747
0.094984
0.181192
0.026659
0.063486
0.078971
0.058438
-0.293134
-0.032845
0.016305
0.050321
-0.035182
0.305899
0.449866
-0.197210
-0.027122
-0.300555
0.121928
0.088787
0.026165
0.085899
-0.156695
0.092876
0.081077
-0.071957
0.168873
0.102731
0.117876
0.130627
-0.461485
-0.082079
-0.088369
-0.051665
0.107521
0.068456
0.191079
-0.182056
0.034945
-0.041106
0.587932
0.444080
0.171674
0.073785
0.172216
-0.141576
0.176431
0.193101
0.189383
-0.168286
-0.049339
0.293227
-0.120035
-0.079335
0.016928
-0.238865
0.083282
0.109179
0.031959
-0.028226
0.099598
0.100126
