1
128
-0.037501
-0.277747
0.182508
-0.228262
0.540641
-0.294112
0.482505
-0.167815
-0.357105
-0.009990
0.166603
0.226089
-0.197772
-0.186181
0.187252
-0.146269
0.021436
-0.251119
-0.086920
0.190278
-0.105640
0.055256
-0.037093
-0.003366
-0.374480
0.207692
-0.173493
0.117985
-0.257136
0.239490
0.101548
-0.217320
-0.026704
0.298844
0.189633
-0.150292
-0.012618
0.160251
0.157147
-0.034814
-0.181837
0.339216
-0.017459
-0.264696
0.171328
0.222434
0.249755
-0.034649
0.070309
-0.424002
-0.095162
-0.155998
-0.294546
-0.050238
0.203971
-0.200578
-0.491337
-0.015587
-0.009405
0.396010
-0.068234
0.133337
0.436513
0.115231
-0.015957
-0.101999
0.454601
0.248616
0.037433
-0.142029
0.644480
-0.227096
0.126200
-0.032681
-0.237608
-0.135208
0.100088
0.081628
0.407588
0.206556
-0.177904
-0.277276
0.260050
-0.048385
-0.095651
-0.360437
-0.216844
0.507152
0.230686
-0.094562
-0.421295
0.350715
-0.403395
-0.295081
-0.120178
0.277810
0.167765
0.159392
-0.011161
-0.172310
0.130184
-0.254473
0.149406
-0.078804
0.225025
-0.172726
-0.154170
-0.303337
-0.098708
-0.177517
-0.035355
-0.011812
0.086026
0.004633
0.300629
-0.212950
0.291329
-0.144489
0.105803
-0.033439
-0.042947
-0.083126
0.122064
0.363900
-0.071744
-0.002840
-0.048692
-0.048128
