1
128
0.217195
0.036278
0.193659
0.213448
-0.013403
-0.116772
-0.292024
-0.528990
-0.145064
-0.627069
-0.050720
-0.748191
0.174300
-0.332639
-0.373008
-0.240211
-0.009531
0.199011
-0.311713
-0.385752
0.188863
-0.229389
-0.225717
0.074089
-0.138876
-0.163681
-0.195074
-0.000522
-0.192598
-0.027141
-0.086029
-0.345180
-0.477837
-0.079202
-0.278107
-0.298942
-0.068488
-0.145970
-0.074406
0.095147
-0.413796
0.116079
-0.166373
-0.011519
-0.214842
-0.540443
-0.063286
-0.293963
-0.089838
0.068666
-0.021108
0.035136
-0.222947
0.351085
0.198893
0.023660
-0.134839
-0.387271
0.731914
-0.232195
-0.440984
0.546369
-0.043693
-0.111567
-0.082454
0.261997
0.305209
-0.181333
-0.147438
-0.274088
-0.285725
-0.482760
0.088385
0.216376
-0.522948
-0.073626
-0.581480
-0.348408
-0.442323
-0.322670
-0.092623
-0.141798
-0.437573
-0.448110
0.198243
-0.128092
-0.257701
0.080371
-0.688317
0.075663
-0.561629
-0.380286
0.193107
0.292338
0.064375
-0.554201
-0.142959
-0.500239
0.000101
0.224355
-0.400364
0.226106
0.020387
0.107372
-0.315748
-0.479271
-0.159316
-0.353335
0.031017
0.019666
-0.531783
-0.446490
-0.086442
-0.491391
0.015892
0.090337
-0.328638
0.236396
0.108406
-0.389029
-0.227232
0.200016
-0.349383
-0.270199
-0.074360
-0.172073
0.051310
-0.044642
