1
128
-0.609348
-0.416186
0.118539
-0.693690
-0.601320
-0.246967
-0.630061
-0.103156
-0.282153
-0.518747
-0.597166
-0.324314
0.386368
0.136727
0.253390
-0.164405
-0.007916
-0.831981
-0.711910
-0.052253
-0.265659
-0.060207
-0.120708
-0.785304
0.153061
-0.068887
0.265898
0.185525
0.096031
-0.139218
-0.501055
0.281714
0.470151
-0.905849
-0.117310
-0.347386
0.312174
-0.556194
-0.248266
-0.240484
-0.216410
-0.240505
-0.360599
-0.001167
0.008694
-0.352225
-0.236040
0.184808
-0.437210
-0.350307
-0.152629
-0.242201
0.020435
-0.132271
-0.424410
0.050263
-0.747392
-0.096521
-0.085615
-0.140517
-0.078100
0.544521
-0.596275
0.299667
-0.240189
0.202416
0.209024
0.002260
0.085622
-0.739883
-0.328607
-0.658505
-0.126881
-0.708920
-0.190748
-0.299040
-0.554882
-0.896352
-0.328342
-0.462763
0.135636
-0.117186
-0.123622
0.122023
-0.355078
-0.475879
-0.216609
0.218025
0.328474
-0.613162
0.558613
0.049641
-0.202218
0.504000
-0.101701
-0.298452
0.023283
-0.260438
-0.174710
0.486138
-0.115897
-0.403909
-0.719814
-0.242196
0.015285
-0.004247
0.382680
-0.840737
0.253536
-0.811069
-0.049407
-0.104202
-0.305817
-0.690996
0.269157
-0.063958
0.009073
0.028595
-0.265367
-0.339778
-0.524572
-0.439954
0.342032
-0.113613
0.077282
0.377659
-0.164814
0.174498
