1
119
-0.091550
-0.110226
-0.532236
-0.006689
0.059558
-0.409604
-0.084644
-0.125371
0.670386
0.031964
-0.140990
-0.328922
0.231994
0.488611
0.303451
0.252106
0.709347
-1.492566
0.127671
-0.029304
-0.649126
-1.890423
0.168122
-0.130886
-0.814438
0.005871
0.180895
-0.551057
-0.092426
0.322586
0.004056
0.055833
-0.578411
-0.562793
-0.558812
0.136505
-1.641664
-0.411018
-0.414487
-0.088074
0.104477
0.113016
-1.080927
-0.221645
0.166251
-0.860586
0.161085
-0.754716
-0.339001
-1.744233
0.340880
-0.028551
-1.032637
-0.991940
-0.805135
0.997573
-0.232725
-0.629116
-0.016795
-0.586975
-0.804552
0.133928
-1.548236
-0.298674
-0.791961
-1.345755
-1.586906
-0.568928
-0.655252
-0.829195
-1.135019
-0.751497
-0.459658
-0.091167
-0.566497
-1.464961
-0.934229
-0.171862
-0.762166
-0.283208
-0.975535
-1.216340
-2.240792
-2.303885
-2.485755
-3.782949
-2.851558
-3.546094
-2.774072
-2.739209
-4.663280
-4.619341
-4.591520
-0.951949
-0.914974
-1.378867
-1.337988
-1.293490
-4.630744
-1.585524
-1.857114
-1.153355
-2.050334
-1.483821
-4.446320
-2.434977
-4.584951
-4.095339
-4.600471
-4.641764
-4.382546
-1.151629
-4.721862
-3.595034
-4.087956
-2.857443
-1.896064
-1.724524
-4.681393
