1
512
0.078936
-0.058095
-0.052989
0.008808
-0.076811
0.014737
-0.006668
-0.016538
0.076140
-0.069545
0.003926
0.013641
0.026562
0.045326
-0.072117
0.000795
0.005314
-0.052185
0.041228
-0.006863
-0.046134
0.021572
-0.060449
-0.000741
0.028825
0.086962
0.038235
-0.081971
-0.063092
0.046583
0.101329
-0.067559
0.022009
0.012064
0.046295
-0.014480
-0.062785
0.013786
-0.029072
-0.044715
-0.029242
-0.097475
-0.042993
0.026041
0.004370
0.043119
0.064387
-0.067886
-0.093535
-0.068644
0.009630
0.018455
-0.062856
0.000753
0.008020
0.008869
0.015850
-0.058949
0.002752
-0.062496
-0.031830
0.046816
0.052968
-0.016833
-0.008321
0.051576
0.026088
0.034481
-0.022165
-0.026808
0.018168
0.024517
-0.004918
-0.033548
0.033990
0.046423
-0.023800
0.009873
-0.050360
0.077789
-0.076611
0.046711
0.122796
-0.052396
-0.048079
-0.046277
-0.022026
0.043561
-0.002166
0.059229
-0.051167
-0.058788
-0.055441
-0.141654
0.015827
-0.058534
-0.052811
0.015427
0.091623
0.043495
-0.036694
0.058804
-0.022412
0.064738
-0.081849
-0.006787
0.005690
0.039344
-0.020683
0.001607
-0.041845
-0.008205
-0.121243
0.022976
0.026176
0.029130
-0.003897
0.040411
-0.116684
0.054285
-0.027006
0.006597
-0.011390
-0.054982
0.058458
0.037477
-0.043587
-0.071005
0.010102
0.008342
-0.043963
-0.019312
-0.064828
-0.086950
-0.055935
-0.020555
-0.019376
0.016828
0.084859
-0.127781
0.058384
0.060321
0.023625
-0.087320
-0.027813
0.060206
0.069767
-0.068172
-0.000662
-0.049776
0.053804
-0.025655
-0.094786
0.072062
0.068089
0.019184
-0.017875
0.028317
-0.012179
0.038804
0.061500
0.076557
0.048995
0.005834
-0.042167
0.070164
-0.000188
0.002086
-0.047101
-0.065234
0.043279
0.001347
0.002358
0.049366
-0.062675
-0.067441
0.012439
0.023703
0.068997
0.014165
-0.028588
0.057693
0.046278
0.017559
-0.044488
-0.019934
0.044346
0.042722
-0.001239
0.022389
0.066159
-0.041203
0.070112
0.013785
-0.028797
-0.022774
-0.059087
-0.017384
0.020522
0.000073
-0.014951
0.046938
-0.079290
0.060346
-0.069678
-0.061570
0.012288
-0.052171
-0.105407
-0.078509
0.019726
-0.000094
0.011607
-0.012688
-0.050395
-0.028671
0.024925
-0.000819
0.011127
0.022318
0.093698
0.033434
-0.034777
0.033047
0.029998
0.052620
0.053377
-0.029778
0.036335
-0.076251
0.103274
0.045208
0.018938
0.029811
-0.039419
-0.009982
-0.008711
-0.040923
-0.003631
-0.053439
0.015652
0.021311
-0.049759
0.022123
-0.077643
-0.113284
0.002854
0.061357
0.064505
0.058304
-0.033809
0.022969
-0.017445
0.033948
0.034401
-0.062500
-0.028446
-0.065927
0.014483
0.041948
0.094051
0.044233
0.035198
0.051398
0.087237
-0.020568
0.030996
-0.067717
0.085260
-0.040837
-0.005816
0.062615
0.003799
0.053443
-0.043996
-0.014412
-0.016461
-0.023971
0.016008
0.005095
-0.022794
0.031104
-0.031322
0.006727
-0.025351
-0.048916
0.010239
0.054895
0.088814
0.061780
0.036042
-0.027351
-0.039927
-0.021905
0.008565
0.111282
-0.069993
-0.059166
-0.019476
-0.035230
0.062508
-0.023448
0.061976
0.011177
-0.024678
-0.047436
-0.011987
0.024688
-0.111579
-0.043164
0.018150
-0.029959
0.030327
0.001096
0.000375
-0.037481
-0.114477
0.090887
0.048523
0.034313
0.032151
0.048239
-0.070580
0.043241
-0.080813
0.007561
0.046417
0.053371
-0.043812
-0.024543
0.109140
-0.063802
-0.084483
-0.041671
0.017276
-0.018833
0.038644
0.051826
0.039369
-0.101944
-0.098449
-0.004768
0.050527
-0.046425
-0.020914
-0.050179
-0.096413
-0.051265
0.015072
-0.060941
0.039716
-0.036711
-0.005046
0.019719
-0.012836
0.039200
-0.044982
0.040014
-0.044261
-0.010954
0.040991
0.041779
0.041161
0.012973
-0.048630
-0.052168
0.053593
0.002527
0.029289
-0.035371
0.073754
-0.022942
0.023146
0.023392
-0.085378
0.046375
0.108539
-0.048081
-0.023096
0.033886
0.012380
0.074457
-0.006068
-0.034260
-0.054277
0.045666
0.031232
0.030366
-0.002559
0.011086
0.025167
0.000649
-0.014606
-0.033135
0.047446
-0.007397
0.081010
-0.050018
0.046324
0.065337
0.021901
0.040545
-0.017674
-0.068328
0.002656
-0.033130
-0.057531
-0.045015
-0.061375
-0.110151
-0.014819
-0.026044
0.091543
0.046588
0.045972
-0.041410
-0.082219
-0.061737
-0.028582
-0.036275
-0.020279
-0.058006
-0.026952
-0.043788
0.001412
0.101420
0.006843
0.023570
0.101908
0.075614
0.010398
0.100132
-0.136171
-0.001315
-0.040594
0.039570
-0.065890
0.058868
0.038524
-0.024033
-0.065802
0.059364
0.006688
-0.013739
0.043592
-0.049175
-0.035045
0.025360
-0.003591
-0.019697
0.002727
-0.038323
-0.062925
0.036113
0.052522
-0.037468
-0.082311
0.020125
-0.090723
0.091025
0.044096
-0.048158
0.051089
0.059745
0.012723
0.060225
0.090311
0.076387
0.022234
-0.002616
0.024375
0.032826
-0.032828
-0.013276
0.015391
-0.069823
-0.026652
0.086779
-0.015772
0.027090
0.074365
-0.063934
-0.036232
0.037687
0.031530
0.002514
0.020871
0.055560
-0.005630
-0.059802
-0.052585
0.059439
0.016688
-0.028462
-0.001919
-0.015797
-0.004542
0.019038
0.028699
0.072886
0.008824
-0.054771
0.031531
-0.062216
-0.060179
0.050236
-0.008162
-0.008515
-0.031150
-0.078044
0.001737
-0.041944
