1
512
0.015403
0.125291
0.012167
-0.011635
-0.019058
-0.028464
-0.092052
-0.000483
0.100072
0.052404
0.022199
-0.012542
-0.037751
-0.079462
-0.021320
-0.038600
0.005904
-0.010492
-0.103831
-0.053900
0.040159
0.055134
-0.006669
-0.161182
0.020244
0.002038
0.125587
0.062856
-0.013037
0.185427
-0.040274
-0.009875
-0.085579
-0.123123
-0.055332
0.010649
0.051836
-0.033937
-0.030172
-0.056182
0.040219
-0.111862
0.003577
0.083209
-0.099112
0.022774
-0.108031
0.074056
0.014744
-0.037340
-0.035207
-0.022768
-0.016884
-0.048213
0.043691
-0.048471
-0.047242
-0.098743
-0.129807
0.033341
0.055491
0.068914
0.007366
0.002478
0.025029
-0.050123
0.022288
0.033049
0.038477
-0.046858
0.203266
-0.022318
-0.084542
-0.008455
-0.033418
0.042970
0.018887
0.167794
0.044343
-0.011467
0.037723
0.004949
0.145427
-0.006993
-0.032329
-0.076860
0.009015
0.054371
-0.054207
-0.024837
0.037523
-0.107573
-0.011945
0.022937
0.012577
0.103524
0.025247
-0.051744
-0.017773
0.014916
-0.153223
-0.087036
0.020650
0.051792
0.126013
0.116456
0.024167
-0.067374
-0.043078
0.054052
0.044374
0.148977
0.078012
0.175449
-0.177261
0.004997
0.067961
-0.106142
0.093473
0.004066
0.076129
-0.073055
0.000711
0.040480
-0.072308
-0.138614
0.005097
0.042976
0.069355
-0.184663
-0.162454
-0.037634
-0.046723
-0.021874
0.017021
-0.094003
0.034461
0.018651
0.021039
0.255974
-0.019232
0.024700
-0.082995
-0.007506
0.050189
0.046573
0.119782
-0.015542
-0.023004
-0.034126
0.072610
0.081656
-0.053712
0.038171
0.009756
-0.036983
0.006852
0.013348
0.066033
-0.049887
0.187834
-0.130370
-0.163931
-0.127737
0.044003
-0.039454
-0.084782
-0.056352
0.042320
-0.001568
0.039484
0.043789
-0.067915
0.053823
0.001328
-0.080446
0.075489
0.043593
-0.099762
0.058594
0.029012
-0.118903
0.043572
-0.011726
-0.006314
0.032440
-0.104007
0.151315
-0.087927
-0.018956
-0.020400
-0.121547
-0.039685
0.066921
-0.140116
-0.024998
-0.003890
0.003845
-0.002082
0.056525
0.043968
0.032184
-0.054224
0.050780
-0.046954
0.012223
-0.054745
0.162537
-0.074345
-0.075744
0.074519
-0.010446
-0.108434
0.004223
-0.109730
0.026402
-0.037175
0.123190
0.029629
0.048315
-0.012352
-0.020421
-0.020261
-0.005924
0.022101
-0.109625
0.019191
0.037942
0.144341
-0.014983
0.043866
0.098831
-0.013242
0.095152
0.042235
0.119556
0.151408
0.002150
-0.010285
0.028876
0.052777
-0.052772
-0.122674
0.179765
0.035817
0.022032
0.075662
0.037980
0.028808
0.209656
-0.056519
0.160769
-0.025457
0.024592
0.000672
0.090669
0.044809
-0.016740
0.046707
0.005547
-0.026912
0.099872
0.167486
0.179609
-0.027059
0.081153
-0.015335
0.162006
0.121950
-0.005034
-0.013373
-0.022911
-0.064177
0.094628
-0.084961
0.026100
0.140978
-0.023009
0.061565
-0.033695
0.087215
0.065427
0.092107
0.004912
0.044136
-0.012839
0.024352
0.092013
-0.054192
0.022989
0.183451
-0.014814
0.186130
0.000465
0.009252
-0.077892
-0.218915
0.235584
0.052970
0.132504
0.085664
-0.080764
-0.018707
-0.062525
0.005301
-0.032286
-0.077407
0.070783
-0.137664
0.015468
-0.027003
-0.023106
0.120552
0.034057
-0.029885
-0.100439
-0.119048
-0.126663
-0.028602
-0.017156
0.132240
-0.046309
0.096151
-0.003958
-0.017719
0.048698
0.061577
0.031052
-0.034741
-0.049250
0.191555
-0.008367
0.007382
-0.041448
-0.064875
0.003416
0.064041
0.068530
-0.129940
-0.089669
0.011905
-0.091864
-0.165953
0.088914
0.009639
-0.058840
-0.009626
-0.021471
-0.031884
0.086672
-0.246655
0.145759
0.132999
0.018859
0.136597
0.376496
-0.030347
0.085099
-0.051753
0.007209
0.078441
-0.077755
-0.082268
-0.049262
0.052091
-0.056953
0.027037
-0.048861
-0.146942
0.012074
0.000049
0.041261
0.044513
-0.062658
-0.012671
-0.018861
-0.051657
-0.119370
0.033444
0.114092
0.087604
-0.029007
-0.012332
-0.037840
0.102235
-0.069745
0.052775
0.060248
0.124324
-0.112021
-0.036256
-0.093092
-0.015609
-0.065236
0.026281
0.067601
0.041594
0.045950
-0.070755
0.002879
-0.032518
0.065757
0.284215
-0.004145
0.050443
0.025775
0.024106
-0.095321
0.146305
-0.034443
0.002346
0.003075
-0.024761
-0.077850
0.069344
0.010204
0.021339
-0.002690
0.059011
0.083795
-0.092030
0.015171
-0.066938
0.005463
0.121422
-0.023368
0.020053
-0.074311
0.058420
0.065536
0.016925
-0.053700
-0.125672
-0.030330
-0.032158
0.286272
0.003538
-0.063670
0.036174
-0.011089
-0.037853
-0.005481
0.006150
0.044614
0.072897
-0.054262
-0.058918
-0.058966
0.042153
-0.113667
-0.017720
-0.055781
-0.042823
0.030418
0.020077
-0.029539
-0.095706
0.090638
-0.088899
0.000542
0.009373
0.009657
0.062120
0.155317
0.031258
0.096804
-0.015800
-0.018752
-0.033455
-0.058003
0.047975
0.076446
-0.007239
-0.122250
0.054927
-0.131385
-0.005185
-0.085260
-0.003542
-0.037430
-0.021198
-0.000188
-0.019905
0.044194
0.085689
-0.136623
0.035991
-0.019371
-0.080477
0.022188
0.031681
0.052906
0.104801
0.096485
0.049495
-0.299838
0.104081
0.056908
-0.042893
0.029624
0.062739
-0.100554
0.022441
0.242788
0.075714
0.021898
0.086612
0.055272
0.189345
0.029973
-0.010611
-0.033619
