1
512
0.029187
0.069335
-0.053320
-0.013116
-0.029598
0.075055
0.069153
-0.002568
-0.130887
-0.056933
0.114358
-0.007761
0.020286
0.003356
-0.130709
0.096831
-0.000635
-0.004698
0.077058
-0.014277
-0.000376
-0.054215
-0.115485
-0.092822
-0.034427
0.004377
0.075759
-0.095898
-0.036427
0.016065
0.006469
0.055916
-0.190132
-0.107571
-0.005308
0.009236
-0.102622
0.084466
0.002217
-0.095657
0.071479
-0.033342
0.050022
-0.090420
0.003461
-0.064017
0.019930
-0.006604
-0.046533
-0.079905
-0.087695
0.062763
0.042059
0.020998
0.146110
-0.008738
0.080466
-0.016524
0.013996
-0.041551
0.018290
-0.040574
-0.123502
-0.013867
-0.020843
-0.078170
0.014110
-0.097588
-0.018809
0.018146
0.064762
-0.006677
-0.030732
-0.134551
0.028032
-0.069155
0.099291
0.042983
0.077350
0.049343
0.075628
0.097556
0.024803
0.011289
-0.026061
0.006707
0.013035
0.120885
-0.057871
-0.051876
-0.086861
-0.009701
0.120471
0.051908
0.020771
0.078327
0.015399
0.040071
0.019239
0.011419
0.001835
-0.092335
0.026362
-0.026347
0.029847
0.084556
0.056617
-0.152711
-0.109435
0.083100
0.010926
-0.094483
0.015892
-0.031934
-0.047215
-0.021814
0.031141
-0.011665
-0.061433
0.003545
0.108072
-0.025557
-0.035582
-0.075695
-0.016127
0.103712
-0.054308
0.048051
0.071301
0.086774
0.019478
0.019699
0.028370
-0.037571
0.086400
0.130380
0.063293
0.041154
-0.011589
0.053349
-0.067036
0.136991
-0.051593
-0.044702
-0.038857
0.009023
0.139496
0.021818
0.052273
0.055040
-0.045672
-0.044640
-0.057613
-0.038351
0.043879
0.061031
0.035875
0.073934
0.024508
-0.071158
-0.126632
0.014317
0.044750
0.008118
0.041560
0.006704
0.004635
-0.008481
0.005995
0.143432
-0.017786
-0.050549
0.036498
0.037509
-0.032106
0.083804
0.044313
-0.024577
-0.062072
-0.015722
-0.017516
0.086160
0.066022
-0.050383
0.045777
0.076881
-0.036911
0.049980
-0.055784
-0.129694
-0.062408
0.092284
-0.089062
-0.058705
0.069536
-0.031468
-0.064480
0.022960
0.004915
0.061360
-0.065997
0.050489
-0.049634
-0.072059
0.011320
-0.073402
-0.034164
0.090024
0.018486
-0.158972
0.023368
0.034381
-0.107488
-0.050168
0.078208
0.035064
-0.110439
0.058234
-0.083761
-0.056823
0.027306
-0.049403
0.125736
-0.118691
-0.033380
0.036416
-0.021900
0.020536
-0.084913
0.016895
-0.018148
-0.021196
0.057469
0.047899
0.044297
-0.071302
0.117051
0.049902
0.129484
0.058933
-0.095614
0.036191
0.017148
0.046812
0.098875
-0.024749
-0.068247
-0.127729
-0.086114
-0.062002
0.006562
-0.092863
-0.003241
-0.085517
0.013333
-0.038591
0.063804
0.070703
0.034235
0.049536
0.075118
0.026863
0.093997
0.026444
-0.093784
-0.041785
-0.054443
0.030766
-0.041073
-0.022132
-0.096739
0.133557
-0.079294
-0.090438
-0.095347
0.026500
0.107030
0.078100
0.033126
-0.040299
-0.068002
-0.054306
0.008645
0.033933
0.051511
0.027877
-0.053823
0.074005
0.055630
0.060772
-0.040238
0.089863
0.065414
-0.016075
0.033361
-0.091475
0.034873
-0.023773
-0.020091
0.002784
-0.116390
-0.043169
-0.020135
-0.105303
-0.047835
0.093406
-0.018197
0.012796
-0.085142
0.057051
0.007982
0.039711
0.134893
0.043535
-0.079578
-0.035198
-0.062668
0.064080
-0.114084
-0.029801
-0.015953
0.053659
0.140392
-0.093111
-0.034777
0.066078
-0.010673
0.057656
-0.095498
0.011053
0.025826
-0.009977
-0.003894
-0.108254
0.023124
0.102518
-0.063886
-0.093166
0.008665
0.030051
0.061618
0.010759
-0.075626
0.073421
-0.070918
0.029126
-0.201830
0.076132
0.006008
0.069490
0.126168
0.057850
-0.019020
0.111286
-0.046060
-0.097958
0.093093
0.109051
-0.011584
0.071255
0.061760
0.002358
-0.019965
0.011224
-0.003131
-0.021319
0.073960
0.020419
-0.020134
0.091762
0.133998
0.065851
0.023112
-0.078840
0.039175
0.128466
0.028019
0.069666
0.031646
0.010091
0.024324
-0.000833
-0.048874
0.032333
0.011900
0.042911
-0.046744
-0.035821
-0.023972
0.015964
0.003043
0.209602
0.028866
-0.001675
-0.004943
0.102828
-0.014831
0.135109
0.060607
0.064545
-0.005124
-0.028282
0.004618
-0.060517
-0.048159
0.029074
0.093373
-0.085506
-0.041463
0.014487
-0.108682
-0.136091
-0.036835
-0.026866
-0.056657
-0.017732
-0.042708
-0.033330
0.117017
-0.013981
0.085083
-0.112616
-0.093994
0.047833
-0.018541
-0.090237
0.081505
0.082690
-0.018655
0.005268
-0.090764
0.112454
0.005664
-0.046411
0.017140
0.028569
-0.090412
-0.012985
0.123018
0.057345
-0.137227
-0.058330
0.130518
-0.048526
-0.019638
0.132131
0.091949
-0.029226
0.121483
0.092863
0.024061
0.047328
0.000815
0.066311
0.109627
-0.052512
-0.030672
-0.076300
-0.045893
0.005946
-0.003240
0.024216
0.078548
-0.132332
-0.078084
0.002508
-0.021006
-0.069120
0.032319
-0.028234
-0.037820
-0.041980
-0.016275
0.155892
-0.034537
-0.015125
0.082866
-0.067460
0.029907
0.001467
-0.054916
-0.044800
-0.050895
-0.000132
0.061712
-0.097875
0.058411
0.005320
-0.094371
0.110959
-0.010946
-0.093166
-0.067820
-0.038235
-0.010421
0.004459
-0.104634
-0.016692
-0.044630
0.005429
-0.060573
0.043668
0.156549
0.154091
0.025364
-0.033505
-0.077755
0.081389
0.003077
-0.004416
0.036554
0.065852
