1
512
1.036908
0.589289
0.861478
0.809585
0.657311
0.483406
0.698659
0.509744
0.838198
0.502801
0.536928
0.528088
0.696659
0.523417
0.660506
0.780639
0.792827
0.463654
0.729830
0.820425
1.018074
0.624751
1.002063
0.865349
0.664970
0.769471
0.701829
0.221356
1.112587
0.039040
0.719947
0.102664
0.656651
0.831182
0.465931
0.684741
0.595818
0.461123
0.380252
0.568501
0.556818
0.191097
0.405727
0.514393
0.828980
0.626174
0.598038
0.329946
0.236661
0.755434
0.693351
0.275996
1.041283
0.525824
0.320382
0.770105
0.731036
0.408682
0.893859
0.301208
0.412714
0.848311
0.778241
0.892869
0.650034
0.807915
0.663598
0.171009
0.298678
0.599729
0.323639
0.758136
0.342720
0.727817
0.338209
0.684141
0.409155
0.322294
0.890096
0.602776
0.352870
0.932945
0.532592
0.593533
1.142598
0.589145
0.569428
0.601301
0.966226
0.702510
0.415039
0.728368
0.608370
0.151285
0.358255
0.254006
0.882944
0.467943
0.691888
0.880157
0.969609
0.174999
0.636788
0.496630
0.349892
0.695181
0.397322
0.520932
0.179470
0.635290
0.830973
0.732744
0.126071
0.442130
0.337026
0.443434
0.637981
0.844239
0.647134
0.626464
0.372849
0.818948
0.213707
0.073682
0.702422
0.200067
0.653755
0.790846
0.865970
0.518108
0.366950
0.122594
0.583568
0.664293
0.469210
0.546917
0.670245
0.770050
0.538435
0.316979
0.827203
0.898359
0.854085
0.709921
0.608420
0.770098
0.365624
0.318218
0.529372
0.784308
0.463592
0.230765
0.925115
0.727307
0.473254
0.770853
0.335764
0.861205
0.541680
0.882762
0.728708
0.711526
0.270006
0.758818
0.519993
0.271871
0.890518
0.851516
0.611325
0.525422
0.460568
1.010128
0.609783
0.700701
0.762937
0.609861
0.588751
1.067458
0.741152
0.620803
0.918690
0.187932
0.727555
0.693501
0.741011
1.016416
0.124793
0.480943
0.545135
0.509625
0.545908
0.252137
0.672933
0.547671
0.258154
0.591451
0.503245
0.059570
0.837996
0.369484
0.797900
0.766656
0.843943
0.711549
0.841787
0.485492
0.394630
0.392559
0.917737
0.469180
0.051852
0.556019
0.468070
0.774848
0.718855
0.834761
0.777478
0.954224
0.501999
0.738617
0.683184
0.641872
0.176529
0.555003
0.507536
0.412977
0.265751
0.953030
0.402509
0.737412
0.445068
0.468827
0.656943
0.238535
0.503801
0.961905
0.803470
0.132695
1.117845
0.368821
0.649709
0.496336
0.635221
0.723489
1.125713
0.499039
0.682047
0.988614
0.682305
0.803286
0.550482
0.245105
0.306403
0.898634
0.848907
0.656104
0.463015
0.196650
0.626605
0.651959
0.707294
0.095815
0.828031
0.407531
0.463471
0.439400
0.551337
0.616998
0.825301
0.759738
0.695679
0.655248
0.954166
0.602184
0.287198
0.267474
0.667321
0.162830
0.755078
0.534063
0.448524
0.803854
0.686949
0.231566
0.473328
0.751419
0.733049
0.772341
0.579302
0.583275
0.361760
0.513478
0.353619
0.453782
0.683827
0.335308
0.550819
0.190377
0.465031
0.641532
0.671227
0.342473
0.944598
0.913002
0.936323
0.374211
0.726472
0.096196
0.037603
0.430159
0.650024
0.703177
0.527681
0.505515
0.566250
0.457860
0.833616
0.564295
0.378433
0.370813
0.692245
0.939183
0.950036
0.164535
0.326676
0.289009
0.676873
0.450617
0.613203
0.519225
0.637935
0.570020
0.260187
0.306817
0.773453
0.790027
0.437957
0.810857
0.519330
0.335815
0.699531
0.468481
0.250370
0.463943
0.760305
0.115945
0.743177
0.618086
0.572073
0.404226
0.625794
0.661518
0.753321
0.585418
0.526482
0.332394
0.653988
0.641437
0.481966
0.427200
0.473404
0.940730
0.052448
0.438517
0.397902
0.721561
0.826748
0.899284
0.901512
0.538520
0.469734
0.691064
0.619023
0.997705
0.748936
0.833875
0.191308
0.555623
0.633035
0.637455
0.846946
0.864064
0.529634
0.477921
0.067551
0.846696
0.478752
0.830230
0.605322
0.652976
0.676760
0.793109
0.345934
0.626402
0.310953
0.742224
0.415198
0.899397
0.576978
0.553046
0.582280
0.493724
0.629002
0.442523
0.639045
0.787474
0.280570
0.792402
0.586612
0.236715
0.710958
0.346560
0.454632
0.909887
0.667963
0.583688
0.507964
0.529167
0.262663
0.349079
0.610173
0.539339
0.649376
0.957761
0.435258
0.535580
0.295601
0.579048
0.981440
0.478248
0.944313
0.080336
-0.002686
0.710872
0.297583
0.730933
0.845641
0.798483
1.003695
0.665490
0.609424
0.298677
0.663314
0.912422
0.537204
0.719017
0.348559
0.449539
0.555231
0.655929
0.659788
0.606808
0.952402
0.747485
0.252739
0.513768
0.578306
0.787926
0.864668
0.772082
0.647903
0.756588
0.405417
0.221454
0.636579
0.964890
0.201144
0.447700
0.419985
0.235199
0.148770
0.233734
0.666127
0.594228
0.269463
0.084078
0.747153
0.759292
0.174375
0.463563
0.595885
0.610214
0.502440
0.560087
0.930585
0.917569
0.682997
0.407469
0.524018
0.672251
0.364053
0.947293
0.888641
0.222033
0.718517
0.723656
0.570455
0.450591
0.538574
0.443109
0.397954
0.483420
0.400584
0.853118
0.943701
0.699914
0.566647
0.435334
0.352452
0.405727
0.735903
0.789752
