1
512
1.012945
1.174633
0.988611
0.970746
0.813986
0.630008
0.995551
0.947533
0.978934
0.708170
1.132585
1.137142
0.992102
0.866467
0.985087
0.929512
1.048866
0.989504
1.013973
0.497599
0.908008
0.956995
0.663207
0.368839
0.958554
1.086775
0.788671
0.592993
0.963073
0.839291
0.948099
1.005751
0.172532
0.911340
0.932621
0.775919
1.044662
1.039510
0.936757
0.915297
0.929498
1.009518
1.054940
0.689296
0.961006
0.890313
0.970914
0.939080
0.997412
0.966772
0.955866
1.031944
1.009255
1.015580
1.023774
0.880437
0.727173
0.895051
0.629580
0.789590
1.060215
0.939913
0.980786
0.979029
0.612738
1.030196
1.040741
1.049105
0.936293
0.968009
0.627310
0.413421
0.880332
0.867098
0.977027
0.659223
0.807623
0.695838
0.825831
0.975369
0.812648
1.055386
0.798857
1.032020
0.977836
1.124200
1.010374
0.965590
1.004826
1.073756
0.731923
0.417228
1.100190
0.936029
0.920756
1.021327
0.982923
1.023658
0.900888
1.044110
0.429309
0.925647
1.009348
0.971685
0.817363
1.086944
1.034670
0.993838
0.825298
0.839287
0.987017
0.364404
0.867584
0.829348
0.684188
0.950064
1.031492
1.000280
1.084009
0.937071
0.909442
0.505801
1.044675
0.641403
1.088685
0.558223
0.605834
0.891877
0.987543
0.596219
0.414963
0.930048
1.037070
1.056299
1.157648
1.071142
0.893022
0.949030
0.981793
0.393149
0.896151
0.852564
0.565467
0.995962
0.936648
0.708382
0.523933
0.477142
1.008215
0.994231
0.952265
0.722088
1.057556
1.080525
0.882537
0.858934
0.992220
0.909078
0.246249
0.462924
0.334040
1.004615
0.946964
1.015672
0.912119
1.035455
0.894759
0.964529
1.003634
1.041363
0.556729
0.772879
0.947150
0.592294
0.979441
0.598414
1.023055
0.819514
0.857620
1.004704
0.909054
0.918007
0.968825
0.491477
1.038504
0.950724
1.047887
0.558548
0.946038
0.959857
0.895962
0.962019
0.940223
1.026634
0.777219
0.919904
0.952659
0.912258
0.998701
0.943202
0.973561
0.985583
0.217419
0.982322
0.983225
0.994433
1.038466
0.906584
0.511123
0.948891
0.821005
0.998254
1.070485
1.028105
0.525383
0.976435
1.036973
0.903165
0.963829
1.022726
0.937784
0.831649
1.002089
0.908452
0.986033
0.944324
0.972631
0.962955
1.148874
0.988687
0.791724
0.974651
0.965514
0.551442
0.526327
0.462721
0.277896
1.028941
0.983294
1.003325
1.007564
0.986666
0.712858
0.890885
0.918105
0.988247
1.110665
1.004414
0.924608
0.507684
1.081014
0.705625
0.121575
1.027768
0.983877
0.538041
1.049099
0.948368
1.041357
0.583271
0.938066
0.778636
0.512713
0.699863
1.046700
0.416904
0.680681
0.468093
0.532959
0.952982
0.960854
0.941561
0.941123
0.404956
0.615455
1.015155
0.544742
0.983758
0.976144
0.715927
0.576121
1.033009
1.129426
1.013912
0.935060
0.812064
0.949267
1.024869
0.944472
0.875710
0.379871
1.013922
0.448498
1.029707
0.540178
0.989746
0.540239
0.635213
0.821795
0.700766
0.552061
0.873915
1.035451
0.098047
0.950676
1.005332
1.025447
0.912781
1.149445
0.992561
0.935845
0.961857
1.128894
0.912897
0.908001
1.168683
0.741759
1.002849
1.062919
0.976043
0.771505
0.449418
0.562403
0.989877
0.947261
1.042454
0.946554
0.931869
0.950906
1.057374
0.697999
0.979269
1.150145
0.987411
0.942552
1.053663
1.086001
0.997569
0.904536
1.067793
0.870348
0.994283
0.541315
1.137755
0.961548
0.900450
0.979100
1.014528
0.987258
0.590806
0.896664
0.720101
1.133135
0.905010
0.504801
0.766222
0.688560
0.873423
0.971108
0.983754
0.934650
1.055897
0.888976
0.200865
0.922168
1.103115
1.035024
0.626197
0.453411
0.980943
0.966698
0.965300
1.032652
0.723606
0.969636
0.925085
0.548850
0.404969
0.438007
0.567710
0.944193
1.049084
0.959425
0.471126
1.086107
1.106791
0.970405
0.486966
0.790782
0.962589
0.935344
0.882304
0.891343
0.228255
0.981113
1.106365
0.947672
1.003553
0.984641
0.952217
0.990905
0.972863
0.899604
1.043959
1.005788
0.959395
0.995775
0.588435
0.974897
0.753660
1.070506
1.023259
0.980247
0.416584
0.365927
0.984713
0.866221
1.053937
0.761180
0.523825
1.149141
1.055541
1.008764
0.989378
1.076321
0.997036
1.033723
0.889307
0.991103
0.546573
0.982723
0.985718
0.514905
1.001087
0.944891
0.912854
0.387175
0.999779
0.970135
1.074037
0.580283
0.942488
0.997747
1.069779
1.021335
0.941450
1.058020
0.964133
0.994531
0.821317
1.060390
1.040132
0.990341
1.105576
0.839178
0.985413
0.889632
1.155548
0.913130
1.050358
0.948824
0.890660
1.054279
0.528253
0.982492
0.449571
1.021877
1.008332
1.020687
1.000577
1.025093
0.757430
0.993201
0.739077
1.007003
0.650249
0.996433
0.762546
0.460933
1.012929
1.053790
0.944362
0.915030
0.625913
0.574673
0.472241
0.902668
1.014592
0.895307
1.017633
0.960743
0.949522
0.640324
0.946522
0.919448
0.717855
0.892712
0.957514
1.049275
1.010174
0.954919
1.109851
0.973423
0.498814
0.963120
1.038603
1.108305
0.977829
0.835715
1.024643
1.026790
0.669506
