1
512
0.910709
1.082568
0.884743
0.996684
1.066892
1.038088
0.845586
1.007704
0.822878
0.947821
0.909608
0.875711
0.943246
1.024154
0.852744
0.860343
0.979510
1.066219
0.838289
0.968597
0.856835
0.935591
0.817694
0.886432
0.885813
1.034036
0.885702
0.915912
0.928290
0.888588
0.809646
0.999651
0.849909
0.899304
0.834241
1.032764
1.064504
0.785336
1.015002
0.781763
0.774159
0.882652
1.060053
0.900181
1.057314
0.862694
1.029755
0.918624
0.878663
0.884923
0.900779
0.938596
0.935376
0.922232
0.860008
0.877210
0.914023
0.947952
0.989618
0.882986
0.957312
0.971607
1.058997
0.850228
0.750574
1.006350
0.961459
0.936131
1.014098
0.985739
0.763232
0.977842
0.898590
0.776795
0.956708
0.978901
1.031695
0.885808
1.052074
0.960553
0.891997
0.926745
0.724230
0.943147
1.006274
0.807029
1.003053
0.772467
1.003065
0.866709
0.966225
1.031656
0.619026
0.842120
0.994353
0.890588
0.975606
0.970961
0.962269
1.068782
0.933088
0.924655
0.951650
1.019356
0.922724
0.988212
0.920533
0.704450
0.870698
0.777960
1.004309
0.899951
0.969839
1.110056
0.927734
0.946078
0.913690
0.989548
0.958308
0.961757
1.011402
1.030115
0.908423
0.995252
0.951546
0.924441
0.966976
0.764951
1.042385
1.017825
0.917812
0.992279
1.042579
0.975170
0.836647
0.852623
0.952130
0.871131
0.853805
1.022074
1.042396
0.811657
0.985031
0.886395
0.715640
0.990591
0.689479
0.924064
0.967173
0.880204
0.940914
0.779674
0.994491
0.880900
0.936575
0.890157
0.923566
0.975770
0.965875
0.953253
0.874094
0.974842
0.955728
0.845726
0.953789
1.005910
0.876262
0.938604
0.863558
0.906037
1.020040
1.070545
1.000888
0.882346
1.021831
0.740241
0.804015
0.957767
0.889679
0.969364
0.993912
0.915239
0.865024
1.012942
0.853681
0.966811
0.973790
0.881523
0.825355
0.880918
0.856051
0.842137
0.936964
0.969355
0.890234
0.837964
1.003122
0.972297
1.037209
0.920574
1.012945
0.812670
0.851516
0.908180
0.961897
0.877582
0.943528
0.720262
1.026868
0.819783
0.904233
0.767440
0.788055
0.975031
1.008257
0.848186
0.812000
0.969290
0.824271
0.866854
0.972628
0.848842
0.763241
0.820252
1.087078
1.028357
0.761894
0.902170
0.942018
1.001030
0.973568
0.943052
1.101474
0.958531
0.872727
0.946851
0.854728
0.813507
0.884248
0.943064
0.977724
0.984321
0.957081
1.043550
1.039798
0.903437
0.988485
0.875879
0.820048
1.025278
0.996357
0.866832
0.956370
1.105644
0.803010
0.979338
0.822795
1.073740
1.000108
0.940316
0.918015
1.024472
0.916016
0.794964
0.880397
0.934764
0.957859
0.788921
0.855747
0.982598
0.965652
0.766355
1.006691
0.883627
0.787395
0.855159
0.830495
0.841925
1.055409
0.943934
0.904925
0.806137
0.884298
1.014127
0.744670
0.893852
0.903510
0.801620
0.751639
0.956523
0.959374
0.808327
1.007974
1.050162
0.954596
0.959723
0.920147
1.007347
0.929843
0.981903
0.742327
0.848941
0.883319
0.892371
1.043156
0.899665
1.061212
0.867761
1.107034
0.851304
1.024560
0.853413
0.754805
0.921791
0.864505
0.826508
0.879093
1.020756
0.834508
0.776204
1.034895
0.966811
0.862173
0.874417
0.945785
0.946449
0.957800
0.857953
0.919748
0.967881
0.877329
0.893334
0.870082
0.747177
0.807885
0.971774
0.722428
0.876104
0.881480
1.057632
0.773761
0.949752
0.693173
0.882784
0.837992
0.938280
0.703048
0.852049
0.758671
0.839193
0.906827
1.019790
1.021207
0.938191
0.856484
0.884185
0.925607
0.997187
1.012038
0.943434
0.853590
0.985479
0.817150
0.915872
0.917019
0.834368
0.927440
0.952245
0.868044
0.871452
0.683183
1.033090
0.993933
0.922896
0.890321
0.779809
0.682716
0.927508
1.052097
0.765031
0.974386
0.875390
0.865414
0.991760
0.948123
0.928318
0.953514
0.922812
1.048837
0.870353
0.927399
0.788736
0.981972
0.809083
1.001293
0.821886
0.954290
0.899711
0.910005
0.959340
0.885525
0.904382
1.020551
0.919201
0.826448
0.990141
0.949238
0.908163
0.856255
1.040889
0.942706
1.023156
0.980789
0.947736
0.892818
0.981071
0.870759
0.954938
0.947198
0.945585
0.815877
0.900667
1.066647
0.905541
0.934811
0.894788
0.860105
1.001510
0.893963
1.010548
0.914687
0.808476
0.756767
0.892600
1.066599
1.002936
0.930265
1.123344
0.957237
0.824946
1.036152
0.936330
0.857936
0.971879
0.820260
0.928660
0.900434
0.895487
0.868359
0.970413
0.950678
0.945423
0.893312
0.717131
0.912597
0.982617
0.934133
0.884996
0.908418
0.990115
1.056626
1.041339
0.874674
0.875546
0.904514
0.724771
0.876267
0.889900
0.866755
0.977372
1.070072
0.814648
0.947468
0.808154
1.001840
0.908324
0.955322
0.628758
0.889412
0.973508
0.931600
0.834124
0.829257
0.984153
1.033599
0.849029
0.957124
0.969934
0.838333
0.762941
0.866601
0.710004
0.864306
0.667328
0.768672
0.893691
1.092262
1.092594
0.850569
0.846201
0.982883
0.813525
0.835211
0.734276
0.922901
1.070856
0.902967
0.844757
0.722547
0.897334
0.848223
0.880675
