1
512
-0.210355
0.624459
-0.153330
0.172963
0.085095
0.103704
0.042908
0.322831
0.038475
0.134800
0.156217
0.249298
0.021676
0.112931
0.053636
-0.034679
-0.146516
0.185804
0.002609
0.189393
-0.287053
0.118060
-0.107745
-0.045163
0.016527
-0.036118
0.104260
0.589554
-0.149953
0.438367
0.061759
0.204158
-0.001291
0.013737
0.143088
-0.025042
0.131228
-0.029975
0.253132
0.049024
0.103457
0.647368
0.207923
0.178566
0.050619
-0.049509
0.195677
0.277043
0.553587
-0.111611
0.036405
0.335633
0.138579
-0.013060
0.422890
-0.170379
0.199003
0.106654
0.160165
0.661508
0.454732
-0.034974
0.133904
-0.074208
0.168543
0.090599
0.091318
0.419908
0.404586
-0.038319
0.423807
0.074695
0.473481
0.097087
0.318734
0.141788
0.217892
0.079487
-0.186520
0.191515
0.348776
0.053928
0.148165
0.318626
-0.195379
0.254979
0.199724
0.022190
-0.113427
0.089590
0.334714
0.099866
0.124335
0.380711
0.379378
0.666372
-0.168314
0.539446
0.093431
0.023193
-0.007492
0.467686
-0.090448
0.191471
0.218813
-0.076502
0.578143
0.171327
0.782639
0.048898
-0.119659
0.024334
0.584495
0.162642
0.203931
0.675015
0.170005
-0.096807
0.147867
0.034749
0.336561
-0.037733
0.545049
0.889014
-0.112059
0.798997
-0.089952
-0.066177
0.027811
0.204019
0.371770
0.729964
0.137610
0.172641
0.089763
0.142609
0.021019
0.030197
-0.074212
0.439191
-0.223891
0.090131
-0.065392
0.057901
0.134534
0.110370
0.345022
0.567997
0.004404
0.012835
0.312897
0.577253
-0.103352
0.249373
0.164765
0.219626
0.403528
0.028027
0.245790
-0.002119
0.112322
0.081788
0.491499
0.133789
0.310625
0.476532
0.125122
-0.042366
0.211835
0.370336
0.186601
-0.150002
0.054782
0.124810
-0.003607
0.003687
0.134005
-0.308714
0.137907
-0.032501
-0.016281
0.473417
0.030113
0.183057
0.011768
-0.154234
0.488683
0.197308
0.185516
0.133436
0.029003
0.452534
0.176557
0.424229
0.379268
0.196788
0.162087
0.545090
-0.000523
0.470209
0.010548
-0.003240
-0.019881
0.218416
-0.118495
-0.072563
0.559588
-0.043693
-0.072105
0.343985
0.433810
0.288091
0.093308
-0.007352
0.148916
-0.054376
-0.147308
-0.045554
0.369313
-0.014668
-0.183326
0.127725
0.702698
0.381034
0.080148
0.454381
0.414399
-0.205099
0.196966
-0.017224
0.296737
0.279979
-0.122806
0.264719
0.161318
-0.138463
0.032606
0.365823
-0.247665
0.642141
0.208483
0.122641
0.271024
-0.044530
-0.351436
0.162869
0.074504
-0.114765
-0.031247
0.120592
0.114567
0.544335
0.629157
-0.002442
0.083492
0.062766
-0.012539
0.186003
0.095468
0.125490
0.168888
0.553354
-0.111942
0.241975
0.345282
0.202818
0.110726
0.200684
0.008950
0.110077
0.153614
0.296708
-0.172752
0.195991
0.385544
0.382303
0.045325
0.393911
0.090649
0.335835
0.187395
0.029008
0.033979
0.297537
0.065389
-0.045393
-0.043865
0.000434
0.169011
0.346956
0.848050
0.366403
0.113082
0.256600
0.106604
0.333445
0.145259
0.641062
0.235348
-0.232625
0.182689
0.378715
-0.091556
-0.178670
-0.154338
0.282579
0.075797
0.428780
0.602766
0.409929
0.024752
0.207693
0.006103
0.259734
0.105202
0.298997
-0.087689
0.274960
0.777984
0.249485
-0.117421
0.032777
-0.150832
0.491190
0.281689
0.447675
0.230186
0.286699
0.117550
0.197189
0.126896
0.179073
0.695845
0.302636
0.022894
-0.181555
0.260116
-0.146188
0.180008
0.374514
-0.062133
0.306091
0.071059
0.189179
-0.091266
0.566109
0.073754
0.016265
0.074319
0.210593
0.113893
0.097536
-0.102998
0.165753
0.326005
0.696548
-0.014042
-0.093795
0.058971
0.283180
0.065557
-0.049736
0.457757
0.235411
0.121550
0.066076
0.100531
-0.008257
-0.243354
0.175598
0.158779
0.012110
0.319414
-0.192343
-0.006159
0.575992
0.759876
0.127007
0.142349
0.166089
0.202204
-0.100348
0.092489
0.119669
0.562826
-0.044534
0.079805
0.084319
0.032704
0.086986
-0.000722
-0.031715
0.633101
0.136281
0.242604
-0.024277
0.289327
-0.144243
0.208321
0.222488
0.204283
0.067569
0.154824
0.224438
0.346431
0.118210
0.351609
-0.112838
0.181027
0.396076
0.244801
0.263158
0.324252
-0.094571
0.063460
0.098494
0.158442
0.308605
0.520936
0.454009
0.382526
0.204128
0.137763
-0.090498
0.276635
0.249843
0.276917
0.194097
-0.053141
0.220676
-0.113601
0.713615
0.701968
-0.090661
0.279102
-0.025674
0.159952
0.094598
-0.117150
0.193907
0.221502
0.140842
0.150058
-0.138501
0.024290
0.126748
0.245761
0.333989
0.158556
-0.059233
0.096523
-0.017958
0.022737
0.187068
0.885647
0.208387
0.307164
0.115295
-0.323331
0.055386
0.032335
-0.000206
0.298366
0.399785
0.020781
-0.129371
0.600891
0.114379
0.317258
0.292425
0.445350
0.390964
-0.041793
0.192733
0.465029
0.415492
-0.123476
0.012922
0.335161
0.310187
0.176312
0.143631
0.381764
0.216855
-0.221230
-0.105956
0.056108
0.025074
0.199159
0.141567
0.372831
-0.093933
-0.113832
0.361546
-0.219222
0.149081
0.358048
0.238082
0.112279
0.367028
0.401056
0.282729
0.169609
-0.152008
0.019191
-0.015392
0.226694
0.272310
0.324468
0.338906
0.028646
0.058072
