1
512
0.035790
0.084642
0.083826
0.256121
0.301255
0.604946
-0.038586
0.255156
0.185896
-0.036109
0.044544
-0.013050
0.056747
0.115099
0.217652
0.171937
0.105035
0.215334
0.164705
0.170584
0.160578
0.012293
0.140724
0.064920
0.096085
0.076003
0.146409
0.258035
0.069579
-0.014980
0.032633
0.191193
0.207084
0.066898
0.143233
0.253784
-0.080198
0.086965
0.319128
0.129400
0.222251
0.288792
0.239323
0.145530
0.068765
0.100214
0.217155
-0.040935
0.182482
0.268617
0.005318
0.155435
0.274260
0.166639
0.108056
0.260005
0.037853
0.330365
-0.078356
-0.001637
0.127847
0.245321
0.178376
0.133679
0.212470
0.250454
0.112331
0.095365
0.108649
0.211260
0.290345
0.419594
0.195478
0.056721
0.066192
0.190412
-0.049089
0.389110
0.022088
0.100351
0.055084
0.256877
0.321013
0.229039
0.213221
0.089019
0.158792
0.244456
0.085257
0.224524
0.257009
0.041193
0.317458
0.124937
0.255572
0.068820
0.228026
0.194286
0.158601
0.004692
0.268358
0.291601
0.170826
0.168636
0.058301
-0.376748
0.095395
0.060252
0.241414
0.216090
0.059784
0.449491
-0.025285
0.082902
0.010366
-0.007260
0.201671
0.113980
0.019240
0.142249
0.232828
0.200667
-0.286985
0.132281
-0.053036
0.072755
0.041208
-0.086280
0.094757
0.145280
-0.007295
0.239113
-0.023251
0.129848
0.084229
0.035888
0.410012
0.232383
0.237788
0.175736
0.134791
0.218392
0.265692
0.036742
0.013731
0.128907
0.387287
0.026274
0.035324
0.152531
-0.091176
0.252890
-0.028356
-0.065511
0.203152
0.121795
0.104171
0.145555
0.024995
0.108607
0.178730
0.320377
-0.003687
0.024673
0.154294
0.149111
-0.018142
0.223519
0.141155
0.200324
0.074596
0.210623
-0.033838
0.073915
-0.011126
0.063120
0.020968
0.136217
0.148018
0.011611
0.023769
-0.126188
0.104325
-0.076507
0.003476
0.068614
0.092047
0.506659
0.136829
0.308102
0.233833
0.077840
0.134621
0.149262
-0.173736
0.072874
0.075555
0.040391
0.086287
0.056488
0.070834
0.279340
0.021820
0.081570
0.135965
0.320491
0.071456
0.395593
0.150305
0.184854
0.173413
0.205634
0.044936
0.113844
0.302726
0.130340
0.164388
0.063093
0.104018
0.276738
0.312203
0.041460
0.119120
0.125927
0.014890
0.308514
0.013711
0.125119
0.058708
0.221089
0.042987
0.305080
0.193326
0.477876
-0.009949
0.224675
0.223431
0.431658
0.142917
0.109782
0.087903
0.120295
-0.031403
0.221516
0.004957
0.091602
0.064077
0.048253
0.155354
0.094059
-0.003094
0.269336
0.068920
0.155279
0.243233
0.094058
0.090430
0.023379
0.242679
-0.105691
0.052035
0.146574
0.184814
-0.051060
-0.041129
0.235664
0.161629
0.451499
0.204825
-0.023692
0.150313
0.054102
0.241052
0.156507
0.309338
0.065222
-0.011094
0.084251
0.262128
0.207304
0.142504
0.118416
0.054298
0.203574
0.293790
0.033502
0.115069
-0.045104
0.459420
0.225412
0.234934
0.005368
0.535471
0.028012
-0.102508
0.342459
0.218264
-0.237458
0.092911
0.074701
0.392625
0.188684
0.302400
-0.271252
0.105409
0.246498
0.180625
0.203123
0.089323
0.242256
0.302538
0.119433
0.042680
0.115361
0.157560
0.064319
-0.097442
0.072904
-0.021186
0.057745
0.133645
0.020852
0.131177
0.108829
0.016812
0.127239
0.229768
0.096745
0.148125
-0.002830
0.002621
0.254251
0.011917
0.009522
0.133246
0.104196
0.078243
0.118525
0.482205
0.059542
-0.028283
0.224162
0.058771
0.079526
0.106185
0.180033
0.100429
0.194013
0.237224
-0.125509
-0.185677
-0.030873
0.057017
0.002980
0.274260
-0.178197
0.379921
0.026051
0.086731
0.058286
0.180100
0.130228
0.215253
0.284731
0.089680
-0.241498
0.106877
0.037914
0.021548
0.002944
0.113286
0.025254
0.148119
0.280314
0.270696
0.025804
-0.007593
0.377011
0.113774
0.155863
0.243851
-0.076960
0.099894
0.201874
0.017161
0.021111
0.207070
0.271198
0.098804
-0.078451
0.316793
0.231353
0.066737
0.180769
0.231527
0.014678
0.157830
0.226315
0.020180
0.129645
0.178339
0.087484
-0.235604
0.202838
0.171357
0.244665
0.197962
0.162444
0.246994
0.129123
0.015045
0.245410
0.080266
0.191233
0.256846
0.007675
0.006498
0.070238
0.012746
0.107952
0.058533
0.093394
0.029920
0.082554
-0.252606
0.259815
0.138597
0.040432
0.252012
0.111129
0.149652
0.097398
-0.020435
0.266612
0.051255
0.028312
0.020700
0.173388
0.108033
0.023564
0.602269
0.068953
0.063551
0.108606
0.211317
0.264358
0.115304
0.254582
0.121112
0.369627
0.087116
0.018602
0.162319
0.038073
0.063652
0.125799
0.141236
0.061185
0.108307
0.146716
0.151765
0.161160
0.051330
-0.118861
0.117705
-0.015917
-0.023126
0.172624
0.067095
0.118586
0.030203
0.164508
0.150300
0.378972
0.045960
0.047690
0.020598
0.053299
0.113243
0.224269
0.043993
0.308646
0.387349
0.256009
0.271539
0.225493
0.169843
0.137604
0.141722
0.052232
0.077679
0.145490
0.120897
0.154530
0.211102
-0.126124
0.150892
0.048947
-0.027462
0.218308
0.070838
0.039509
0.237578
-0.038045
0.479692
0.100251
0.071033
0.155389
0.095082
0.030993
0.199181
-0.060315
