1
512
0.158492
0.037654
0.026863
-0.012693
0.031055
-0.266039
-0.136756
0.081923
-0.000445
0.000285
0.045954
-0.028609
0.021480
0.053691
-0.069553
0.019195
0.072260
0.106274
-0.095460
0.068324
-0.058892
-0.032928
-0.085736
0.085196
-0.031871
0.072521
0.067746
0.078842
-0.088919
-0.083977
-0.048852
-0.118286
-0.149632
-0.044159
0.038918
-0.044201
0.051952
-0.148610
0.039306
-0.048570
-0.204090
-0.001694
0.073637
0.017866
-0.046560
-0.054443
0.055016
-0.132508
-0.156332
-0.012014
-0.051183
0.081602
-0.018351
-0.044182
-0.104269
-0.192858
0.056977
0.025865
-0.001036
-0.030013
0.109736
0.096199
0.066486
0.022836
-0.165780
-0.054739
0.002509
-0.108356
0.094693
-0.017692
0.025101
0.004802
-0.078804
0.222647
-0.079775
-0.054469
0.097297
-0.074344
0.024186
-0.039822
0.097564
0.109961
0.008956
-0.120043
-0.073611
-0.092927
-0.010266
-0.003821
0.105228
0.039256
0.006023
-0.136125
0.016768
-0.020667
0.032745
0.099104
-0.071851
0.129822
0.261689
-0.078490
0.094364
0.066671
0.008560
-0.083230
-0.060788
0.011502
0.113667
-0.020052
0.260411
-0.205487
0.075851
0.001618
0.105566
0.135889
0.076359
-0.038259
-0.060088
0.116566
-0.016457
0.065082
-0.138511
-0.060908
0.010256
0.007781
-0.128382
0.118543
-0.024468
0.046787
0.190826
0.034442
0.094330
-0.004863
0.147223
0.038639
-0.052413
0.022670
0.088810
-0.075747
-0.221309
0.177063
0.138367
-0.104223
-0.084509
0.084684
-0.109313
0.066921
-0.162142
-0.078219
-0.120494
0.053860
0.134009
0.158342
-0.005756
-0.075973
0.019630
0.082785
0.068307
-0.039618
0.082120
0.071431
-0.040649
0.068383
0.069050
-0.231060
0.114563
-0.029716
-0.116184
-0.023519
-0.037620
0.054644
0.038385
0.054584
0.090217
0.100727
0.086000
0.027790
0.004666
0.063868
0.116265
-0.008068
0.097829
-0.030227
0.093476
-0.008086
-0.124909
-0.091017
0.120838
-0.010055
-0.021912
0.021934
-0.031503
-0.099609
0.071627
0.100991
-0.025098
-0.131596
0.046763
0.160553
0.003918
-0.169446
0.126608
0.007945
0.045241
0.053972
-0.221441
-0.015452
0.159156
-0.162094
0.003614
-0.010842
-0.024480
-0.037447
-0.058627
0.086856
0.118209
-0.068895
0.054050
0.061974
-0.098703
0.019132
0.075529
-0.054397
-0.123995
0.087576
-0.023315
-0.020517
-0.052277
-0.102707
0.060595
0.057918
0.070744
0.028883
0.103638
-0.013865
0.071414
0.076076
0.008087
0.069433
0.084537
0.010661
0.093850
0.070583
-0.150504
0.074670
0.161871
-0.153237
0.042442
0.056613
0.009913
0.085264
0.130495
-0.095735
-0.045993
0.043930
0.015055
-0.032789
-0.110441
0.041567
0.107506
0.069610
0.041049
0.123128
0.104377
-0.057760
-0.057659
0.059603
-0.006217
-0.012406
-0.265708
-0.156821
0.034015
-0.002536
-0.067170
-0.044481
-0.016331
-0.036422
0.081809
0.036648
0.065490
-0.035187
0.010872
-0.038361
0.066603
0.003926
-0.106142
0.055121
-0.034706
-0.081764
0.018514
0.053818
0.033768
-0.082670
0.071826
-0.074457
0.115373
-0.015544
0.062823
0.023967
0.085470
0.132111
-0.145532
0.004012
0.024848
0.133167
0.048523
0.042082
0.098362
-0.048986
0.026613
-0.184839
0.068809
0.108675
-0.104678
-0.062110
-0.160848
-0.214535
0.058821
0.100740
0.041743
-0.045246
0.188428
-0.008267
0.101985
-0.005321
0.166808
0.025807
-0.019207
-0.209847
0.057622
-0.050650
0.043759
-0.002897
-0.058718
0.075977
0.077438
-0.016231
-0.062982
0.075115
-0.192256
0.057892
-0.038070
0.069488
-0.190178
0.077198
0.052248
0.059610
-0.013084
-0.053626
0.040355
-0.192609
0.102299
-0.000955
0.087926
-0.074885
-0.151917
0.023705
-0.021294
-0.156581
-0.083112
-0.028925
-0.071529
0.047945
-0.163882
-0.031047
0.128776
-0.034388
0.013170
0.012934
-0.062396
-0.035232
0.063260
0.067597
0.054823
-0.062577
0.247611
-0.022543
-0.021518
-0.022864
0.035875
-0.046201
0.007056
-0.017762
-0.005827
-0.205194
0.034615
-0.086320
0.008090
-0.016153
0.070979
-0.113534
0.055903
-0.007726
-0.019829
-0.006495
0.207992
-0.051803
0.049017
0.044361
0.098031
-0.160227
0.110217
-0.059715
-0.174455
0.013688
0.069067
-0.056890
-0.049325
0.075006
-0.047785
-0.119510
0.228574
-0.023607
-0.105130
0.156536
-0.106532
-0.011524
-0.013551
-0.087441
-0.008315
-0.073346
-0.138203
0.046240
0.120258
-0.058520
0.121017
0.008289
0.079508
0.046415
-0.054255
-0.009145
0.024508
0.028645
-0.217541
-0.117548
0.072032
0.005847
0.040326
-0.093488
0.039146
-0.105407
0.011716
0.062386
-0.076863
0.052322
0.075232
0.001453
-0.162612
-0.026680
0.078160
-0.007780
-0.008007
0.045756
-0.013707
-0.075433
-0.195395
0.118916
0.066328
0.038045
-0.126045
0.084548
0.026819
-0.007886
0.149683
0.155006
0.143724
-0.273391
-0.210639
0.298165
-0.026520
0.038020
0.086168
-0.075921
0.111186
0.181965
-0.018816
0.000488
-0.238801
-0.029057
0.053027
0.039515
0.024350
-0.054700
-0.094118
-0.072585
0.117197
-0.145449
0.083773
0.096784
-0.140426
-0.021693
0.010894
0.024977
-0.121022
0.125868
-0.131332
0.020277
0.089743
-0.274372
0.001125
-0.028683
0.089723
-0.045321
-0.220847
-0.155108
-0.196416
-0.109227
-0.021887
-0.040441
-0.031186
-0.040456
-0.025636
0.028022
