1
512
-0.387276
-0.230407
-0.299237
-0.263783
-0.279717
-0.199639
-0.289602
-0.082798
-0.413462
-0.082123
-0.054353
-0.284227
-0.192268
0.014827
-0.437314
-0.247111
-0.285089
-0.067896
-0.318436
-0.070749
-0.481818
0.014862
-0.290336
-0.301342
-0.289525
-0.031271
-0.135338
0.027685
-0.398086
-0.114436
-0.149162
-0.290960
-0.154299
-0.292887
-0.010795
-0.112816
-0.252680
-0.241295
-0.089338
-0.348292
-0.348287
-0.307138
-0.336127
-0.166220
-0.301477
-0.393740
-0.143423
-0.178647
-0.257892
-0.220512
-0.280109
0.076887
-0.154017
-0.152884
-0.108319
-0.377321
-0.204684
-0.366905
-0.103002
-0.276343
-0.040467
-0.400854
-0.332847
-0.345098
-0.030440
-0.199130
-0.262909
-0.153745
-0.016515
-0.109232
0.005760
-0.382688
0.137165
-0.152560
-0.148266
-0.142481
-0.273393
-0.312158
-0.270582
-0.094667
-0.210920
-0.397241
-0.194617
-0.004455
-0.503665
-0.081533
-0.167677
-0.296073
-0.510077
-0.219981
0.000452
-0.136097
-0.170309
-0.325300
0.039308
-0.158315
-0.424485
-0.027160
-0.281692
-0.411335
-0.423598
-0.226275
-0.319298
-0.291611
-0.230819
-0.161543
-0.338305
-0.022712
0.074392
-0.204411
-0.314315
-0.134410
-0.265483
-0.227405
-0.164075
-0.243550
-0.224158
-0.436906
-0.406255
-0.203966
-0.108542
-0.445551
-0.125960
-0.103883
-0.340324
-0.244606
-0.178413
-0.206214
-0.339109
-0.126656
0.063915
0.001195
-0.370250
-0.194532
-0.290366
-0.016198
-0.301137
-0.193528
0.047408
-0.134467
-0.417316
-0.280563
-0.146740
-0.173904
-0.054963
-0.288101
-0.015130
-0.175693
-0.152515
-0.279944
-0.216350
-0.174572
-0.335947
-0.144257
-0.173363
-0.128071
0.030229
-0.291978
-0.132225
-0.318634
-0.148569
-0.379221
-0.271152
-0.300339
-0.253788
0.018252
-0.288937
-0.323765
-0.063718
-0.046659
-0.007933
-0.386998
-0.163059
-0.370952
-0.194057
-0.328780
-0.092444
-0.598711
-0.244134
-0.164044
-0.189717
-0.002416
-0.178556
-0.023974
-0.213185
-0.451802
-0.101077
-0.236577
-0.357819
-0.354680
-0.279010
-0.176589
-0.316809
-0.103847
0.012553
-0.203248
-0.219515
-0.118340
-0.243446
0.040729
-0.205817
-0.382562
-0.278865
-0.208941
-0.241179
-0.288379
-0.230022
-0.200021
-0.418806
-0.174791
-0.074126
-0.063882
-0.095496
-0.307423
-0.300818
-0.271274
-0.342926
-0.257703
0.191589
-0.104205
-0.249984
-0.026938
-0.093328
-0.009344
-0.281139
-0.041073
-0.180167
-0.274022
-0.146559
-0.344077
-0.152843
0.001885
-0.407647
-0.156614
-0.223187
-0.415106
-0.236957
0.228254
-0.606800
-0.150956
-0.181607
-0.090002
-0.250151
-0.433247
-0.427087
-0.287971
-0.213327
-0.351774
-0.333408
-0.169290
-0.367884
0.102183
-0.228102
-0.320153
-0.293313
-0.182043
-0.367665
-0.188257
-0.175380
-0.017565
-0.120971
0.043194
-0.501705
-0.180331
-0.060999
-0.185929
-0.179705
-0.038090
-0.261431
-0.294867
-0.224658
-0.119399
-0.558568
-0.070267
-0.132452
0.074954
-0.156113
-0.059279
-0.404388
-0.247745
-0.184209
-0.239853
-0.230403
-0.163415
-0.217852
-0.361952
-0.197691
-0.422059
-0.199488
-0.225671
-0.244305
-0.027867
-0.281164
-0.280073
-0.251058
-0.130563
-0.080154
-0.208909
-0.126453
-0.399549
-0.193170
-0.128670
-0.430478
-0.202770
-0.392436
-0.133307
-0.166299
-0.169475
-0.205234
-0.033632
-0.314528
-0.323739
-0.249315
-0.313170
-0.242097
-0.144345
-0.207952
-0.224235
-0.079750
0.001051
-0.404551
-0.165685
-0.503720
0.065281
-0.000072
-0.274549
-0.133368
-0.061466
-0.131559
-0.260307
-0.345228
-0.269710
-0.163401
-0.130256
-0.024640
-0.314605
-0.126863
-0.512975
-0.178837
-0.131637
0.012688
-0.360388
-0.205889
-0.133503
-0.258126
-0.339630
-0.075850
-0.059763
-0.266580
-0.097378
-0.175794
-0.219707
-0.379080
-0.302652
-0.125194
-0.062377
-0.372324
-0.249152
-0.248920
-0.066956
-0.299715
-0.360886
-0.062230
-0.060767
-0.125749
-0.250011
-0.341743
-0.441138
-0.379032
0.033769
-0.262403
-0.113080
-0.046364
-0.394227
-0.206672
-0.381515
-0.152414
-0.206608
0.130071
-0.020846
-0.299742
-0.420335
-0.364316
-0.215179
-0.024072
-0.285669
-0.197024
-0.356605
-0.263219
-0.095996
-0.186478
-0.202988
0.000239
-0.213761
-0.314409
-0.382742
-0.096851
-0.358149
0.024783
-0.165289
-0.137501
-0.218658
-0.184562
-0.209623
-0.003781
-0.105253
-0.281381
-0.302391
-0.161900
-0.353158
-0.252813
0.059992
-0.317190
-0.293916
-0.192453
-0.048407
-0.080247
0.084798
-0.021603
-0.136117
-0.263987
-0.188621
-0.191369
-0.402309
-0.127129
-0.164424
-0.135499
0.025481
-0.289703
-0.078511
-0.335532
-0.390225
-0.119107
-0.404806
-0.249660
-0.265892
-0.192628
-0.221026
-0.205146
-0.226740
-0.178061
-0.320152
-0.130444
-0.406129
-0.208800
-0.292926
-0.164376
-0.164960
-0.098382
-0.173239
-0.110716
-0.145008
-0.293884
-0.089096
-0.260708
-0.182296
-0.035122
-0.244886
-0.404933
-0.271228
-0.327451
-0.259203
-0.087704
-0.194387
-0.184017
-0.243482
-0.323206
-0.048778
0.076959
-0.067790
-0.289769
-0.174201
-0.320838
-0.200388
-0.094251
-0.022282
-0.414993
-0.307414
0.009604
-0.176473
-0.229411
-0.026706
-0.156810
-0.153698
-0.463302
-0.167411
-0.211839
-0.407907
-0.237532
-0.171507
-0.061860
-0.404311
-0.292985
-0.086143
-0.282159
-0.090379
-0.075367
-0.283560
-0.297186
-0.061014
-0.064653
-0.122265
-0.272701
-0.380837
-0.270218
-0.283824
-0.163444
-0.127032
-0.197733
0.038853
-0.294402
-0.113946
