1
512
-0.611720
-0.774469
-0.218825
-0.803977
0.164396
0.532072
-0.235802
-0.264059
-0.118955
0.086126
-0.426327
-0.517419
-0.361594
-0.401687
-0.253260
-0.405494
-0.565043
-0.328296
0.081232
0.218820
-0.427886
-0.344215
-0.128892
0.039729
-0.298708
-0.731261
0.120190
-0.130619
-0.483531
-0.102878
-0.616746
-0.343798
0.041640
-0.076322
-0.418255
0.147869
-0.559304
-0.606775
-0.397534
-0.594858
-0.740088
0.250720
-0.693967
0.064800
-0.241380
-0.509401
-0.234781
-0.204961
0.267169
-0.381228
-0.477603
-0.211921
-0.464843
-0.042380
-0.397667
-0.260222
-0.127172
0.158516
-0.211194
0.083953
-0.300759
-0.638874
-0.255438
-0.646266
0.230682
-0.120370
-0.578950
-0.804119
-0.704645
-0.061293
-0.048665
-0.087224
-0.534413
-0.110001
-0.546886
-0.245924
-0.556606
0.247064
-0.125606
-0.665998
0.084470
-0.437326
-0.153407
-0.451838
-0.457180
-0.572758
-0.597994
-0.438567
-0.544311
-0.574949
-0.425195
-0.015310
-0.589300
-0.093494
-0.318563
-0.152263
-0.509487
-0.702260
-0.309021
-0.326018
-0.022591
-0.431775
-0.416070
-0.374350
-0.396963
-0.152801
-0.467997
-0.149999
0.167820
0.323814
-0.364205
0.250136
-0.116563
-0.011066
-0.117977
-0.468494
-0.544090
-0.339203
-0.187226
-0.486630
-0.592740
-0.120753
-0.194531
-0.192393
-0.073739
0.019486
-0.172102
-0.310755
-0.451108
-0.174733
-0.093468
-0.776729
-0.337799
-0.035323
-0.460356
-0.392772
-0.052069
-0.483918
-0.586259
0.172035
-0.201885
0.174070
0.136196
-0.118029
-0.220160
0.194796
0.095127
-0.060775
-0.578963
-0.670047
0.233583
0.092455
-0.071140
-0.485553
-0.368358
-0.298984
-0.557359
-0.228110
0.150190
0.235661
0.015166
0.085450
-0.180693
0.286287
-0.255332
-0.081604
0.088158
-0.172336
-0.472592
-0.684178
-0.082521
0.132458
-0.462678
0.277984
-0.164147
-0.247448
-0.026388
-0.316244
-0.575103
-0.355118
-0.554492
-0.193290
-0.258649
-0.127277
-0.443444
-0.384184
-0.207434
0.328856
-0.577378
-0.459338
-0.200912
-0.234878
-0.473367
-0.235221
-0.199198
-0.356619
-0.297773
-0.625065
-0.593666
-0.342120
-0.427026
-0.706407
-0.203157
-0.704904
-0.581559
-0.525510
-0.422162
0.373722
-0.131991
-0.195102
0.043328
-0.606583
-0.480324
-0.267632
-0.005354
-0.221113
-0.821253
-0.637230
-0.531248
-0.216590
-0.709922
-0.168116
-0.756105
-0.440642
-0.496373
-0.015427
-0.488457
-0.427248
-0.568772
-0.435560
-0.088196
-0.573929
-0.458707
0.458480
-0.012968
-0.071757
-0.319064
-0.551483
-0.540047
-0.372511
-0.364946
-0.290743
-0.058258
0.148372
-0.422679
-0.546727
-0.398051
-0.580366
-0.163927
0.123650
-0.169715
0.311054
0.093058
-0.595577
-0.351524
-0.272042
-0.510623
-0.570431
-0.305795
-0.318626
-0.496853
0.210498
0.240229
-0.036112
-0.278401
0.117703
0.036855
-0.001285
-0.137072
-0.443703
-0.313685
-0.242756
-0.472131
0.056992
0.324136
-0.604216
-0.024411
-0.534699
0.072525
-0.015824
-0.027861
-0.272099
-0.514774
-0.286038
-0.022870
-0.032843
-0.458373
-0.184105
-0.476461
0.232023
-0.151617
-0.145919
-0.087498
-0.379237
-0.095684
-0.512929
-0.100032
-0.260625
-0.488912
0.141870
0.063614
-0.253795
-0.523887
-0.128476
-0.517936
-0.570648
-0.602088
-0.260273
-0.546061
-0.206590
-0.566106
-0.563231
-0.414995
-0.207087
-0.225644
-0.872959
0.062700
-0.158021
-0.446870
-0.430006
0.267352
-0.282640
0.373271
-0.639522
-0.372986
-0.461431
-0.615158
-0.384129
-0.211332
-0.495733
0.015163
-0.295838
-0.643760
-0.665506
-0.167868
-0.174565
-0.449364
-0.745332
-0.672190
-0.309356
-0.134659
-0.340359
-0.029760
-0.608432
-0.643066
-0.662046
-0.233711
-0.299288
-0.522127
-0.157520
-0.100541
-0.021812
-0.891153
-0.298387
0.059403
-0.340669
0.169576
-0.253478
-0.295968
-0.741007
-0.793990
-0.142240
-0.211955
-0.265326
-0.351417
-0.101227
-0.216500
-0.097688
-0.022719
-0.550237
-0.554188
-0.448192
-0.478271
0.140147
-0.431238
-0.453520
-0.242228
0.102499
-0.078266
-0.245332
0.262720
-0.052827
-0.529350
-0.389752
-0.308355
0.061532
-0.031389
0.299294
-0.228389
-0.094427
-0.379249
-0.078318
-0.551132
-0.053148
-0.227416
-0.120776
-0.360319
-0.517904
-0.225951
-0.337629
-0.263628
-0.615440
-0.104196
-0.462505
-0.585087
-0.349453
-0.730460
0.017021
0.263077
-0.110296
-0.539120
-0.434567
-0.397012
0.046667
0.169363
-0.330493
-0.436837
-0.374192
-0.474972
-0.138004
-0.308869
-0.241821
-0.474863
-0.103579
-0.234569
-0.316054
-0.294825
-0.199131
-0.522109
0.027900
-0.489467
-0.526897
-0.134639
-0.427182
-0.229417
-0.156940
0.005162
-0.064058
-0.139082
-0.626274
0.097913
0.034758
0.132215
-0.154466
-0.224370
-0.513385
-0.545630
-0.276476
-0.290505
-0.328294
-0.653755
-0.550565
-0.583175
-0.580873
-0.062127
-0.477421
-0.434656
-0.849230
-0.428197
-0.812273
-0.599840
-0.404421
-0.776329
-0.285085
-0.272705
-0.054396
-0.452392
-0.454118
0.057173
-0.563186
-0.129810
0.045964
-0.619228
-0.199684
-0.151220
0.073197
-0.428419
0.039369
-0.154022
-0.440886
-0.439972
-0.244305
-0.185783
0.278280
0.133576
-0.037210
-0.412217
-0.373294
-0.378404
-0.371836
-0.370933
-0.443550
0.118281
-0.208619
-0.026764
0.029362
-0.576995
-0.412672
-0.356859
-0.350932
-0.288606
-0.470603
-0.326768
-0.040368
-0.611113
-0.691459
-0.248520
-0.312057
0.195814
-0.292879
-0.515986
-0.077143
