1
512
-0.369038
-0.554718
-0.213147
-0.158144
-0.450343
-0.033363
-0.347588
-0.288738
0.048004
-0.475197
-0.234162
-0.040744
-0.088412
-0.379107
-0.224831
-0.211947
-0.329543
-0.293203
-0.154178
-0.284886
-0.291487
-0.028810
-0.022351
-0.224916
0.056729
-0.245045
-0.058898
-0.144716
-0.251410
-0.256372
0.057973
-0.083520
-0.153391
-0.473024
-0.068889
-0.123601
-0.410293
0.112333
-0.380575
-0.109640
-0.118419
-0.165733
-0.452145
-0.593407
-0.180065
-0.246636
-0.524068
-0.209488
-0.291586
-0.506509
-0.263538
-0.132181
-0.253680
-0.166726
-0.285580
-0.190464
0.045982
-0.021461
-0.123354
-0.276637
-0.286955
-0.483548
-0.233556
-0.366732
-0.333405
-0.360422
-0.276863
-0.158479
-0.280997
-0.541004
-0.067760
-0.519242
-0.299884
-0.083111
-0.095708
-0.372596
-0.197086
-0.016716
-0.555375
-0.207982
-0.468928
-0.060743
-0.025714
-0.178799
0.045953
-0.208110
-0.228248
-0.309139
-0.257944
-0.117280
-0.353178
-0.314605
-0.067088
-0.175457
-0.420404
-0.271275
-0.461722
-0.304902
-0.203858
-0.010379
-0.269840
-0.290870
-0.447327
-0.537286
0.001515
-0.480782
-0.851567
-0.384207
-0.238918
-0.158542
-0.315706
-0.306404
-0.323063
-0.209259
-0.260453
-0.136205
-0.402449
-0.447413
-0.298393
-0.488375
0.021323
-0.136806
-0.235787
-0.331013
-0.077327
-0.288030
-0.312698
-0.358288
-0.232777
-0.509950
-0.114330
-0.137744
-0.430771
-0.472598
-0.018300
-0.141764
-0.187034
-0.142917
-0.300951
-0.430077
-0.356483
-0.104128
-0.406507
-0.217940
-0.050453
-0.272200
-0.207540
-0.196795
-0.076870
-0.176523
-0.503028
-0.070333
-0.270957
-0.189458
-0.409658
-0.220448
-0.241358
-0.282150
-0.046274
0.049165
-0.352315
-0.363870
-0.269484
-0.144262
-0.454491
-0.390487
-0.116017
-0.144396
-0.287972
-0.456091
-0.470247
-0.312345
-0.530137
-0.330543
-0.644117
-0.198810
-0.328617
-0.076907
-0.087653
-0.409861
-0.320875
-0.158609
-0.357641
-0.517666
-0.263918
0.086400
-0.167318
-0.244100
0.006431
-0.261003
-0.528295
-0.273244
-0.624161
-0.266329
-0.449241
-0.221402
-0.108240
-0.408064
-0.069090
0.147243
-0.218093
-0.157703
-0.263142
-0.228017
-0.208214
0.048648
-0.235393
-0.167766
-0.348654
-0.198510
-0.056019
-0.269541
-0.344887
-0.320050
-0.167570
-0.311698
-0.250899
-0.550400
0.012290
0.088641
-0.044004
-0.106102
-0.240898
-0.465337
-0.158536
-0.068893
-0.132095
-0.196094
-0.371279
-0.062109
-0.300255
-0.573442
-0.167587
-0.356096
-0.161035
-0.396094
-0.054967
-0.141139
-0.199006
-0.239273
-0.288112
-0.354861
-0.046512
-0.296383
-0.329222
-0.089595
-0.461333
-0.316388
-0.150712
-0.165763
-0.104875
-0.222568
-0.278706
-0.282559
-0.130795
-0.121311
-0.018530
-0.171788
0.091396
-0.111916
-0.306205
-0.397608
-0.356972
-0.157700
-0.165157
-0.343692
-0.150876
-0.123340
-0.254025
-0.077646
-0.226951
-0.352894
-0.148257
-0.154198
-0.296557
0.007156
-0.361283
-0.326348
-0.322889
-0.067550
-0.249965
-0.056044
-0.110548
-0.393070
-0.075930
-0.448587
-0.261886
-0.220422
-0.115370
-0.412281
-0.435881
-0.136229
-0.077204
-0.399906
-0.230489
-0.140534
-0.561481
-0.486639
-0.156644
-0.205345
-0.180297
-0.109345
-0.030217
-0.547252
-0.395177
-0.127813
-0.323029
-0.272057
-0.319243
-0.185471
-0.265430
-0.071703
-0.077471
-0.071251
-0.352594
-0.215581
-0.199365
-0.458082
-0.001932
-0.272819
-0.250956
-0.174225
-0.365466
-0.200208
-0.334754
-0.282877
-0.488094
-0.331371
-0.356785
0.061439
-0.307195
-0.309573
-0.087995
-0.173362
-0.185420
-0.688864
-0.097677
-0.264704
0.010093
-0.022389
-0.029950
-0.519499
-0.120389
-0.107924
-0.081634
-0.070906
-0.159168
-0.419726
-0.243282
-0.014937
-0.213302
-0.188203
-0.252415
-0.106538
-0.113207
-0.269715
-0.128498
-0.082092
-0.214448
-0.453887
-0.270140
-0.265313
-0.186399
-0.053964
-0.212297
-0.047180
-0.256772
-0.201462
-0.052881
-0.386813
-0.150803
-0.423123
-0.389763
-0.398398
-0.167584
-0.111636
-0.179963
-0.319903
-0.551199
-0.189399
-0.392379
-0.232359
-0.397008
-0.054725
-0.291319
-0.209250
-0.295569
-0.465027
-0.760399
0.000928
-0.314636
-0.527614
-0.488490
-0.124107
-0.282572
-0.135082
-0.336744
-0.308944
-0.350449
0.020477
-0.188522
-0.014348
0.014943
-0.370185
-0.331940
0.015034
-0.124862
-0.380674
-0.154331
-0.173778
-0.405826
-0.220372
-0.004433
-0.401948
-0.099784
-0.605095
-0.266945
0.089424
-0.204454
-0.055977
-0.064680
-0.074914
-0.479955
-0.283532
-0.076418
-0.210573
-0.528987
-0.154679
-0.032848
0.166178
-0.133181
0.010536
-0.183083
-0.212328
-0.397709
-0.398183
-0.357805
0.047796
-0.208532
-0.098318
-0.068408
-0.393362
-0.376757
-0.405317
-0.095977
-0.178844
-0.290201
-0.049206
-0.045558
-0.292194
-0.297006
-0.070474
-0.200541
-0.272705
-0.122718
-0.476148
-0.272718
-0.402906
-0.337899
-0.167976
-0.269889
-0.264281
-0.296195
-0.181290
-0.132017
-0.435156
-0.333408
-0.358699
-0.095859
-0.197985
-0.458991
0.128033
-0.367381
-0.490645
-0.143437
-0.115678
-0.104590
0.043257
-0.155114
-0.529628
-0.176412
-0.049340
-0.079614
-0.146732
-0.415212
-0.247540
-0.347521
-0.293741
-0.177062
-0.114938
-0.026789
-0.253548
-0.073452
-0.126024
0.017212
-0.007697
-0.491893
0.130144
-0.097253
-0.136475
-0.605205
-0.121656
-0.249540
-0.195433
-0.074828
-0.323351
-0.291696
-0.214580
-0.038380
-0.097581
-0.044035
-0.088439
