1
119
-0.606632
0.056629
-0.417137
0.013434
0.045825
-0.136747
0.010734
-0.114929
0.144239
-0.140956
-0.228049
-0.113124
0.090717
-0.018554
0.148261
-0.076304
0.225620
-0.704795
0.050905
0.014509
-0.277586
-0.709877
0.024981
-0.183916
-0.261385
-0.365623
0.276622
0.015566
0.112524
-0.062181
0.059935
-0.068929
-0.286358
-0.219299
-0.066220
0.145375
0.229049
0.818072
-0.157464
-0.156258
0.110872
0.082324
-0.029086
0.034255
0.051046
-0.102987
0.138779
-0.240660
0.145025
-0.131091
0.131152
-0.055125
0.188115
-0.094823
0.039224
0.297359
-0.072833
-0.003381
-0.003702
-0.029016
-0.078162
-0.214186
-0.678651
-0.036094
0.373391
0.194110
-0.359726
-0.541974
-0.463370
-0.282831
0.457776
0.348029
0.073423
0.012757
0.337897
0.310112
0.238886
0.591895
0.038422
0.786334
-0.116583
-0.411175
-0.783798
-0.379482
-0.532104
-1.143778
-1.105347
-0.971531
-0.726015
-0.810361
-2.092757
-1.944678
-1.947470
-0.233507
-0.743087
0.364094
-0.023215
0.235002
-1.973576
0.610263
-0.528049
-0.330518
0.189207
0.190461
-1.539935
-0.110314
-1.973614
-1.123576
-1.989855
-2.027816
-1.529597
-0.841221
-2.052323
-0.838187
-1.275668
-0.272806
-0.135708
-0.155543
-2.020422
