1
128
0.020788
0.016720
-0.106021
-0.018177
0.056204
-0.073605
-0.053652
-0.002824
0.182867
-0.058058
-0.156060
-0.140499
0.121124
0.015010
0.194540
-0.046763
-0.062495
0.030688
-0.138946
-0.024047
-0.000390
-0.071013
-0.066776
-0.155385
0.047463
-0.127116
0.121927
-0.224959
-0.106025
0.005824
0.020586
-0.207122
0.084926
0.028377
0.032485
0.397179
0.020866
0.115755
0.093243
0.063226
-0.104151
-0.174359
-0.087249
-0.161724
0.126488
0.189572
0.054525
-0.086834
-0.074612
0.028643
0.058749
0.079552
-0.001744
0.038388
0.063005
0.182429
-0.028749
0.045296
0.084217
0.039538
0.044302
0.152463
0.116799
0.063393
0.026449
-0.110658
0.023882
-0.148589
0.143459
0.227767
-0.026051
-0.172865
-0.034300
-0.072998
-0.039534
-0.053773
-0.132664
0.010703
0.197132
0.048963
0.009255
-0.020140
-0.097861
-0.073001
-0.098504
0.060247
-0.109823
-0.078507
-0.197212
0.107368
0.023257
-0.019265
0.023756
-0.093945
-0.022124
0.018783
0.001622
-0.004165
-0.327803
-0.054654
-0.141983
-0.007785
0.027281
0.067458
-0.082792
0.075163
-0.147763
-0.020822
0.022997
0.130950
0.041746
0.076895
0.165175
-0.036137
-0.065163
-0.063879
0.194157
-0.029158
0.125377
0.243741
-0.095320
-0.116458
-0.012513
0.071491
0.037103
-0.105438
-0.090676
-0.043256
