1
128
0.056540
0.057896
0.059396
-0.069417
-0.166950
0.618779
0.014177
-0.322140
-0.213670
0.024530
0.097180
-0.288480
0.088396
0.129490
-0.333809
-0.418872
0.108915
-0.397311
0.100255
-0.208805
-0.433254
-0.279176
0.054195
0.110750
0.042663
-0.219788
-0.124562
-0.137029
0.253563
0.236480
0.069749
-0.229604
0.481234
-0.168095
-0.309544
-0.043418
-0.060211
-0.372278
-0.038827
-0.176900
0.099354
-0.233203
-0.290677
0.282254
0.133071
-0.126133
0.225387
-0.119925
0.437438
-0.013277
0.051891
-0.042826
0.078811
0.200405
0.030137
-0.165654
0.014802
-0.187305
0.029400
-0.261057
0.759551
0.131152
0.234493
0.021683
0.154275
-0.049998
-0.107130
0.328292
0.294296
0.483349
0.330111
0.519582
-0.182309
-0.147945
0.076555
0.019073
-0.358921
-0.734497
0.311586
0.218349
0.124375
-0.499800
0.290322
-0.345572
-0.068351
0.141496
0.410069
-0.069919
0.022511
-0.065733
-0.223982
0.022973
-0.324343
-0.094733
-0.173297
0.311325
0.164754
-0.432855
0.091669
0.232130
0.027517
0.201421
0.112302
0.102700
0.252298
-0.013832
0.182857
-0.209861
0.011472
-0.141254
0.156508
0.632565
0.069918
-0.296958
0.036942
0.017051
0.223086
-0.184705
0.344545
0.351094
0.013011
0.179330
-0.188348
-0.010081
0.191583
-0.422210
0.164833
-0.034594
