1
128
0.033328
0.404543
-0.160273
0.078590
0.060803
0.378120
-0.080812
0.208115
0.128958
-0.023850
-0.000083
-0.144922
0.011780
-0.021406
-0.048005
0.004921
-0.219317
0.044206
-0.082236
0.139541
-0.025665
0.072828
0.045936
0.182305
0.099189
0.034575
0.024214
-0.081166
0.095894
-0.115046
-0.189506
0.045702
-0.079600
0.163144
0.290140
-0.061488
-0.720524
0.163687
0.034128
-0.207941
-0.127065
0.204090
-0.024988
0.106237
-0.001657
0.103967
0.257022
-0.629165
0.166053
-0.141342
-0.179355
0.007904
-0.207735
-0.061386
-0.220437
-0.130642
-0.053882
-0.243055
0.005912
0.271088
0.048996
0.000564
0.004993
0.223694
-0.068661
-0.177547
-0.265668
0.079490
-0.068246
-0.083654
0.163069
0.013832
-0.098076
-0.088380
-0.756532
-0.062349
-0.083027
0.141634
0.213130
0.142438
-0.100105
0.027483
-0.103336
-0.107247
0.197058
-0.088967
0.071968
-0.039227
-0.102966
-0.087328
-0.088646
0.163776
0.017350
0.180782
-0.319786
0.166519
-0.180057
-0.068046
0.237597
1.025992
-0.296504
0.088561
0.498010
0.040148
-0.246449
0.038667
-0.051893
0.255025
-0.228568
0.003861
-0.069533
0.040225
-0.117016
0.320197
-0.063407
0.051055
0.038050
-0.206589
-0.211727
0.143100
0.010814
-0.657394
-0.251994
-0.117957
0.058458
0.300614
-0.077549
-0.161221
