1
128
-0.390163
-0.457127
-0.667471
-0.316743
-0.164216
-0.396363
0.601077
0.135120
-0.484281
0.124595
-0.019102
-0.748696
0.577258
-0.364761
-0.294205
-0.093683
0.235260
-0.290842
0.015067
-0.033294
-0.215205
0.318222
0.486432
-0.244990
-0.664401
-0.077013
0.244237
0.272353
0.073885
-0.716014
0.449921
-0.890235
0.199379
-0.030568
-0.119716
-0.556468
0.248971
0.141940
0.451169
-0.339045
0.126595
0.372839
0.898433
-0.311338
-0.059211
0.106418
0.233238
0.660394
0.313199
-0.481669
0.016074
-0.419460
0.030924
0.063992
-0.074505
-0.278494
0.094732
-0.240955
-0.124264
0.135584
0.713681
-0.689184
0.134106
-0.289324
0.090727
0.057920
0.386437
-0.368602
-0.701385
-0.669376
-0.294072
0.085932
0.101904
0.080328
-0.916564
-0.275740
-0.563507
-0.435198
0.284626
0.106791
-0.124919
-0.061978
-0.163473
0.129875
-0.198489
-0.582887
-0.369858
-0.681174
0.209406
0.039319
-0.483457
0.339988
0.013605
-0.380796
0.162440
0.025240
-0.117144
-0.207654
-0.488640
0.236328
0.080574
-0.538717
0.218891
0.494382
-0.045289
-0.397475
-0.087038
0.332709
0.297347
-0.352512
0.067724
0.065867
0.432739
0.128824
-0.207507
0.013940
-0.160935
-0.325105
0.039629
0.086456
0.209551
0.049212
0.101502
-0.004007
-0.557488
-0.052524
0.004204
0.102734
