1
128
-1.424364
-1.283809
-0.039314
-1.512297
-1.270613
-0.450760
-0.406035
1.068662
-0.379300
1.239868
-1.260647
1.481307
-2.326185
0.907840
1.263634
0.937220
0.260114
-0.778361
0.828732
0.884543
0.779572
-0.683843
0.818033
-1.296151
-0.407364
-1.252117
-1.251691
-0.829295
0.913825
-1.690945
-0.611721
1.000033
0.936866
0.806465
-0.115309
-0.426277
-2.047149
-0.818640
-1.974498
0.416242
0.715915
-0.313072
-0.542283
0.339088
-0.849115
1.095217
1.216140
0.864915
0.183675
-0.747387
-1.286661
-0.196396
1.192583
-1.217025
-1.504638
1.097247
-0.028072
0.023912
-0.682309
-0.743946
0.371958
-2.063072
-0.974901
-0.674921
-0.085265
-1.201176
-0.420790
0.914438
0.071433
-1.278105
-0.834377
0.578206
-0.649875
-0.799950
1.140541
-1.287428
1.175832
-0.768195
1.006787
-0.035661
-1.760029
-0.159532
0.826815
0.777680
-0.293168
-0.653830
0.971697
-0.165236
0.635718
-1.243515
0.925710
-0.203491
-0.878721
-1.813428
-1.762824
0.467403
-1.418982
1.213416
-1.494420
-0.086414
0.296276
1.253655
-0.936271
-1.734211
-0.860468
0.607653
-0.785791
1.286763
-0.518460
-0.780626
1.402923
0.459706
0.453920
0.976606
-1.458259
-1.531548
-1.177274
0.440028
-0.697927
0.702559
-1.608122
-1.257279
1.332256
-1.067764
0.194374
-0.627925
-0.146064
-2.202775
