1
128
0.974794
0.110607
0.131441
1.218271
0.181231
0.844031
0.668392
0.015993
-0.008234
0.933076
0.423524
0.319343
-0.391171
-0.024307
-0.529580
0.225726
0.278230
0.098042
0.698768
-0.261649
0.480901
-0.221351
0.014287
0.887814
-0.309832
0.176950
0.228626
-0.693837
1.391919
-0.520011
0.412855
0.014465
0.247048
0.692813
-0.398803
0.764636
-0.207913
0.564044
0.140762
-0.182671
-0.169760
0.190864
0.054215
0.865636
0.321341
0.619181
0.337857
0.196124
0.301566
1.360885
-0.261767
0.444538
-0.064823
-0.294877
-0.423507
0.347057
0.876388
-1.602787
-0.329763
-0.762438
0.128201
1.132308
0.350841
-0.161531
0.485963
-0.052176
0.529997
0.219162
0.865292
0.377287
0.366213
0.034119
0.201924
0.728773
0.663139
0.144717
0.639599
0.993476
0.464099
1.030350
0.266350
-0.185021
0.862625
-0.123099
0.850106
0.929842
0.830709
-0.179836
-0.623890
0.482341
1.118553
0.714999
0.372360
0.064709
0.060425
0.255141
-0.371212
0.925763
-0.260552
0.210371
0.498820
1.009583
-0.529705
0.149482
0.234126
-0.144125
0.283758
0.656538
0.507555
0.860286
-0.049188
-0.493258
0.629914
-0.173814
-0.072390
1.371143
-0.598543
0.117902
-0.295970
0.222395
-0.157151
-0.198115
-0.029376
0.134679
-0.522527
-0.513475
0.351262
-0.444320
