1
128
0.809340
0.571732
0.850665
0.779656
0.896685
0.662433
0.706233
0.690387
0.730123
0.574642
0.815906
0.859380
0.311086
0.901449
0.947636
0.882706
0.651326
0.720122
0.434735
0.627255
0.421574
0.148546
0.494303
0.896036
0.859359
0.085610
0.547234
0.161249
0.215011
1.472784
0.770272
0.948859
0.591435
0.501344
0.632414
0.928195
0.037934
0.574912
0.590203
0.938277
0.289470
0.665079
0.031573
0.836844
1.012272
0.913923
0.350523
0.275241
0.575275
0.484113
0.772156
0.493504
0.612661
0.837561
1.111257
0.558013
0.851581
1.040090
0.991682
0.747114
0.363909
0.590973
0.694513
1.346990
0.620359
0.362951
0.505010
0.899847
0.778417
0.832365
0.722418
0.491346
0.009625
0.601159
1.335328
1.265207
1.420787
0.704009
0.490837
0.690287
0.069474
0.311602
0.543055
0.669604
0.711752
0.901889
1.085131
1.440565
0.575119
0.794094
0.762143
0.588016
0.616153
1.128382
0.952932
0.956377
0.398876
0.387059
1.089891
0.199838
0.680872
0.847941
0.890132
0.500804
1.183121
1.387478
0.442260
0.858182
0.501246
0.694220
0.600917
0.642586
0.266444
0.614818
0.735904
0.324921
0.704059
1.060548
0.278812
0.275612
0.395356
1.009459
0.521874
1.057375
1.598136
0.586995
0.774481
0.371000
