1
128
-0.015223
0.366077
0.376104
0.260339
1.178855
0.237010
0.474564
0.445120
-0.198441
0.710978
0.824982
-0.546890
0.683037
0.421458
0.172185
0.139479
0.432785
0.144527
0.447481
0.688394
-0.121344
0.423167
-0.028260
0.664707
0.896386
0.284722
0.570794
0.399091
-0.085783
0.201473
0.653913
0.866921
0.906302
0.355339
0.645561
-0.358232
0.434916
0.135070
0.569929
0.833566
0.667737
0.483363
0.229160
0.376606
0.141726
0.292401
0.020207
-0.259806
0.481797
0.583995
0.824199
0.114655
0.624201
0.882464
0.215547
0.313821
0.459527
0.374866
0.907785
0.312074
0.531979
1.070965
0.628250
0.578416
0.055897
0.240591
0.479824
-0.090203
0.420470
0.286832
0.278273
-0.205943
0.549636
0.468521
0.418822
1.481433
0.343524
0.151493
0.303886
0.740844
0.378641
0.542320
0.338443
0.373763
0.366218
0.834785
0.404016
0.679359
0.014430
-0.102473
0.070622
-0.376255
0.370424
0.254293
0.423299
0.607583
0.551158
0.789462
0.668116
0.479895
0.505899
0.075589
0.596229
0.282530
0.257485
0.633115
0.214472
0.172243
0.149174
0.927994
-0.568382
0.255854
0.239694
0.639676
0.409912
0.233233
0.122963
0.204663
0.250132
0.486089
0.555524
0.461776
-0.471571
0.748065
0.488662
0.322659
0.266154
0.182252
