1
128
0.222003
-0.035655
0.215435
0.418269
-0.595321
-0.064375
-0.217689
0.164460
-0.113190
0.194145
-0.010575
-0.458973
-0.126639
-0.703781
0.132620
-0.570844
0.475906
0.008333
0.614203
-0.196877
-0.464923
-0.980339
-0.083022
0.498335
0.504948
-0.543407
-0.141040
-0.833551
-0.808216
-0.616508
0.058074
0.321488
-0.404720
0.078980
0.342787
-0.505294
-0.168835
-0.098284
-0.424244
0.375195
-0.111118
-0.608998
-0.427761
-0.628392
-0.119759
-0.498653
-0.016938
-0.204347
-0.291069
-0.015626
0.013599
-0.295652
-0.278994
-0.017248
0.030226
0.099094
-0.143498
-0.507615
-0.573361
-0.118293
-0.626736
-0.617490
-0.628138
-0.429751
0.066374
-0.094995
-0.401772
-0.492509
-0.168354
0.056045
-0.343992
-0.148845
-0.051646
0.400652
-0.807081
-0.438730
-0.465886
-0.043857
-0.408209
0.306912
0.962765
-0.436246
-0.488286
-0.735986
0.069020
-0.213949
0.065457
0.156959
-0.507503
0.040864
-0.247028
-0.565268
0.209221
0.086714
0.129844
-0.128924
-1.226693
-0.270421
-0.684722
-0.606540
0.043859
-0.458800
0.554216
-0.772805
-0.046534
-0.288956
0.905107
0.241078
0.396314
-0.152469
0.177293
-0.609800
0.611828
0.100225
-0.062922
-0.209251
-0.435732
0.584817
-0.548472
-0.454351
0.020434
-0.865318
-0.142442
-0.475108
-0.482098
-0.273191
-0.279549
-0.539529
