1
128
0.080177
-0.315821
0.210276
-0.055396
0.737283
-0.254058
0.300969
-0.166027
-0.314375
-0.121929
0.280168
0.078686
-0.027539
-0.364611
0.065166
-0.238294
-0.035948
-0.331554
0.018267
0.118390
-0.167044
0.014603
-0.018911
0.064123
-0.338458
0.218394
-0.367588
0.013237
-0.510933
0.409480
0.068920
-0.511823
0.028227
-0.174261
0.145202
-0.291876
-0.034710
0.248000
0.101876
0.162885
-0.219271
0.447315
0.080998
-0.373304
0.192115
0.109584
0.451171
-0.010006
-0.089979
-0.469821
-0.238654
-0.080026
-0.196326
-0.233253
0.121949
-0.008056
-0.471768
0.182482
0.205889
0.712993
-0.227655
0.044942
0.244981
0.334942
0.078443
0.050700
0.550388
0.165901
-0.044029
-0.034544
0.585435
-0.302169
-0.258031
-0.007910
-0.228370
0.027734
-0.002111
0.213527
0.475173
0.120167
-0.072720
-0.329371
0.173733
-0.079746
0.101707
-0.416684
-0.277532
0.683439
0.259425
-0.223253
-0.366802
0.321329
-0.346478
-0.125641
-0.417210
0.135334
-0.029452
0.211410
-0.053941
-0.371008
0.129370
-0.292617
0.099888
0.065271
0.364247
-0.029578
-0.266293
-0.289671
-0.374995
-0.268103
-0.063130
0.032143
-0.044666
-0.579432
0.547596
-0.401449
0.238555
-0.473977
-0.034643
-0.285319
-0.115003
-0.025930
-0.001812
0.483729
0.175974
-0.152681
-0.065052
-0.072747
