1
128
0.133076
0.113877
0.029914
0.263866
0.064823
-0.378961
-0.533557
-1.886740
-0.342509
-1.649400
-0.069929
-1.379305
0.292251
-1.317866
-1.247974
-1.383278
-0.193080
0.136049
-1.073612
-1.448688
0.333073
-0.230085
-0.595887
0.224757
-0.475964
-0.261802
-0.517639
-0.112977
-0.741549
-0.435817
-0.062805
-1.105005
-1.487746
-0.435694
-0.071089
-0.736215
-0.093639
-0.326897
0.186581
0.298772
-1.509523
-0.059589
-0.423515
-0.279428
-1.107621
-1.944446
-0.679659
-1.035572
-0.447243
0.104625
0.455509
-0.565395
-0.785224
0.297935
0.241667
-0.633286
-0.135950
-1.017238
0.677553
-0.375301
-1.344776
0.768824
-0.250603
-0.112340
0.043801
0.358711
0.123461
-0.430952
-0.565008
-0.718092
-0.647724
-1.969625
-0.398805
0.416809
-1.560202
-0.301895
-1.828303
-0.484481
-1.127829
-0.688723
-0.345192
-0.666458
-0.984274
-1.576488
0.089967
-0.782332
-1.087901
-0.099709
-1.128147
-0.340525
-1.793445
-0.649327
0.027617
0.483231
0.148389
-1.535215
-0.208092
-1.816241
-0.098286
-0.111240
-1.072216
-0.040270
-0.447084
0.291453
-0.554029
-1.178497
-0.516794
-1.617670
0.098171
-0.129193
-0.295941
-1.025423
-0.266231
-1.614002
0.128162
-0.222333
-0.506985
0.232105
-0.214379
-0.835208
-0.426852
0.143619
-1.121050
-0.648165
-0.005401
-0.424369
0.100665
0.118755
