1
128
-1.416872
-1.137538
0.183764
-1.810331
-1.401224
-1.253657
-1.807963
-0.542504
-0.442119
-1.344206
-1.265338
-1.181501
0.190949
0.155312
-0.007079
-0.872169
0.307463
-1.404005
-1.686117
-0.331169
-1.182432
-0.533391
-0.519153
-1.725057
0.072197
-0.202199
0.613051
-0.410134
0.645776
-0.272577
-1.133616
-0.021829
0.086812
-1.832575
-0.380375
-0.899050
0.499721
-1.167210
-0.836265
-0.566802
-0.576586
-0.316582
-1.028572
-0.344178
-0.096314
-1.162876
-0.876898
0.082281
-1.490128
-1.244331
-0.653594
-0.630995
0.002097
-0.157880
-0.966784
-0.191554
-2.034602
-0.493670
-0.292634
-0.972362
-0.782106
0.265337
-1.207797
0.274165
-0.992455
0.331289
0.222350
-0.431064
-0.431602
-1.446441
-0.581010
-0.758349
-0.052380
-1.950132
-1.028236
-1.195294
-1.608069
-2.059336
-1.044899
-1.315973
-0.082792
-0.324069
-0.712895
0.171091
-0.400143
-1.359924
-0.477201
-0.181008
0.726218
-1.681445
0.206773
-0.016853
-0.563026
0.394368
-0.983448
-1.151367
-0.276420
-1.084155
-0.719954
0.515587
-0.417454
-1.144650
-1.359439
-0.823882
-0.309453
-0.104338
0.591434
-2.188448
0.547701
-1.999335
-0.527497
-0.628842
-0.594480
-1.509577
0.312553
-0.360366
-0.231384
0.067376
-0.307800
-0.874922
-0.471026
-1.727546
0.266354
-0.278780
-0.022277
0.155657
-0.720857
0.292116
