1
119
-1.539345
-0.509915
-0.518328
0.188592
-0.107109
-0.505894
0.141626
-0.134364
0.631805
0.247170
-0.186225
-0.761874
0.484637
0.417216
0.025711
0.451914
0.979459
-2.735403
0.063827
-0.323393
-1.124781
-3.461209
-0.329923
-0.056556
-1.175141
-0.099189
0.308552
-0.932722
0.186456
0.266026
-0.160788
-0.376878
-0.294526
-1.263124
-1.167689
-0.058239
-2.444010
-0.640001
-0.836588
-0.088924
-0.222821
-0.018047
-1.339479
-0.497804
-0.206706
-1.156022
0.176010
-1.104730
-0.802891
-2.225966
0.271653
-0.264969
-2.143874
-1.653925
-1.546307
0.796583
-0.686541
-1.035377
-0.491462
-1.346457
-1.499150
-0.321760
-2.642042
-0.724579
-1.552771
-2.122329
-2.408428
-2.940945
-2.389203
-1.258866
-2.048869
-2.156585
-1.084158
-0.611871
-1.445612
-2.267632
-1.839341
-0.710904
-1.792046
-0.697691
-2.571651
-2.313601
-3.708673
-3.314742
-3.482231
-5.133061
-4.364960
-4.761724
-3.815135
-4.013373
-6.616696
-6.454431
-6.385430
-2.202882
-2.737023
-1.569843
-2.420048
-2.408783
-6.469116
-3.078234
-3.589013
-2.618273
-2.618952
-2.434724
-6.009681
-3.285626
-6.476756
-5.123416
-6.466963
-6.588537
-5.930337
-3.149900
-6.783770
-4.902435
-5.448177
-3.608454
-2.718632
-2.708105
-6.611059
