1
512
0.082843
-0.084040
0.051603
-0.064024
-0.014760
-0.137794
0.051684
0.137518
0.016210
0.016775
0.243126
-0.016437
-0.125992
-0.101087
-0.009967
0.109085
-0.111059
0.088719
0.027139
0.110471
0.165694
0.167359
-0.042411
-0.081578
-0.145670
-0.089647
-0.044507
-0.078099
-0.130972
0.056415
-0.030707
0.082809
0.029663
-0.099211
-0.085633
0.058883
-0.057001
-0.137609
0.125457
0.103507
0.023345
0.214388
0.073626
-0.135602
0.083789
0.118979
0.004221
-0.046092
-0.215496
0.067420
-0.167709
0.066034
0.002305
0.033365
0.011384
0.008210
-0.196552
-0.140802
0.123234
-0.071148
0.067604
-0.131769
-0.067068
-0.093347
-0.070287
0.073497
-0.132737
0.003158
-0.117836
-0.177804
-0.130722
0.149246
0.060447
0.223251
-0.015614
-0.007961
0.050039
0.037027
-0.034569
-0.095014
-0.000480
-0.091588
0.103582
0.019342
0.023563
-0.030067
-0.003523
-0.039940
0.303366
0.201171
-0.215361
0.012594
0.165591
-0.155940
-0.001273
0.006381
0.245803
0.027787
0.178595
-0.100579
-0.043507
-0.043216
0.218556
0.033455
-0.054156
-0.066401
-0.260993
0.107371
0.024656
0.004646
-0.125708
0.143831
0.041245
0.034958
0.098073
-0.111297
-0.179014
0.086667
-0.083024
0.058385
0.035044
-0.036370
0.129303
-0.043037
-0.099689
0.028681
-0.040538
0.121154
0.142729
0.017692
-0.062200
-0.048896
-0.088211
-0.008345
0.014375
0.042573
0.074531
0.067239
-0.028373
-0.047869
-0.072183
0.163032
0.076414
0.100236
-0.052789
0.133568
0.123231
0.089979
0.100592
-0.036725
-0.155266
0.204622
-0.204069
0.084119
-0.100958
0.076499
-0.112813
-0.215511
0.022036
-0.112882
0.054827
0.128072
-0.173211
-0.137290
-0.031516
0.007520
-0.057359
0.065413
-0.045856
-0.202261
-0.136384
0.168538
0.018632
0.089320
-0.064474
-0.093202
0.017454
-0.040902
0.002550
0.069840
0.213006
0.222535
-0.008882
0.151628
-0.038849
0.079063
-0.174413
-0.133718
0.050191
-0.041292
0.029945
0.126233
-0.123479
0.020220
0.018278
0.000489
-0.130819
0.085705
-0.131089
0.236954
0.080258
-0.150296
0.130285
0.329147
-0.072518
0.190615
-0.035458
0.085576
0.014861
0.035561
-0.090345
-0.174315
0.108215
-0.104324
-0.031268
-0.034480
0.006726
0.057220
-0.059115
0.010058
0.121948
-0.034375
-0.041762
-0.076762
-0.015575
-0.110063
-0.049223
0.198229
0.018529
0.003582
-0.083195
0.231543
0.121147
-0.028904
-0.183333
0.074985
-0.001307
0.010313
-0.076480
0.002782
-0.091201
-0.011532
0.134036
-0.130357
-0.079882
0.106450
0.058325
-0.025492
0.162078
-0.230020
-0.041655
0.086651
0.038500
0.063453
-0.264284
0.087400
0.043304
-0.006768
-0.170407
-0.012831
0.107063
0.093666
-0.061818
0.003962
-0.051644
-0.224696
0.281514
-0.015957
0.154649
0.125546
-0.255930
0.006931
-0.078699
-0.027553
-0.204356
0.023959
0.138759
0.266118
-0.134939
-0.044207
0.091067
-0.048486
0.165532
0.015951
0.144625
0.023946
0.016246
0.124815
-0.071195
-0.048578
0.004904
-0.111131
-0.011147
0.169501
-0.000726
0.022948
0.043239
-0.011248
-0.057539
-0.231943
-0.057321
-0.177154
0.348970
0.157022
0.058232
0.097934
-0.095942
-0.061314
0.092769
0.078212
0.081327
-0.045027
-0.092173
0.130879
-0.009442
0.003440
-0.128942
0.205883
-0.031664
0.100652
0.082068
0.153639
0.000363
-0.026115
0.006866
0.151873
-0.072699
0.326028
0.205469
-0.157807
-0.158745
-0.077763
-0.013446
0.108512
0.015487
-0.059816
0.161848
-0.046011
0.019202
-0.018496
-0.066441
-0.051073
0.146269
-0.051323
-0.098094
-0.066358
-0.032350
0.084155
0.082552
-0.056009
0.080455
0.093695
0.045341
0.059595
-0.018652
-0.023600
0.060400
-0.051136
-0.037067
-0.184887
-0.124157
-0.118154
-0.028266
-0.121848
0.077866
0.071356
-0.187301
-0.154437
0.151946
-0.118517
-0.363601
-0.146634
-0.072026
0.027614
0.057114
0.162186
-0.030603
0.020564
-0.112086
0.069105
-0.052814
-0.150282
0.164309
-0.126954
-0.099332
-0.019738
-0.006524
0.077110
-0.082591
-0.059931
-0.116380
-0.054896
-0.029363
0.017719
0.002446
0.000304
-0.126032
-0.060679
-0.137024
0.131204
0.104519
0.110436
0.246771
-0.059316
0.042437
-0.050544
-0.046743
-0.017683
-0.172316
0.059788
0.139186
-0.095704
-0.061250
-0.054318
0.205034
-0.021594
0.011127
0.101750
-0.027664
0.045952
-0.175126
-0.086276
0.065402
0.079015
-0.057313
0.012185
0.021816
-0.114053
0.060699
-0.137406
0.218590
0.149586
-0.243682
-0.007790
0.021179
-0.264923
0.062026
0.015415
-0.072211
-0.038388
-0.029936
-0.071166
0.260696
-0.077296
0.055471
0.082748
0.140613
-0.167686
0.079702
-0.058325
0.009525
-0.073745
0.143072
-0.030691
0.133726
0.056017
-0.234649
-0.050052
0.025528
-0.079823
-0.132880
-0.129273
0.062045
-0.186493
0.120170
0.135202
-0.031096
-0.017226
-0.073851
-0.132383
0.048715
-0.039151
-0.154425
-0.185362
0.090761
-0.059153
0.072608
0.032785
-0.142394
-0.128268
0.062950
0.049346
-0.212287
0.109342
0.039295
-0.097617
-0.007195
-0.109659
0.072606
-0.137119
0.003683
-0.237207
-0.120383
-0.068806
-0.053139
-0.069812
0.088001
-0.196824
-0.001254
0.036754
-0.187563
-0.132963
-0.202985
-0.022698
0.144733
0.092707
0.193241
-0.115185
0.040655
-0.221580
0.030197
0.032687
