1
512
0.140885
0.044580
-0.084436
-0.158871
-0.335195
-0.121867
0.078965
-0.102699
-0.147400
0.276541
0.015947
-0.019481
-0.040481
0.065557
0.168810
-0.264153
0.117748
-0.322545
0.018104
-0.110240
0.043989
0.272778
-0.592910
-0.182800
-0.254360
-0.188675
-0.311123
-0.118741
-0.086205
-0.362002
-0.104226
-0.051291
-0.496636
0.009471
0.355042
-0.055320
0.109973
-0.095775
0.208055
-0.183268
0.111858
0.036596
-0.146240
0.390763
-0.103455
-0.024397
-0.044546
-0.065177
0.475521
-0.211415
0.476134
-0.143616
0.524599
-0.190322
-0.019942
0.515846
0.049010
0.399201
0.045300
0.076714
-0.761912
0.473899
-0.393724
0.240162
-0.091870
0.124581
-0.406312
-0.164219
-0.026797
-0.396639
0.131679
-0.349017
0.032470
0.036117
-0.229072
0.036275
-0.023515
-0.059395
-0.029471
0.394090
0.038432
0.364689
-0.218014
-0.271140
-0.098558
-0.202502
-0.119195
-0.116585
0.150983
0.333644
0.034581
-0.002766
0.134602
0.076133
0.108071
-0.366762
-0.310625
0.258206
0.300234
0.091864
0.321645
0.271246
0.085955
-0.121895
-0.204621
0.100483
0.253483
-0.537721
-0.028326
-0.401665
0.037895
-0.045078
0.540201
0.468246
-0.390555
0.207449
0.280871
-0.312250
0.476412
-0.035775
-0.259811
0.197802
0.314561
-0.204174
-0.403598
0.076665
0.117289
0.052234
0.024797
0.129739
-0.325673
0.182567
0.127847
-0.018183
0.068290
-0.358242
0.176696
0.122028
-0.060724
-0.135208
-0.522723
0.398945
-0.089988
-0.274245
0.108950
0.541074
0.511803
0.246924
0.417553
0.234534
-0.383771
0.176883
0.283629
0.032060
-0.205114
0.005941
0.067337
-0.040072
-0.166684
0.094729
0.056222
0.192889
0.072162
-0.171773
0.118079
-0.301736
0.207539
0.024292
0.124872
-0.061008
0.273391
0.021446
-0.164296
-0.051861
0.252924
0.359998
0.223817
-0.266478
0.117669
0.154720
0.015992
0.103878
0.268765
0.037573
-0.185045
0.155080
-0.060178
-0.379408
0.148456
0.033853
0.113290
0.018016
-0.141619
0.307358
-0.039649
0.025828
-0.040371
0.235314
-0.012806
0.017143
-0.027425
-0.175756
-0.042951
0.301622
-0.208771
0.369731
0.033267
0.219430
0.188377
0.209830
0.136869
-0.335881
-0.192677
-0.279545
0.235343
-0.125620
-0.056539
-0.264654
-0.277615
-0.075333
0.088522
0.207070
-0.256283
-0.019574
-0.122642
0.242619
0.314920
0.002339
-0.526924
0.008804
0.047443
-0.190498
-0.140331
-0.235705
-0.171529
0.064256
0.263556
0.281855
-0.530560
-0.199722
-0.094932
0.388910
0.162684
-0.095240
-0.380643
-0.117798
-0.174318
-0.016689
-0.136712
0.724836
-0.200321
0.041877
-0.185771
-0.292649
-0.012824
0.416025
0.242057
0.157387
-0.298106
0.001919
-0.241351
-0.332029
0.080173
-0.416901
0.112110
-0.179970
0.279510
0.509837
0.016155
0.243508
0.025232
0.170532
-0.208618
-0.120652
0.286010
0.000955
0.028857
0.488015
0.098328
0.022919
0.344167
-0.394284
0.441540
-0.252452
-0.250527
-0.167424
-0.105045
0.342603
0.011344
-0.294136
0.031946
0.059585
0.188891
-0.204791
-0.522034
0.064228
-0.256521
-0.021316
-0.069062
-0.161201
-0.033595
-0.268534
0.026560
0.924996
0.383681
0.048818
0.200560
-0.120025
-0.024288
-0.094860
-0.083074
0.157912
0.191955
-0.068822
0.032677
-0.293212
0.288595
-0.487853
-0.083230
-0.084892
0.156575
-0.040325
0.180453
-0.023364
-0.219612
-0.060951
0.310172
0.253769
0.653732
-0.043008
-0.094741
0.490690
-0.368324
-0.488777
-0.091412
-0.403152
-0.164412
0.124758
0.061748
-0.121280
0.436272
-0.167853
0.298026
0.329642
0.445804
-0.149057
-0.016473
0.270996
-0.066467
-0.345326
-0.366547
-0.505842
0.145371
-0.337424
0.162677
0.066970
-0.141697
0.225535
0.000234
0.130986
0.353759
0.236530
-0.300446
0.127418
0.095679
0.064733
-0.318622
0.396975
-0.113891
0.000429
-0.117538
0.075116
-0.102326
0.578849
-0.128207
-0.576836
0.273724
-0.046746
0.305226
-0.079705
-0.076133
-0.108990
0.007966
-0.112291
0.188419
-0.163283
0.042468
0.104663
-0.136131
-0.237548
0.345223
0.211381
0.269400
-0.220988
-0.679142
0.150703
-0.087504
-0.182511
-0.303565
0.000351
-0.472191
-0.401076
-0.008571
0.049674
-0.011309
-0.080090
0.240068
-0.081779
-0.086299
0.052239
-0.579443
-0.064696
-0.236347
0.198557
0.172661
-0.272454
-0.067407
0.204895
0.020448
-0.261347
-0.109246
0.217429
-0.597738
-0.025629
0.006117
0.014115
-0.462542
-0.230691
-0.131252
-0.063804
0.175872
0.129194
0.132828
-0.303489
-0.174278
-0.294726
-0.501662
0.107964
-0.174736
0.032227
0.448275
0.743583
-0.569937
0.298873
0.054373
0.091850
-0.031492
0.122611
0.338235
-0.601414
0.059128
0.173510
-0.358366
0.299981
-0.124348
0.482563
-0.065097
-0.110326
-0.159810
0.260494
-0.002510
0.202128
-0.162244
0.849947
0.068852
0.021479
0.083772
0.245372
0.035386
-0.097919
0.086804
-0.076944
0.302246
-0.059258
-0.094941
-0.397888
-0.318522
0.292193
-0.442794
-0.032817
-0.082909
-0.036893
0.478185
-0.591720
-0.133637
-0.227200
0.124403
0.008025
0.103980
0.469156
0.197009
0.346020
0.004496
-0.135805
-0.323521
0.313475
0.212740
0.440057
-0.407473
0.473175
-0.054077
0.120968
0.512670
-0.292465
-0.055286
-0.353784
-0.113045
-0.383785
-0.079594
-0.374360
-0.337083
-0.384133
