1
512
0.442377
0.817099
0.091406
0.520261
-0.676235
-0.163982
-0.138793
-0.286845
-0.096891
0.148472
0.470351
0.383599
0.040217
-1.019456
-1.072197
0.258442
-0.087898
-0.555422
0.510314
0.609662
-0.357365
-0.231448
-0.012013
-0.517452
0.684834
1.303732
0.312746
1.815836
0.139109
-0.614307
-0.186222
0.809142
0.872362
0.122632
-1.499286
0.634585
0.040312
-1.095641
-0.964927
-0.770671
-0.269545
-0.741030
0.650479
0.484838
-0.839606
0.371706
0.514948
-0.370881
-0.923425
0.345211
-0.356801
0.212591
-1.100101
-0.056221
0.387374
-0.149661
-0.406199
-1.128486
0.074938
-0.104243
-0.065555
0.138414
0.373119
-0.863316
0.644473
0.382274
-0.890854
-0.262749
-0.537585
0.199544
0.023428
0.890068
0.647857
0.182791
0.070111
0.116095
0.237027
-0.104370
0.024833
1.105215
0.485309
0.631666
-0.489766
0.152637
-1.140443
-0.113517
-0.326440
-0.032192
-0.226679
0.178356
0.334474
0.009840
-0.588418
-0.325468
1.411361
0.509337
-0.026129
-0.124931
-0.559194
1.017706
-0.417318
0.597910
-0.487798
-0.411380
0.238290
-0.602437
-0.119878
0.011069
0.139095
-0.178706
0.476324
-0.782541
-0.759446
0.563261
-0.461642
-0.598222
0.321010
0.003608
0.447661
0.647464
0.245238
0.829657
-0.493863
-0.265589
-0.004554
0.018377
-0.598225
0.244480
0.721227
0.305960
0.132777
-0.410144
-0.394845
-0.281424
-0.009524
-0.040098
0.685664
-0.181899
-0.822473
-0.152091
1.396461
0.214297
1.332348
0.236896
0.284791
-0.952461
-0.217759
-0.172812
-0.074939
-0.310600
0.023902
1.222493
0.153995
-0.468778
0.152416
0.093193
-0.710528
-0.226084
0.201515
0.706596
-0.267631
-0.123293
0.060640
0.440905
1.019576
-0.702476
-0.029966
0.082476
0.970391
-0.105509
0.374177
-0.105811
-0.466644
0.029614
0.133305
-0.336353
-0.147230
-0.367862
0.302043
0.237144
0.972868
0.530101
-0.329876
0.635776
0.402633
0.281306
-1.162559
0.306200
1.159288
1.105782
0.460103
0.511888
-0.198304
-0.132581
0.003061
0.499872
0.184013
-0.319711
-0.145115
-1.037339
0.636728
-0.324805
-0.848433
-0.620450
0.316587
0.201570
0.243951
0.158527
0.201315
1.244101
0.949277
0.048148
0.084359
1.067248
0.534424
-0.031497
0.100919
-0.159090
-0.029245
1.138936
1.015293
-0.113085
-1.149301
0.121094
-0.733290
-0.166489
0.796544
-0.186240
-0.914219
0.629401
-0.178208
0.591335
1.040504
0.370893
-0.141723
0.835495
0.127078
-0.102302
0.612291
-0.053705
-0.379564
0.345244
0.136916
0.559184
0.492360
-0.908215
0.484575
-0.476208
-0.097727
0.606486
-0.543036
-0.247352
0.256590
1.035852
0.081654
0.119412
0.291448
0.063703
-0.113803
0.300371
0.313686
1.157434
-0.095585
0.158904
0.430572
0.470729
0.391403
0.198845
-0.481826
0.148713
-0.763747
-0.229366
0.162461
-0.573146
0.844303
-0.824850
0.881630
0.893287
-0.167012
-0.528317
-0.004483
-0.547548
-1.003203
0.532959
0.622652
0.699242
0.646158
-0.457785
0.387014
-0.187316
0.385932
-0.142962
0.096390
-0.786534
-0.576555
0.238033
-0.201231
-0.859617
-0.168464
-0.838203
-0.737625
1.049886
1.319130
-0.552105
-0.924102
0.248452
0.562730
-1.213414
0.456468
-0.532810
-0.069237
0.583887
-0.613013
0.418432
0.457494
1.383791
0.167591
-0.283866
-0.053801
-0.032919
-0.382504
0.100126
0.444772
0.218017
-0.408905
0.460227
0.290149
0.694954
0.929085
0.053175
1.019350
-0.519868
-0.293943
-0.652863
-0.032109
0.756359
0.466857
0.437979
-0.283472
-0.034193
-0.006145
0.033030
0.515291
0.719870
-0.138500
-0.756282
-0.865087
0.501860
-0.208482
-0.115925
0.270042
-0.297629
-0.081916
-0.249039
0.572364
0.899059
-0.179426
-0.167711
-0.174828
0.739870
0.435156
0.294821
0.696285
0.850124
0.510653
-0.087822
0.126655
0.100135
-0.265553
0.145075
-0.862303
-0.833078
0.709172
0.936712
-0.209420
1.182894
1.645812
0.399234
0.371601
-0.033575
-0.834063
0.282138
-0.330499
0.033855
0.303945
-0.770250
-0.126818
-0.942006
0.268973
-0.818292
-0.240169
0.695097
0.692578
-0.353429
-0.070139
-0.357211
0.558428
-0.070752
0.299070
-0.962657
-1.061060
0.131511
-0.484210
0.944444
0.239237
-0.151333
0.310882
-1.162425
-0.543551
0.673053
-0.680862
-0.778437
0.322730
0.198686
0.398623
-0.083668
0.244778
-0.343140
0.665941
-0.016090
0.141850
0.619249
-0.246600
0.166784
0.558365
0.302285
0.151376
0.215106
-0.355309
0.666708
0.402027
1.043982
0.912025
0.194255
0.504977
-0.071151
-0.857604
-0.505999
-0.168707
-0.234529
-0.794035
0.015136
0.509844
0.050319
-0.579354
0.179466
-0.032260
0.339591
-0.478662
0.175222
0.455779
0.144541
0.116146
0.582202
0.551434
0.942025
0.114099
-0.122171
-0.370096
-0.210455
0.090613
-0.450730
-0.351602
0.007884
0.715231
-0.175466
-0.152874
0.765268
-0.228701
0.470068
-0.637790
0.182773
0.470859
-0.261466
-0.453801
0.166040
-0.399955
-1.042596
0.037523
0.611796
0.508548
0.524161
-0.137565
0.477980
0.112251
0.085413
-0.148616
0.460611
-1.108145
0.519296
1.139769
0.030894
-0.163390
-0.300974
0.021179
0.214148
-0.094830
-0.623851
-0.629186
0.108910
-0.109233
0.074053
-0.751294
-0.081329
-0.466149
-0.266676
1.249305
0.365273
0.759238
0.715412
1.198442
-0.059942
