1
512
-0.228239
-0.197027
-0.083862
-0.597246
0.037548
-0.259922
-0.578498
-0.341705
0.018815
-0.139344
-0.214127
-0.322315
-0.097437
-0.578770
-0.526702
-0.372864
0.455223
0.384032
0.424938
-0.159477
-0.126050
-0.112701
-0.436644
-0.368107
-0.618167
-0.075134
-0.117530
-0.310985
-0.093375
0.400200
-0.443303
-0.254272
-0.376465
-0.144951
-0.029892
0.151349
0.038862
-0.565687
-0.195292
-0.234610
-0.068627
-0.159568
0.037841
-0.026072
-0.130409
-0.174961
0.212214
-0.328077
-0.334275
-0.021132
0.042441
-0.304498
-0.272205
-0.232311
-0.186723
-0.129627
-0.443305
-0.236536
-0.009259
-0.268229
-0.031752
-0.495819
-0.229208
-0.003550
-0.217185
-0.551430
-0.605123
-0.438355
-0.239602
-0.239501
-0.328588
-0.113732
-0.193839
0.036016
0.108396
-0.398086
-0.531575
-0.073411
-0.093817
0.257918
0.072957
-0.318919
-0.753113
-0.052650
0.176420
0.288679
0.132917
0.139972
-0.433989
0.559286
-0.572547
-0.209166
-0.619047
0.250129
-0.070723
-0.241742
-0.934423
0.250396
-0.453076
-0.265527
-0.175411
-0.322867
0.221601
-0.048060
-0.284668
0.172645
-0.184250
0.300757
-0.702070
-0.063820
-0.524113
-0.386926
-0.222552
-0.300359
0.288571
-0.254889
-0.081638
-0.337673
-0.347964
-0.019685
0.100075
-0.061526
-0.092709
-0.406976
-0.339744
-0.253974
-0.323085
-0.157089
-0.009165
-0.119295
-0.361989
-0.102815
0.130937
0.058995
0.122922
0.235087
-0.334483
0.219851
-0.347530
-0.124138
-0.573915
-0.571965
-0.096071
0.360422
-0.115878
0.011354
-0.006031
-0.089611
-0.035424
-0.109971
0.533829
-0.244650
0.031169
-0.042359
0.163694
-0.113398
-0.387033
0.297547
0.158232
-0.407049
0.301746
-0.322550
-0.646439
-0.246868
-0.327654
-0.234691
-0.439695
-0.557950
-0.382820
0.100599
-0.192231
0.518554
-0.569732
-0.011660
-0.607031
-0.103305
0.021651
-0.334909
-0.194365
0.019956
0.029877
-0.232768
-0.351394
0.008612
-0.497581
0.197863
-0.389647
-0.093992
0.095113
0.109027
-0.149652
-0.374305
-0.130769
-0.292508
0.329216
-0.030192
-0.261833
-0.007816
-0.209156
-0.009834
-0.300526
-0.109992
0.536091
-0.484002
-0.693164
-0.306781
-0.479337
-0.182623
0.166577
-0.316731
0.078971
0.238974
-0.121234
0.226659
0.128817
-0.353129
-0.484320
0.531110
-0.171842
-0.518520
-0.273427
-0.061911
-0.191193
-0.368905
-0.375167
-0.679144
0.247978
-0.337697
-0.051243
-0.256786
-0.411176
-0.260239
-0.522454
-0.256243
-0.260775
0.137500
0.105942
-0.273549
0.005251
0.108358
-0.285538
0.230025
-0.529313
-0.113794
-0.114839
-0.286079
-0.228086
0.381280
-0.394378
-0.520976
0.010873
-0.224071
-0.474491
-0.327940
-0.490838
0.393467
0.219978
-0.234892
-0.307752
0.076078
-0.042007
0.721603
-0.352029
0.207619
-0.337874
-0.121890
-0.082185
0.145921
-0.282715
0.346821
0.114664
0.163719
-0.035451
0.379587
-0.202917
0.022875
0.034356
-0.275221
-0.618255
-0.163225
0.043541
-0.239228
-0.217437
-0.364180
0.356167
-0.293884
-0.011690
0.174990
0.014500
-0.575134
-0.069854
0.216683
-0.102486
-0.258825
-0.024385
0.332599
-0.333104
0.621120
-0.352174
-0.033889
0.077712
-0.353446
-0.117487
-0.013681
-0.003326
-0.095756
-0.350058
0.415322
0.049128
-0.214430
-0.634303
0.283457
-0.276747
-0.253404
0.195377
-0.553036
0.157505
-0.003220
-0.197772
-0.464782
-0.021246
-0.554283
0.086658
-0.059982
-0.250791
-0.189328
-0.064856
-0.188916
-0.035689
0.459212
-0.126588
0.026715
0.065439
0.014669
-0.011668
0.179301
0.486390
-0.021818
-0.357927
0.159238
0.276215
-0.003386
-0.021218
0.079609
-0.055803
0.102798
0.018457
0.124254
-0.121894
0.188426
0.182532
-0.320786
-0.043091
0.367304
-0.376523
0.161169
0.014873
0.357306
-0.555759
-0.171916
-0.095507
-0.074421
0.172357
-0.338473
0.406288
-0.372278
-0.468564
-0.060752
0.197056
-0.069202
-0.269402
0.564622
0.281777
-0.249380
-0.691090
-0.400683
-0.409969
-0.457023
-0.024945
-0.012479
0.094818
0.335964
-0.286956
-0.637220
0.163093
-0.244427
-0.101802
-0.056098
-0.205472
-0.588957
-0.080330
0.171270
0.054059
0.518602
0.142975
0.020444
-0.197683
-0.109264
-0.153893
-0.410125
0.143778
-0.412131
0.142267
-0.047674
0.109574
0.265968
0.045441
-0.299603
-0.108288
-0.242008
-0.072963
0.306399
0.134259
-0.059730
-0.034242
0.004083
-0.005853
0.174508
-0.716687
-0.053332
-0.532801
0.240740
0.169910
-0.440096
-0.340249
-0.159599
-0.353222
0.199273
-0.088918
0.035654
0.899566
0.020932
-0.295140
0.011407
-0.500397
-0.034210
0.343874
0.058578
-0.223073
-0.086415
-0.105959
-0.015382
0.037908
0.088909
0.083777
-0.162249
0.446642
-0.758912
0.005742
-0.421887
-0.229462
-0.811789
-0.209762
-0.468519
0.105785
-0.279691
-0.321457
-0.027110
-0.075076
0.457423
0.122571
0.033569
-0.427574
-0.226474
-0.472964
-0.038715
0.048793
-0.119614
-0.657014
-0.344025
-0.064485
-0.459317
-0.022658
-0.348397
0.065293
0.027358
-0.342896
0.166177
-0.034269
0.048998
-0.334692
0.064354
-0.237912
-0.474649
0.097582
-0.375015
0.141581
-0.126716
-0.110216
0.054464
-0.344647
0.157181
0.062390
0.373609
-0.633094
0.387683
-0.196472
-0.077237
-0.308625
0.094988
0.154230
-0.481982
0.216885
-0.189456
-0.453930
0.198520
-0.282813
-0.225237
0.128554
-0.611988
0.177346
-0.186184
