1
512
-0.693663
-0.041951
0.020724
0.094446
-0.775832
-0.693024
0.170306
0.062831
0.705062
-1.064381
-1.034380
0.006523
-0.702524
0.101958
-0.311240
-1.162967
0.087656
1.135206
0.501884
-0.119946
-0.625733
-0.111508
0.063620
0.452377
-0.578403
0.042419
1.033551
-0.581254
-0.513855
0.480245
0.483332
0.239936
-0.492156
-0.547912
-0.572111
-0.670131
0.780886
-0.904554
0.453821
-0.020479
0.236108
-0.788103
-1.008698
-1.205429
-0.774069
-0.664284
0.384216
-0.601245
0.161319
0.882856
-0.487629
-0.280915
-0.957648
1.391417
-0.635048
0.655693
0.075519
0.811005
-0.133131
-0.131279
0.241152
-1.011103
0.147535
-0.505635
-0.676594
-0.960741
1.391391
-1.421651
0.437071
-0.581955
-0.116628
-0.202513
-0.828074
-0.659283
0.761421
-0.131242
0.775702
0.461081
0.455295
-0.655359
-0.259009
-0.167557
-0.774866
0.520400
1.284813
-0.130460
0.358801
-0.495560
-1.119272
0.064567
0.528584
1.544270
-0.721295
-0.680259
0.531416
0.232860
0.654400
-0.760833
1.154915
-0.479956
0.574650
-1.182109
0.113708
-1.160806
0.207330
0.591070
-0.952114
0.943057
0.325788
0.364379
0.987904
-0.700014
0.593595
-0.547699
0.540319
0.591015
0.366096
0.042528
0.676592
-1.033259
1.287612
-0.170345
0.705460
-0.278512
0.169971
0.208136
0.301933
-0.469995
-0.076012
0.505224
-0.844536
-0.172025
0.994285
0.527202
-0.307978
-0.235727
-0.511238
-1.031889
0.400463
0.082914
0.624261
0.853010
0.130878
-0.739521
0.454165
0.425655
-0.498746
-0.810241
0.488389
0.657417
-0.839829
0.470406
0.917045
0.144220
0.552261
0.179476
0.270727
0.266597
-0.820688
0.540559
-0.987672
-0.137622
-0.846410
0.375536
-0.008652
-0.650844
1.408086
0.419713
0.500635
-0.071310
0.945197
-0.426859
-0.358241
-0.670587
0.752696
-0.474392
-0.433423
0.336880
0.089054
1.611962
0.700699
-0.519280
-0.467513
-0.239467
0.789768
2.319685
-0.605258
0.616859
-0.486333
-0.789286
-0.304885
0.281404
0.075613
0.158592
-0.913772
-0.305463
-0.206801
1.375021
-0.789484
0.379831
-0.772117
-0.249365
-0.751251
0.101972
-0.255337
0.565184
-0.111173
-0.860030
-0.604917
0.405969
-0.349055
-0.415167
0.321701
-0.312354
-0.634210
0.674184
0.107785
0.437942
0.258155
0.877672
0.043493
0.269711
0.649948
-0.010374
-0.930236
-0.221639
0.816920
-0.558685
0.089164
-0.456651
-0.866997
0.415615
0.046107
-0.802793
-0.104784
-0.323810
0.288646
0.422337
0.608207
-0.522626
-0.482136
-0.476244
-0.070019
-0.919784
0.211991
0.002906
0.536029
0.697820
-0.357679
0.990044
-0.793900
-0.756195
0.515502
-1.216551
0.022560
0.927732
-0.066176
0.444834
-0.109353
0.191258
-0.936216
-0.306891
0.345036
-0.072682
-0.757638
-0.076398
-0.263525
-0.108389
0.016664
-0.006981
0.228401
-0.054732
-0.383761
0.443556
0.004145
-0.103828
-0.902975
-0.721233
-0.717781
-0.043038
-0.295610
1.050133
-0.978123
0.671635
-0.088258
0.784759
-0.840623
-0.203927
-0.672445
-0.863041
-0.053935
0.269902
0.287870
1.406588
1.079415
-0.285153
-0.019442
0.491300
0.213441
0.131465
-0.080856
-0.411703
0.340202
-0.232381
1.008870
0.037978
-0.967469
-0.489548
-0.992245
-0.068472
0.065025
0.721244
0.340474
-0.292610
0.275599
-0.504660
0.643737
0.770045
-1.058704
0.561046
0.423372
-0.146199
-0.266715
-0.877874
-0.598680
-0.056464
-0.521815
0.434771
0.124455
0.279927
1.520579
0.070505
-0.688571
0.814032
1.547501
-1.363597
0.521439
0.703870
0.349815
-0.637037
0.889865
0.333642
0.364058
0.360590
0.817078
0.510903
0.698132
-0.099281
-0.028553
-0.756935
0.123241
0.959172
-0.638808
0.272590
0.261452
-0.386132
0.408408
0.380257
0.577733
-0.123232
0.520619
0.262696
-1.264725
-0.758400
0.518546
0.266321
0.857833
-0.819091
0.600337
0.093009
-0.692949
-0.267109
-0.222106
-0.610774
-0.130307
-0.143579
0.253042
0.056831
0.574264
-0.929061
-0.125724
0.861827
0.275242
-0.897796
0.722233
-1.054884
-0.254151
-0.202501
-0.943108
-0.601149
1.398678
0.139353
0.347067
0.366787
-0.240280
-0.215957
0.116330
0.553527
0.350736
0.079978
0.838825
-0.586806
0.551687
-1.201965
0.303195
-0.892386
-0.008682
-0.630204
-0.668640
0.015174
-0.910847
0.101145
-0.326967
0.492939
-0.595019
-0.172979
0.260579
0.747070
0.595797
0.356643
-0.650796
-0.166271
0.294418
-0.547023
-0.044442
-0.193283
0.929014
-0.145548
0.826495
0.024669
-0.772182
-1.277785
0.697425
0.380255
0.160401
0.104090
-0.182340
-0.931716
0.108073
-0.334904
0.554523
-0.438338
0.978376
0.289618
-1.057203
0.392486
-0.385290
-0.594358
-0.845681
1.208004
0.458608
-0.563391
0.422208
0.263017
0.162068
-0.533563
-0.541682
-0.263186
0.459232
0.133591
-0.795901
0.687793
0.244017
0.926564
-0.214635
-0.662168
0.043834
0.547773
1.052861
-0.262992
0.711299
0.690448
-0.339986
0.092463
-0.227730
0.371937
-0.792212
-0.287395
0.675109
-0.624486
0.717667
0.464266
-0.347301
-0.166363
-0.347596
-0.004542
0.297913
0.587441
0.212598
-0.018706
-1.676493
-0.090723
0.289762
0.421860
-0.409110
-0.323744
-0.771739
-0.512937
0.469874
-0.974900
-0.568146
0.027518
0.578957
1.765149
-0.365219
-0.663847
-0.627135
0.881780
-0.385625
0.655323
0.635335
-1.100295
