1
512
-0.000513
0.204718
0.636399
0.151500
0.143025
0.511672
0.510648
0.576501
0.223716
0.333781
0.777805
0.146746
-0.033970
-0.021957
0.202779
0.105001
1.205209
0.033168
-0.124615
-0.163694
0.302892
0.371567
0.072224
0.017010
0.244502
-0.299656
0.871535
-0.437213
0.533131
0.452213
0.613030
0.362520
0.285255
0.206070
-0.354218
0.308909
0.713773
0.260742
-0.175531
0.259109
0.427071
-0.381814
0.013167
0.964381
0.014189
0.205940
0.297349
0.839256
0.374824
0.224180
0.016043
1.600703
-0.607250
0.085639
0.777230
0.480673
0.578694
-0.082293
0.460865
1.153352
0.367644
0.482685
0.617287
0.166785
0.545977
0.346656
-0.519904
0.652973
0.528883
0.546174
-0.157927
0.115555
-0.003062
0.141461
0.409844
-0.041320
0.645449
0.082613
0.268326
0.386059
0.212988
0.125710
0.189276
-0.043859
-0.153591
0.499536
0.706213
0.100976
0.095443
0.917107
0.243461
0.352316
0.300153
-0.087695
-0.360099
-0.049365
0.334086
1.414126
-0.380999
0.087810
1.010642
1.652930
0.495358
0.457035
-0.203891
-0.364012
-0.000954
0.572956
0.596201
0.485330
-0.074756
0.209843
0.022489
0.347797
0.509311
0.528491
0.163772
0.332254
0.408836
0.581589
-0.097361
0.186754
0.589357
0.079409
0.547515
0.194949
-0.417843
0.380539
0.614173
0.395373
0.530377
0.097882
0.523628
1.200402
0.021299
0.462454
-0.198388
0.159223
0.093637
0.664613
-0.012863
0.211730
-0.088140
0.437350
0.045293
0.089981
0.386236
0.299614
0.424328
0.178415
-0.010626
-0.098376
0.054369
0.697114
-0.164407
0.616590
0.064264
0.338382
0.548867
-0.094776
0.588981
0.350148
0.336995
0.158336
-0.150001
0.548397
0.481670
0.077038
0.267560
0.367767
0.526986
0.577987
0.279937
0.167054
0.026946
0.406562
0.404030
-0.037786
0.200068
0.576275
0.535051
-0.235543
0.271745
0.239407
0.815534
0.229448
0.067531
-0.011357
-0.115427
-0.284920
-0.084554
0.532721
0.347964
0.152283
0.397728
0.263721
0.262461
0.080034
0.666803
-0.134308
0.357469
0.489418
0.173852
-0.532103
0.274531
0.842154
1.269900
0.831578
0.450235
-0.082765
0.028601
0.195989
1.207728
-0.532468
0.335033
0.415963
0.593402
0.353133
0.406366
0.044884
0.114450
0.549124
-0.071661
0.132950
0.621137
0.852077
0.062255
0.480992
-0.159362
-0.078047
0.468778
-0.054638
0.085894
0.423255
0.129753
0.267214
0.315915
0.308962
-0.176269
0.487364
0.489600
0.183219
0.335036
0.552212
0.325329
-0.248171
0.513887
-0.347138
1.447258
0.776426
0.381639
0.466786
0.321756
-0.559741
-0.309355
0.359558
0.305382
0.094710
0.004101
0.191549
0.293532
1.389896
0.044554
0.559230
0.388451
0.059487
0.511211
0.457310
0.254105
0.489794
0.012735
0.406384
-0.175650
-0.095150
0.060592
0.442726
-0.021864
-0.216096
-0.211523
0.147378
0.576635
-0.501519
0.515838
0.093749
0.191263
0.408051
0.475550
0.510441
0.621057
0.572517
0.025270
-0.122630
0.786086
0.108024
-0.020496
0.421856
0.095744
0.258485
0.130754
-0.363502
-0.245298
0.162681
-0.043763
0.640150
0.044549
0.437630
0.981959
-0.170486
-0.312308
0.726419
0.451200
0.139125
0.662940
0.745248
0.472086
0.204370
0.359495
0.538083
0.177437
0.285116
0.280275
0.263041
0.418417
0.476914
0.358117
0.218148
0.385339
0.567055
-0.111224
0.364766
-0.077905
0.172276
-0.206229
0.152136
0.291193
-0.382601
0.546012
0.161664
0.133141
0.230865
1.230374
0.274631
0.044520
0.170311
1.007849
0.655788
0.026835
0.404803
0.731852
0.272853
-0.003346
0.373657
-0.633120
0.156066
0.577912
0.075524
0.575444
0.452659
0.664920
0.416398
0.042655
0.793096
-0.277106
0.268856
0.539478
0.327835
1.281506
-0.163197
0.680696
0.279899
0.135986
0.424529
0.040964
-0.110724
0.728742
-0.221469
-0.290867
1.552997
0.028591
1.263643
-0.190229
0.456399
0.213725
0.293798
0.556609
-0.253888
0.694454
0.158540
0.634531
0.078712
-0.180141
0.170986
0.362860
0.240240
-0.009794
0.392163
0.376392
0.242076
0.707270
-0.034459
-0.092176
-0.128727
0.108729
0.096925
0.114749
0.208925
0.530912
-0.295288
0.417759
-0.084628
0.021948
-0.054572
0.549626
-0.147447
0.353772
0.338752
0.523665
0.063001
-0.201237
0.825789
0.544549
-0.231797
0.692436
0.431059
0.246512
0.506537
0.181394
0.497080
0.480623
0.002084
0.689379
-0.085931
0.070514
-0.008607
0.207546
0.748201
0.195372
-0.615645
0.305878
0.091360
0.261103
0.340881
0.733335
0.565825
0.070725
0.147063
0.057298
0.039151
0.164490
0.406137
0.556589
0.504286
0.402988
0.477905
-0.061486
0.149566
0.142895
0.013617
0.356051
0.406531
0.684287
0.017629
0.294911
0.581724
0.551945
-0.020284
0.098331
-0.822683
0.189354
0.776305
0.178420
0.474753
0.257072
0.153675
0.385694
0.346935
0.470189
-0.059980
-0.186010
0.234802
0.340787
0.056298
0.459746
0.536725
0.074701
0.299464
0.390161
0.210442
-0.517153
0.424730
-0.150728
0.302371
0.729134
0.458536
0.190317
0.190184
0.532837
0.062946
-0.521667
0.397512
0.437238
0.153852
0.099861
0.225623
0.755934
0.287961
-0.603543
0.335649
0.336113
0.389354
-0.048294
0.328759
