1
512
0.109033
-0.183170
-0.084193
0.227805
-0.192634
-0.025185
0.051366
-0.394149
-0.088244
0.083397
0.178105
-0.106676
-0.000845
-0.024389
0.250838
0.089391
-0.696128
-0.278849
-0.294585
-0.159167
0.153827
-0.142421
-0.209155
-0.162126
-0.032854
-0.065162
-0.118508
0.001578
0.049382
-0.460458
0.236208
-0.074599
0.030068
-0.091499
-0.120045
-0.702981
-0.223425
0.112608
-0.277004
0.086563
0.078350
-0.314212
-0.093821
-0.364634
-0.144422
-0.132014
-0.463380
-0.153590
0.037336
-0.004953
-0.295728
0.108101
-0.279125
0.055376
0.211468
-0.143534
0.021563
-0.139213
-0.181420
0.023924
-0.308189
0.173066
-0.036919
-0.217306
0.090827
-0.202597
0.023067
-0.073245
0.040551
0.048153
0.050500
-0.172829
0.008006
-0.046358
0.023151
0.055073
0.361698
-0.182179
-0.219883
-0.169000
-0.143092
-0.069182
0.232333
-0.168489
-0.210541
-0.211071
-0.094631
-0.522595
0.139217
-0.412830
0.276226
-0.163762
0.369592
-0.212330
-0.122571
0.227039
0.216649
-0.256780
0.097693
0.197585
0.304792
0.147375
-0.669925
-0.157026
-0.054386
-0.203036
-0.219543
-0.273467
0.241873
-0.361625
0.286331
0.007238
0.092269
-0.189188
-0.152395
0.174868
-0.015224
0.062741
0.010569
-0.061805
0.034124
-0.094371
-0.312553
0.357733
-0.217147
0.185958
0.142070
0.280007
-0.013511
-0.269765
0.228758
-0.167286
-0.225641
-0.182474
-0.036883
-0.580171
0.009256
-0.444940
-0.163255
-0.049900
0.442030
-0.277221
-0.287067
-0.227951
-0.157931
-0.155546
-0.291846
-0.334404
-0.102506
-0.288467
-0.073351
-0.053127
-0.042054
-0.205310
0.004282
-0.392248
-0.012892
-0.303113
-0.135493
-0.084322
-0.382294
-0.075245
0.025280
0.021756
0.123401
-0.368811
0.060289
0.408249
0.011519
-0.200745
-0.284885
-0.356585
0.454112
0.004914
0.287268
-0.153908
-0.404292
0.067746
0.031195
-0.551685
-0.026855
0.086486
-0.121624
-0.220038
0.376158
-0.374284
0.059175
-0.226825
-0.338292
-0.479381
-0.043375
-0.082216
-0.508205
-0.278354
-0.144764
-0.035439
0.188985
-0.367495
-0.366517
-0.165411
0.018875
-0.198479
-0.319192
-0.022147
0.265161
-0.031282
-0.126855
-0.131983
0.044791
-0.019475
-0.020885
-0.439826
-0.101472
-0.343118
-0.101293
-0.120919
0.081705
-0.176205
-0.148119
0.371685
0.065342
-0.217830
-0.096859
-0.044526
-0.176672
0.363388
0.145495
0.006896
-0.161690
0.160490
-0.010550
-0.101839
0.264817
-0.275147
-0.038329
-0.059989
-0.190259
-0.021890
-0.211057
-0.229533
0.225279
-0.052529
0.216032
0.157237
-0.189767
-0.062500
-0.084195
-0.173160
-0.149903
0.124097
-0.168433
0.055496
0.070202
0.226641
0.004539
-0.356660
-0.450684
0.184206
0.172251
-0.258183
-0.088168
-0.767312
-0.092734
-0.259174
0.095680
-0.268206
0.075841
-0.229016
0.116575
-0.324511
-0.152776
-0.281218
-0.160179
-0.641542
-0.038590
-0.367559
-0.221543
-0.180787
0.493000
-0.144098
-0.456201
-0.108578
0.188629
0.163923
-0.497863
0.331925
-0.097131
0.008838
-0.152495
0.544150
-0.128438
-0.299755
-0.302354
0.302846
-0.132815
-0.595346
-0.051732
-0.636004
0.301861
0.032966
-0.203415
0.138728
0.119152
-0.089384
-0.127772
0.152309
0.283633
-0.160167
-0.029438
-0.285656
0.314893
-0.184489
-0.148373
-0.047460
-0.335856
0.395083
-0.418416
-0.018473
-0.256530
-0.211136
0.201123
0.047413
-0.371750
-0.344818
-0.067366
0.188967
-0.398022
-0.023965
0.118496
-0.340347
-0.063526
-0.238048
-0.412143
-0.217587
-0.254342
-0.223010
-0.389223
-0.074094
0.025275
-0.285443
-0.212412
-0.121256
-0.413487
-0.435326
-0.297023
-0.094698
-0.071743
-0.337692
-0.266773
-0.138013
-0.380090
-0.229297
-0.146702
-0.762538
0.200200
-0.544945
-0.161609
-0.382753
0.082332
-0.087622
-0.296334
0.000398
-0.126132
-0.345618
-0.419514
-0.030416
-0.018521
-0.171453
-0.367350
-0.205398
-0.098816
-0.747815
-0.317888
-0.005736
0.281549
-0.183650
0.047654
0.244381
-0.113117
-0.288779
-0.265906
0.042123
-0.224853
0.367887
-0.443757
-0.283618
-0.346654
-0.098071
0.167395
0.001316
-0.259993
-0.240201
-0.192421
-0.101341
-0.265918
-0.057101
0.157564
-0.134558
-0.172102
0.236273
-0.116125
-0.278569
-0.082795
-0.156186
-0.322618
-0.082220
-0.055558
0.327766
-0.094939
-0.051441
-0.346460
-0.399998
-0.375869
-0.062859
-0.155172
-0.140101
0.008107
-0.236391
0.500564
-0.024685
0.028055
-0.463099
-0.042076
0.088926
-0.322498
-0.207637
0.216661
0.145021
0.039877
-0.143394
-0.516591
-0.245202
-0.070427
-0.183900
0.075415
0.076058
-0.362085
-0.033011
-0.150231
-0.294739
-0.358952
-0.313308
-0.198173
-0.291222
-0.117291
0.109533
-0.439587
0.407632
-0.340627
0.093027
0.007490
0.147731
-0.077943
0.165085
-0.248168
0.558838
0.010931
-0.206786
-0.079309
-0.393037
-0.207109
-0.154382
-0.163124
-0.216573
0.275617
-0.144768
-0.274604
-0.161038
0.230931
0.203059
-0.202730
-0.289037
-0.146156
-0.403045
-0.020727
-0.312852
0.262860
0.328202
-0.214386
-0.146619
0.195391
-0.062666
0.003646
0.187223
-0.179593
0.091263
-0.132665
-0.185474
-0.169323
-0.039024
0.058195
-0.175438
0.145041
-0.208944
0.434428
-0.411878
-0.249686
-0.069973
-0.178268
0.060256
-0.257395
0.397796
-0.412856
0.076732
0.173022
-0.407090
-0.125121
-0.152115
-0.330783
-0.241593
-0.501839
-0.218864
