1
512
1.343617
0.008771
0.317101
0.700890
0.412645
1.023448
0.292357
0.492357
-0.496010
0.868560
1.378809
0.830070
1.226671
0.502080
0.561932
1.184369
0.225145
0.404976
0.270417
0.194355
0.349761
0.688551
0.688343
0.067025
0.757437
0.266464
0.283640
0.443979
1.002028
0.427307
-0.018450
0.062324
0.484422
1.332126
0.297932
0.913127
0.077393
0.594213
-0.053458
0.403323
0.246793
1.171487
1.045555
0.361417
0.914574
0.558019
0.141897
0.331542
0.183836
0.311933
0.745544
1.203886
0.745404
0.415764
0.899915
0.396568
0.371020
0.511005
-0.012558
0.099071
0.238676
0.870560
0.075786
0.758825
0.621849
0.810477
0.157272
1.403804
0.255971
0.426444
0.386448
0.278106
0.866629
0.937130
0.241600
0.200965
0.213192
0.145815
-0.108852
0.246295
1.256694
0.563106
0.633327
0.201878
-0.483809
0.255038
0.020886
1.129161
0.502799
-0.059060
0.469919
-0.829907
0.468034
0.819831
0.640596
0.224512
0.695063
0.298029
0.102263
1.181895
0.442463
0.883713
0.502503
0.982047
0.242930
0.329657
1.378305
0.251105
-0.026535
0.104160
-0.161894
0.541049
0.425462
0.163328
0.557405
-0.114406
-0.276310
0.270257
0.209732
1.208898
0.135933
0.344635
0.009376
1.383925
0.157026
0.297307
-0.315667
1.126720
0.234091
-0.131280
0.422697
0.641841
0.091354
0.235462
0.162485
1.009129
1.138602
0.826519
0.156088
-0.028004
0.255166
0.379523
0.110209
1.333365
0.085481
0.268569
1.093903
0.894088
0.127574
0.564436
1.363337
0.466226
0.076368
-0.008987
-0.125440
0.268239
-0.024866
0.768980
0.655553
0.771326
1.325212
0.462637
0.779289
-0.426899
0.140486
0.462771
-1.222505
0.531981
0.142491
0.358941
-0.017303
0.491785
-0.052439
0.291305
0.339304
0.298042
1.241247
0.198386
0.426623
-1.198581
0.145278
0.099557
-0.031222
0.233634
0.076782
-1.546096
0.741260
0.707229
0.198063
1.006208
0.517497
-0.409718
0.004066
0.140444
0.652526
0.276320
0.514051
-0.594717
1.122240
0.715984
0.629508
0.481326
0.554255
0.400537
0.462311
0.164100
0.087060
1.139212
0.230176
0.429717
0.023555
0.475470
-0.062873
0.185150
1.355517
-0.072095
-0.027633
0.226107
-0.262400
-0.025338
0.131810
0.204953
-0.003833
0.439963
0.731087
0.350053
-0.434021
0.571730
0.130096
0.988793
1.531720
0.087264
0.273612
0.482963
0.108860
0.927723
0.552902
-0.012309
0.532287
0.663398
0.456207
0.704508
0.438384
1.281561
0.505969
-0.156304
0.408835
0.105962
0.427370
0.019283
0.855479
0.973072
0.208399
0.002917
0.618986
0.086693
0.206268
0.230544
0.176647
-0.008038
0.830710
0.221728
0.526246
-0.040991
0.738809
0.339066
0.132687
-0.200868
0.285864
0.199949
0.065880
0.325590
0.844853
0.004731
0.216012
0.180833
0.571181
0.409374
0.779563
0.350682
0.889410
0.373592
0.502351
0.339713
0.321834
-0.167840
0.480995
0.854096
0.921258
1.293707
0.289480
0.598245
0.203404
-0.703836
0.077167
0.331549
0.309326
-0.515303
0.124680
0.409230
0.563021
0.823442
-0.169927
0.855183
-0.077957
-0.002663
0.552854
0.747923
0.931605
0.017801
0.300027
-0.253051
0.355267
0.421415
0.192691
0.450835
0.007975
0.186618
1.460424
0.144198
0.222002
0.107966
0.362168
0.649344
0.281777
0.388397
1.129633
0.178540
0.393601
0.015346
-0.815800
0.393957
1.302362
0.720950
-0.825272
1.556089
-0.121860
0.309164
0.254184
1.221335
0.541534
0.673758
0.322605
0.329361
0.103345
0.221308
0.128796
-0.070119
0.075137
0.519336
0.500979
0.447034
0.977420
0.024534
0.524623
0.496034
0.478138
0.154035
0.321846
0.249387
-0.032274
0.189106
1.330658
1.069796
0.190261
0.602088
0.015789
0.647261
0.105180
0.460751
0.940832
0.356813
0.364703
0.629049
0.431910
0.039291
-0.289649
0.252776
0.410868
0.806609
-0.017951
0.417067
0.457059
0.812998
0.546810
0.963491
0.245070
0.204189
1.069373
1.522623
-0.017964
0.049873
0.408958
0.304886
0.374697
1.203827
0.546193
0.218116
0.483121
0.163134
0.011747
1.123754
0.327535
1.485794
0.168705
0.739003
0.626997
1.342000
1.023796
0.379429
0.996923
-0.158960
1.255806
0.220678
1.555188
0.457712
0.378380
0.525255
-0.147281
0.080578
0.798407
0.491716
0.166238
1.405110
0.336798
0.194258
-0.182023
0.513190
0.131328
0.163010
0.787770
0.772887
0.131485
-0.141268
0.138705
0.506064
0.508575
1.248377
0.353302
0.489088
-0.217085
0.527343
0.249278
0.420822
0.755879
0.482369
1.023556
0.648234
1.141521
-0.104188
-0.072668
0.413961
0.151734
0.188349
-0.015786
0.828993
0.582597
0.180578
0.127207
0.185182
0.493373
0.231454
0.030269
0.069786
0.470930
0.721310
0.112043
-0.357578
-0.281217
0.293955
-0.053578
0.170002
0.360864
0.593663
1.368623
-0.247533
1.279170
0.295787
0.057824
0.599816
0.121009
0.250878
0.792206
0.463524
0.447362
0.254103
0.263283
0.328678
0.675249
-0.162498
0.694525
0.587683
0.184325
0.161798
0.716499
0.325262
1.481845
0.988904
0.232333
0.761696
1.016011
0.482341
0.217966
-0.866264
0.360615
1.411197
0.604193
-0.036303
0.479795
0.034553
0.601297
1.096006
