1
512
-0.644364
-0.685498
-0.532357
-0.416002
-0.687602
-0.722701
-0.170220
0.052215
-0.786819
-0.593894
-0.856571
-0.672347
-0.125324
-1.278029
-0.980444
-0.549455
-0.513355
-0.733784
-0.791792
-0.685968
-0.828621
-0.295866
0.188105
-0.639259
-0.712184
-1.321793
-0.459672
-1.217566
-0.257632
-0.892862
-0.108727
-0.699525
-0.616724
-0.349075
-1.074796
-1.138081
-0.052053
-0.857761
-0.368607
-1.089990
-0.287822
-0.914353
-0.648716
-0.426041
-0.964471
-0.383187
-0.575545
-0.831682
-0.443289
0.096134
-0.464245
-0.795817
-1.148827
-0.445905
-0.167168
0.216679
-0.270054
-0.919813
-0.293704
-0.655651
-0.256404
0.538491
0.018997
-1.004411
-0.585384
-0.335051
-0.666441
-0.136522
-0.547065
-0.259915
-0.045361
-0.686941
-0.897631
-0.457302
0.524547
-0.560616
-0.686613
0.077842
-0.454990
-0.818481
-0.305398
-0.743872
-0.246170
-0.490831
-0.485962
-0.041008
-0.367894
-0.537880
-0.356173
0.014334
-0.690227
-0.319547
-0.758303
0.435873
-1.064663
-0.690946
-0.406010
-1.131942
-0.782595
-0.937470
-0.936441
-1.492635
-0.419483
0.180156
-0.219453
-0.658083
-0.365833
-0.698362
0.192603
-0.648199
-0.200643
-0.220768
-0.384438
-0.625057
-0.014279
-0.254414
0.124552
-0.177835
-0.602168
-0.835630
-1.162574
-0.427685
-0.723410
-0.270471
-0.267251
0.000356
-1.541505
-0.647003
-0.588356
-0.649578
0.023724
-0.390422
-0.216961
-0.486910
-0.405101
-0.008443
-0.706200
-0.346663
-0.716261
-0.409698
-0.883050
-0.326988
-1.018949
-0.015556
-0.626598
-1.054227
-1.076981
-0.022297
-0.027119
-0.177537
-0.300134
-0.968011
-0.181593
0.119452
-0.261768
-0.484739
-0.821969
-0.309732
-0.316214
-0.444123
-0.006456
-0.018592
-0.228805
-0.143527
-0.960505
-0.713522
-0.696144
-0.145080
-0.901073
-0.547855
-0.358571
-0.448204
-0.417789
-0.293177
-0.345518
-0.636817
-0.088543
-0.860759
-1.064364
-0.127808
-0.496149
-0.566807
-0.288995
-0.328587
-0.544484
-0.099117
-0.947115
-0.423810
-1.006716
-0.737418
-0.296137
0.216165
-0.287021
-0.759220
0.296598
-0.243639
-0.414242
-0.815159
-0.342753
-0.380623
-0.924977
-0.053970
-0.869356
-0.562837
-0.874164
0.236591
-0.906839
-0.094119
-0.361848
-1.011076
-1.120606
-0.087748
0.186207
-0.519136
-0.121945
-0.471812
1.001975
-0.092947
-0.001528
-0.859401
-0.798506
-0.032973
-0.803676
-0.184813
-0.587214
-0.117223
-0.515166
-0.836112
-0.907971
-0.812803
-0.346131
-0.303234
0.273940
-1.046080
-0.248709
-0.701386
-0.095774
0.019753
-0.282458
-0.253163
-0.276676
-0.333698
0.166973
-0.727760
-0.340920
-0.805455
-0.153465
-0.266458
-1.091782
-0.260292
-0.021275
-0.240582
-0.467907
-1.148582
-0.128013
-0.435952
-0.107807
-0.098960
0.088088
-0.226474
-0.376268
0.291989
-0.283588
0.090959
-0.481069
-0.829670
0.360911
-0.146048
-0.304382
-0.452641
-0.555002
-0.393852
-0.574977
-0.745591
-0.570288
-0.672285
-0.982246
-1.038220
-0.264345
-0.330714
-0.335076
-0.875532
-0.355206
-0.257476
-0.080323
-0.710695
-0.832505
-1.094593
-0.258455
0.136913
-0.469060
-0.345111
-0.496730
-0.342820
-0.042051
-0.433392
-0.619935
-0.632810
-0.206866
-0.690547
-1.025901
-0.546273
-0.464136
-0.384616
-0.626205
-0.068240
-0.301630
-1.125865
-0.777846
-0.531800
-0.310672
-0.758545
-0.364364
-0.262704
-0.577393
-0.542148
-0.049141
0.088645
-0.107114
-0.093450
-0.176690
-0.160822
-0.570892
-0.304136
-0.107555
-0.803061
0.104326
-0.542676
-0.293180
-0.379609
-1.138352
-0.237466
-0.806685
-0.428413
-0.422867
-1.158774
-0.853401
-0.431081
-0.778358
0.463942
-0.908996
0.045403
-1.075122
-0.551843
-0.349319
-0.470872
-1.095637
-0.656643
-0.245176
-0.421070
-0.415079
-0.321404
-0.648570
-0.647307
-0.668884
-0.755153
-0.431113
-0.619269
-0.090090
-0.643770
-0.704971
0.262576
-1.030835
-0.498275
0.644973
-0.646616
-0.717386
-0.385747
0.033460
-0.669388
-0.810201
-0.949054
-0.051290
-0.753540
-0.116668
-1.096888
-0.616382
-1.091103
-0.409147
-1.378745
-0.763345
-0.186135
-0.272001
-0.690850
-0.313530
-0.608400
-0.240609
-0.681572
-0.055732
-0.597528
-1.729019
-0.455517
-0.564952
0.445445
-0.864820
0.269925
-0.827255
-0.334910
-0.427854
-0.328166
-0.426143
-0.473978
-0.676831
-1.124028
-0.589999
-0.096336
-0.328713
-0.625841
-0.708018
-0.767800
-0.538839
-0.664033
-0.291043
-0.307878
-0.159033
0.262345
-0.002438
-0.815202
-0.058829
0.017088
-0.670367
-0.990356
-0.549957
-0.302473
-0.939508
-0.127129
-0.744181
-0.023571
-0.170630
-0.881360
-0.199001
-0.603600
-0.489084
-0.334486
-0.281713
-0.083305
-0.712420
-1.589887
0.166976
-0.298208
-0.607529
-0.438703
0.311344
-0.099368
0.180019
-0.327224
-0.285807
-0.085089
-0.843819
0.311275
-0.274786
-0.388624
-0.207223
-0.776865
-0.522064
-0.583611
-0.627916
-0.483896
-0.167679
-0.301359
0.004906
-0.313639
-0.234928
-0.342956
-0.511742
-0.554646
-0.145664
-0.661090
-0.217358
-0.625588
-0.992827
-0.331071
-0.204398
0.105703
-0.117060
-0.335929
-0.084609
-0.784156
0.063300
-0.628211
-0.471781
-0.001221
0.027158
0.216020
-0.199956
0.028438
-0.700480
-0.522782
-1.407713
-0.377850
-0.921478
-0.360504
-0.013853
-0.711980
0.098352
-1.051956
-0.556771
-0.433688
-1.388523
-0.099958
-0.219710
-0.515636
-0.838323
-0.254893
-0.122575
-0.050086
-0.346693
-0.771933
-0.659562
-0.706821
-1.141463
0.053421
