1
512
-0.606234
-0.783390
-0.827179
-0.845137
-0.608966
-0.497191
-0.905192
-0.836451
-0.675623
-0.614508
-0.443989
-0.870383
-0.335933
-0.642116
-0.797445
-0.449694
-0.599028
-0.699408
-0.557007
-0.345102
-0.504668
-0.475128
-0.538662
-0.670721
-0.941492
-0.738562
-0.596495
-0.675079
-0.492208
-0.810566
-0.801358
-0.518778
-0.801482
-0.734825
-0.630539
-0.770168
-0.534537
-0.681963
-0.764678
-0.758756
-0.736142
-0.524608
-0.615561
-0.479938
-0.628716
-0.606457
-0.625378
-0.698289
-0.676640
-0.992921
-0.747584
-0.526203
-0.687499
-0.710110
-0.642737
-0.719398
-0.545711
-0.345783
-0.676340
-0.695316
-0.388976
-0.513019
-0.389132
-0.608454
-0.592517
-0.449651
-0.614321
-0.441892
-0.722419
-0.808766
-0.684268
-0.676148
-0.590074
-0.410689
-0.602833
-0.495845
-0.971309
-0.490704
-0.491096
-0.709614
-0.638271
-0.712802
-0.752767
-0.244553
-0.615666
-0.541737
-0.575903
-0.717568
-0.656166
-0.614937
-0.713762
-0.491262
-0.837365
-0.360285
-0.517400
-0.585710
-0.779893
-0.418273
-0.455292
-0.691313
-1.053467
-0.785937
-0.525674
-0.616268
-0.466352
-0.772929
-0.739545
-0.328648
-0.869872
-0.892183
-0.742781
-0.565768
-0.734255
-0.665554
-0.626288
-1.105870
-0.592678
-0.808918
-0.459679
-0.656021
-0.773843
-0.572442
-0.546944
-0.654279
-1.105629
-0.426422
-0.943064
-0.578097
-0.526373
-0.671987
-1.003674
-0.836422
-0.603627
-0.602803
-0.559293
-0.637777
-0.564325
-0.729884
-0.572688
-0.739876
-1.008590
-0.640314
-0.719380
-0.614155
-0.785035
-0.442343
-0.651372
-0.587388
-0.825424
-0.870378
-0.781247
-0.781679
-0.561933
-0.706826
-0.723007
-0.412490
-0.569844
-0.728044
-0.439132
-0.781919
-0.623894
-0.824538
-0.898660
-0.592541
-1.026808
-0.731124
-0.701178
-0.755929
-0.700976
-0.508903
-0.807492
-0.510905
-0.761233
-0.621266
-0.720084
-0.740158
-0.614182
-0.671736
-0.595886
-0.689476
-0.318749
-0.738587
-0.931254
-0.818142
-0.843956
-0.653936
-0.680091
-0.701261
-0.492461
-0.398912
-0.657741
-0.727940
-0.701555
-0.984838
-0.397534
-0.786967
-0.721432
-0.651374
-0.729229
-0.588059
-1.003024
-0.433265
-0.411299
-0.595864
-0.961843
-0.756430
-0.686233
-0.526647
-0.704424
-0.843303
-0.703840
-0.392471
-0.537678
-0.345448
-0.560130
-0.716488
-0.892159
-0.630825
-0.738884
-0.941270
-0.844416
-0.807789
-0.765640
-0.628214
-0.547601
-1.000997
-0.844463
-0.744605
-0.414001
-0.695409
-0.946843
-0.478462
-0.761930
-0.609777
-0.555180
-0.595093
-0.471390
-0.875929
-0.420948
-0.618127
-0.947255
-0.562175
-0.869478
-0.745303
-0.873153
-0.490599
-0.510387
-0.814239
-0.867611
-0.445979
-0.533527
-0.622607
-0.963695
-0.779824
-0.524624
-0.696224
-0.564138
-1.047184
-0.448881
-0.684187
-0.813132
-0.327393
-0.695116
-0.599691
-0.987262
-0.430928
-0.635336
-0.597319
-0.545997
-0.463883
-0.634934
-0.603317
-0.581901
-0.478690
-0.710122
-0.677024
-0.516530
-0.692114
-1.111590
-0.681634
-0.533475
-0.575452
-0.719405
-0.762711
-0.486242
-1.001535
-0.496036
-0.438578
-0.763546
-0.979463
-0.718120
-0.641553
-0.588657
-0.840195
-0.744096
-0.428319
-0.488416
-0.563891
-0.787280
-0.605204
-0.434411
-0.695741
-0.574904
-0.752470
-0.510316
-0.668603
-0.883179
-0.463661
-0.578280
-0.774780
-0.863458
-0.696168
-0.824819
-0.809917
-0.704408
-0.896403
-0.480003
-0.640545
-0.677832
-0.754943
-0.719980
-0.767641
-0.551866
-0.363947
-0.374377
-0.983289
-0.700002
-0.659429
-0.717338
-0.472701
-0.706217
-0.432223
-0.778431
-0.532920
-0.497047
-0.701994
-0.574851
-0.736412
-0.582598
-0.584796
-0.608280
-0.306530
-0.629358
-0.667802
-0.556389
-0.817127
-0.709054
-0.485376
-0.705671
-0.692269
-0.811314
-0.419786
-0.659602
-0.493927
-0.681940
-0.428212
-0.652362
-0.561893
-0.889126
-0.866464
-0.883864
-0.664371
-0.670742
-0.852612
-0.646933
-0.808334
-0.496625
-0.528505
-0.591937
-0.529000
-0.438137
-0.489604
-0.565114
-0.857734
-0.726616
-0.833164
-0.796088
-0.664095
-0.717445
-0.831981
-0.437825
-0.330053
-0.535196
-0.975761
-0.514588
-0.785209
-0.737506
-0.669347
-1.125307
-0.673744
-0.486021
-0.684250
-0.537556
-0.473335
-0.384647
-0.606233
-0.691401
-0.480946
-0.714068
-0.557709
-0.541323
-0.554575
-0.330413
-0.712422
-0.748484
-0.434495
-0.585815
-0.751528
-0.554705
-0.794943
-0.396000
-0.680750
-0.823921
-0.717428
-0.471243
-0.455455
-0.696296
-0.811808
-0.801732
-0.595352
-0.624845
-0.498031
-0.634449
-0.693210
-0.596774
-0.739571
-1.082157
-0.570998
-0.580393
-0.552622
-0.545450
-0.585317
-0.879778
-0.537145
-0.994142
-0.522660
-0.844455
-0.288311
-0.850087
-0.591920
-0.595600
-0.432519
-0.683320
-0.774953
-0.646274
-0.777939
-0.769229
-0.712535
-0.679130
-0.807363
-0.601800
-1.126683
-0.656124
-0.591135
-0.516474
-1.031887
-0.704644
-0.407213
-0.671173
-0.411460
-0.578052
-0.625707
-0.648288
-0.683207
-0.886708
-0.743223
-0.630037
-0.427889
-0.991981
-0.946693
-0.558223
-0.858576
-0.962944
-0.638340
-0.804041
-0.663668
-0.913414
-0.715165
-0.661412
-0.526252
-0.810392
-0.650993
-0.706075
-0.424781
-0.531226
-0.717358
-0.431763
-0.625268
-0.710108
-0.456356
-0.886156
-0.432260
-0.966025
-0.921734
-0.881813
-0.098378
-0.759646
-0.840667
-0.843406
-0.656229
-0.704491
-0.822814
-0.703147
-0.388235
-1.126509
-0.565885
-0.493384
-0.880636
-0.692295
-0.712110
-0.629946
-0.521241
