1
512
-0.275350
-0.402815
-0.158281
-0.414511
-0.122136
-0.190597
-0.384016
-0.282019
-0.563296
0.231917
-0.396784
-0.770322
-0.065822
-1.225894
0.222032
-0.154337
-0.164309
-2.137563
-0.353527
-0.449761
-0.143114
-0.490081
-0.739228
-0.831997
-0.621316
-0.734389
-1.906742
-0.196555
0.005290
0.025897
-0.168169
-0.393812
-0.200775
-0.179191
0.241324
-0.071791
-1.467850
0.064791
-0.730633
0.033716
0.200709
-0.149563
-0.559792
0.066782
-0.421261
-0.441621
-0.311297
0.054651
-0.078068
-0.742966
0.394155
-0.046780
0.088797
-2.396973
-0.421286
-1.340471
-0.339226
-1.513669
-0.251151
-0.105997
-0.361959
-0.450220
-0.795467
-0.256028
-0.315631
-0.480111
-1.547906
-0.141857
-0.485250
0.035268
-0.122808
-0.330320
-0.105706
-0.494437
-1.018022
-0.050823
-0.781355
-0.382639
-0.423635
-0.106402
-0.410682
-0.632666
-0.181338
-0.335904
-2.038404
-0.577862
-0.237311
-0.408418
-0.319898
-0.326580
-0.463766
-0.357502
-0.165673
-0.186051
-0.987798
-0.522443
-1.133509
-0.277207
-2.099629
-0.246333
-0.615549
-0.246333
-0.191685
0.085025
-1.270290
-0.942002
-0.024935
-1.109008
-0.730757
-0.784484
-0.389913
-0.170187
-0.671029
-0.094101
-0.944464
-0.198159
-0.060035
-0.603193
-0.762160
-0.019665
-2.117854
-0.115628
-0.294085
-0.245454
-0.305286
-0.165727
0.047831
-0.128334
-0.594728
-0.861991
0.127855
-0.219393
-2.279534
-1.521415
-0.438188
-0.595828
-0.576949
-0.121721
-0.507206
-0.291690
-0.637947
-1.273279
-0.425639
-0.185788
-0.351882
-1.190194
-0.134987
-0.402113
-0.678987
-0.616323
-0.449423
-0.349100
-0.427289
-0.614460
-0.756123
-1.434538
-0.281414
-0.849421
-0.163135
-1.087797
0.019819
-0.664778
-0.188351
-0.883280
-1.039680
-0.345474
-0.424292
-0.559554
-0.312378
-0.402956
-1.038398
0.063729
-0.484864
-0.542829
-1.403790
0.028220
-0.308168
0.047527
-0.463173
-0.929856
-0.831887
-0.409565
-0.088521
-0.412433
-1.664597
-0.730734
-0.472484
-1.096958
-0.316697
-0.216887
-0.304329
-0.847752
-0.227776
-0.816996
0.130933
-0.136778
0.098325
-1.195724
-0.477902
-0.097921
-0.204454
-0.464663
-0.076123
-0.332178
-0.003232
-0.702439
-0.527642
-0.199161
0.106561
-0.345589
-0.148517
0.035758
-0.278383
0.089827
-0.085412
-0.842642
0.028608
-0.878994
-0.122735
-1.305449
-0.251256
-0.363582
-0.685644
-0.381399
-0.056001
-0.489301
-0.141359
-0.459531
-0.172659
-0.566002
0.033620
-0.203150
-0.325050
-0.352741
-0.263436
-0.471713
-0.497974
-0.377223
0.042333
-0.502001
-0.109381
-0.329379
-0.254098
-0.182677
-0.492773
-0.379052
-0.610770
0.099874
0.153560
-1.218873
-0.172031
-0.369895
-0.803861
-0.430851
-0.926246
-1.210385
-0.309700
-0.049344
-0.191646
-0.730955
-0.209011
0.255804
-0.504548
-0.032815
-0.783123
-0.069517
-0.367572
-0.278188
-0.312219
-0.528635
0.120042
-0.183432
-0.237123
-0.669598
-0.094478
-0.088904
0.004433
-0.144405
-0.397361
0.069502
-0.194651
-1.088242
-0.182659
-0.912948
-0.207820
-0.126969
-0.428690
0.427580
-0.073349
0.083074
-0.150897
-0.370326
-0.898654
-0.396295
-0.863596
0.087086
-0.562242
-0.569554
-0.874673
-0.605318
-0.716212
-0.206924
-0.543276
-0.278982
-1.388806
-0.189039
-0.367877
-0.535846
0.055599
-0.515946
-0.186065
-1.018301
-0.264323
-0.555163
-0.310149
-0.338669
-0.372309
-0.660495
-0.249486
-0.709472
-0.318768
0.117856
-0.282257
-0.030065
-0.663237
-0.481270
-0.011089
-0.453330
-0.609488
-0.659018
-0.811905
0.062290
-0.047297
-0.727849
-0.614013
0.222874
-0.569500
-0.511194
-1.563602
-0.292609
-2.160511
-0.481322
-0.752287
-0.737300
-0.681873
-0.729966
-0.458233
-0.244555
-0.252025
-0.220197
-0.427358
-2.150969
-0.133103
0.030472
-0.717748
-0.331426
-0.625951
-0.360007
-0.450058
-0.337239
-0.428293
-0.500082
-0.309566
-0.267575
-0.772444
-0.426068
-1.535743
0.105495
-1.131878
-0.794186
-0.276839
-0.103735
-0.327321
-0.399111
-0.295358
-0.253377
-0.251789
-0.067423
-0.977829
-0.315733
0.181803
-1.520960
-0.772137
0.121296
-2.026329
-0.003007
-0.348392
-0.181564
-0.386507
-0.433747
-1.440931
-0.297975
-0.879503
-0.771811
-0.327860
-0.182916
-0.550636
-0.938001
-0.306277
-0.289436
-1.241323
-0.258226
-0.744799
-0.306067
-0.262796
-0.307395
-0.372588
0.173316
-0.511993
-0.278681
0.123807
-0.401937
-0.152472
-0.601338
-0.154215
-0.139113
-0.312676
-1.421290
0.211862
-1.176666
-0.012755
-0.267253
0.184260
-0.329665
-0.314402
-0.351883
-0.783069
-0.297396
-1.560276
-0.291535
-0.058869
0.150913
-0.433153
-0.059358
-0.494268
-0.061333
-0.038615
-0.486260
-0.769696
-0.195377
-0.479386
0.005478
-1.078033
-0.151273
0.063329
-0.585437
-0.224829
-0.524023
-0.036493
-0.822784
-0.687186
-0.032055
-0.424808
-0.188132
-0.896532
-0.457102
-0.065627
-0.303291
-0.550870
-0.314121
-0.418350
-0.482261
-0.432800
-0.956626
-0.427999
0.263123
-0.337486
0.188483
-0.839236
-0.002020
-0.629149
-1.111038
-0.244650
-0.820113
-0.199766
-0.431114
0.078264
0.100725
-0.475704
0.179961
-0.847483
-0.508166
-0.459142
-0.640993
-0.234518
-0.377701
-0.179652
-0.444374
-0.102569
-0.301273
-0.194040
-0.077999
0.028309
0.046824
-0.530995
-0.027673
-0.443664
-0.299094
-0.312193
-0.229103
-0.824504
-0.537551
-0.992106
-0.480224
-0.166510
-0.431446
0.135165
-1.120092
-0.158868
-1.111172
-1.090945
0.017071
