1
512
-1.116244
-1.961705
-1.369273
-2.138439
-1.930466
-1.551640
-0.509129
-1.066280
-0.718646
-2.004193
-1.425856
-1.504007
-0.180332
-2.634902
-2.641194
-1.479435
-0.636121
-1.730931
-2.053878
-2.099240
-1.552142
-0.566797
-0.246849
-1.069510
-1.337176
-1.815227
-1.381532
-2.742498
-0.238678
-0.902947
-0.348295
-2.174915
-1.514585
-0.603134
-2.203401
-1.107574
-0.050028
-1.648181
-1.569672
-2.129388
-1.188784
-1.515156
-1.969535
-1.975667
-3.003963
-0.807771
-1.252424
-1.176559
-2.477468
0.366416
-1.079986
-0.177993
-2.024686
-0.753110
-1.025541
-0.233259
-0.520850
-2.106698
-0.847703
-0.095715
-0.770566
-1.034383
-0.583917
-2.380851
-2.262187
-1.314997
-1.900586
-0.818049
-1.165438
-0.088476
-0.151411
-1.904882
-1.384691
-0.497922
-1.041101
-1.594302
-1.390751
-0.562053
-0.470108
-2.515359
-1.132017
-1.733303
-1.168651
-1.000861
-1.902156
-0.456897
-0.794465
-0.527306
-0.830409
-0.534156
-1.456915
-0.897805
-4.316452
-1.036700
-2.512229
-1.597533
-0.975705
-0.231366
-1.054771
-2.024492
-1.991779
-0.018066
-2.288151
-0.926375
-0.622336
-1.637662
-0.358833
-1.228442
-0.175729
-0.449307
-0.404107
-0.619888
-1.932515
-1.516619
-0.518398
-1.772503
-0.531172
-0.403563
-2.015141
-3.075284
-1.426920
-1.357438
-0.698036
-1.200190
-1.001603
-0.793056
-2.855760
-1.315334
-2.322005
-1.531224
-0.876009
-1.452639
-0.237574
0.262927
-0.553404
-0.430604
-1.644862
-0.438114
-2.490231
-1.182280
-1.801511
-0.657374
-3.211291
-0.239249
-0.957105
-2.920696
-1.668940
-0.469213
-0.318761
-1.032277
-0.754128
-2.210150
-0.495930
-0.847545
-0.109855
0.004377
-2.297190
-0.895967
-0.811538
-2.016021
-0.921358
-0.527964
-0.406452
-1.271392
-2.076581
-2.662849
-0.230357
-0.791803
-2.682066
-0.929391
-1.460949
-1.497596
-1.449466
-0.660459
-1.195440
-1.436839
-0.595588
-1.199666
-1.308824
-0.534060
-2.589004
-1.522540
-1.464717
-0.527282
-2.325886
-0.579838
-1.722372
-0.971498
-2.704662
-2.244365
-0.892162
-0.383559
-0.240204
-0.669645
-0.245660
-0.709346
-0.718560
-0.319878
-0.547010
-1.495451
-1.638221
-0.300842
-1.862605
-1.311635
-1.944443
-0.324848
-0.033484
-0.321444
-1.131335
-2.570460
-2.679086
-0.407525
-2.795721
-2.041205
-1.086618
-0.294047
-0.235986
-0.240121
-0.348695
-2.513822
-1.809159
-0.269620
-2.789768
-1.223684
-1.342680
-0.505546
-1.730040
-1.949266
-2.137267
-1.503813
-1.070952
-0.553831
-1.507520
-2.139465
-0.577029
-2.300947
-1.254134
-0.588868
-1.758859
-0.493188
-1.636868
-0.839647
0.030679
-1.791591
-1.385357
-1.650913
-0.300493
-0.484378
0.082728
-2.240649
-0.979122
-1.214707
-1.193417
-2.249978
-0.646930
-0.520769
-0.613261
-0.715554
-0.813509
-0.864492
-1.010912
-0.070492
-1.467785
-0.108751
-1.862384
-1.697779
-0.848482
-1.620136
-1.494850
-0.436548
-1.928087
-0.765576
-1.061295
-2.130470
-1.682050
-1.923157
-1.955533
-2.021088
-1.106667
-0.588924
-0.853770
-1.898910
-0.788817
-1.197850
-1.416331
-1.910589
-2.458065
-3.161741
-1.068048
-0.235728
-0.650764
-0.739552
-2.118176
-1.729867
-0.788428
-0.928692
-1.142797
-2.247388
-0.840005
-1.542825
-1.271775
-2.034849
-2.179157
-1.030181
-1.528645
-0.327439
-0.762597
-2.983450
-2.598016
-0.997323
-0.979052
-1.748499
-0.730379
-1.590668
-2.057238
-1.549250
-0.594640
-0.851416
-1.211568
-0.921487
-1.435494
-1.147089
-2.316636
-0.924803
-1.681512
-1.772049
-0.308391
-2.466763
-1.893489
-0.523472
-2.236112
-1.162398
-1.123996
-2.249022
-1.032888
-2.088959
-1.965257
-1.472114
-1.037326
-0.650256
0.164289
-0.396088
-3.975912
-0.156305
-0.342907
-2.395277
-2.534737
-2.197986
-1.137440
-0.186856
-0.710170
-1.402727
-0.677045
-1.623801
-1.645026
-1.437593
-1.351578
-1.055056
-1.016390
-2.138153
-1.833808
-0.573515
-2.048283
-2.296580
-0.393697
-0.644211
-1.438802
-1.084919
-0.066349
-1.572872
-1.823418
-2.483765
-1.386420
-2.902658
-0.530510
-1.991845
-2.094146
-0.265456
-0.720051
-0.360020
-1.958719
-0.525522
-1.158448
-0.637355
-1.433907
-1.398692
-0.589011
-1.846779
-0.835282
-1.208217
-1.405861
-1.836102
-2.487050
-0.768263
-1.403550
-0.768525
-2.318488
-0.463889
-0.670830
-2.114192
-2.092223
-1.210867
-2.107207
-2.002220
-1.391670
-0.747866
-1.497560
-1.928263
-2.105102
-1.116823
-1.472368
-3.023978
-1.084560
-1.697044
-1.205947
-0.162225
-0.178049
-1.280508
-1.449574
-0.872678
-1.362219
-1.826148
-0.844485
-1.051392
-1.192973
-0.869643
-0.822111
-0.601500
-0.822739
-1.000726
-0.734037
-1.853985
-3.455670
-0.498379
-1.085758
-0.688485
-2.337575
-1.971782
-1.042730
-0.906320
-1.171862
-1.359172
-0.410497
-0.496311
-1.173872
-0.886643
-1.067382
-1.629478
-0.922388
-0.865858
-0.979835
-0.672472
-0.358101
-0.978633
-1.859610
-2.138640
-0.975437
-1.014784
-0.435599
-0.616655
-0.186239
-1.382133
-1.144214
-0.715222
-2.431830
-1.019137
-0.951725
-1.495845
-0.698674
-1.825930
-1.607283
-1.148893
-0.859346
-1.122969
-1.342434
-1.036237
-0.314214
-1.616420
-0.422380
-1.269862
-0.239838
-0.888957
-0.853093
-0.595574
-1.211825
-0.651284
-0.196390
-1.230892
-2.627434
-1.148610
-2.706430
-1.081278
-0.440262
-0.601826
-0.207896
-1.326977
-1.878462
-1.644856
-2.774299
-0.148786
-1.042054
-0.261840
-1.661605
-0.476125
-1.232739
-0.124091
-2.242053
-0.798303
-1.419894
-1.628771
-2.876046
-1.130106
