1
99
-0.442302
-0.121261
-0.456783
-0.849279
0.095705
-0.524351
-0.181702
-0.443527
-0.219841
0.840302
-0.125358
-0.486422
-0.802635
-0.862823
0.125175
0.319844
-0.257551
-0.312000
-0.489069
0.525658
-0.132369
-0.667007
-1.010868
-0.075448
-0.051000
-0.550218
-0.234587
-0.231300
-0.580788
-0.045228
-0.792288
-1.093799
-0.187108
-0.177524
-0.165828
0.230973
-0.902434
-0.307048
-0.051310
-0.835779
-0.001705
-0.048911
-0.499585
0.434467
-1.465893
0.062800
-0.286973
0.199422
0.104161
-0.690666
-0.902088
0.341288
-0.304769
-0.768502
-0.444932
-0.336136
-0.189691
-0.908884
0.502195
0.336554
0.270090
-0.004772
0.429596
0.047551
0.386535
-0.536026
-0.439493
-0.214219
0.398815
0.052819
-7.243291
0.896553
-2.480148
-0.730054
-0.991921
-1.479389
-0.031088
-0.720122
-1.082656
-3.937215
-4.258756
0.499035
-1.758171
0.270223
-3.750095
-4.679668
-6.404257
-7.077924
-9.001175
-8.568610
-9.348145
-9.291920
-9.257972
-9.292639
-7.957372
-9.422015
-9.514305
-9.165536
-7.233000
