1
512
0.048124
-0.120738
0.039581
-0.009343
-0.009769
-0.106435
0.038028
0.097829
0.009342
-0.023435
0.202778
0.011953
-0.133430
-0.070730
-0.031121
0.098916
-0.065916
0.053158
0.023785
0.132610
0.111072
0.153861
-0.043367
-0.076298
-0.102553
-0.065529
-0.056054
-0.068947
-0.076241
0.043070
-0.010925
0.036870
0.034239
-0.064787
-0.083615
0.039581
-0.055212
-0.124587
0.116089
0.061454
-0.018432
0.143498
0.046889
-0.070042
0.056876
0.059957
0.011316
-0.043257
-0.128002
0.057062
-0.118449
0.041258
0.008118
-0.002772
0.012779
0.019225
-0.159310
-0.089087
0.107735
-0.053732
0.034800
-0.081231
-0.021750
-0.068738
-0.060131
0.067077
-0.140791
-0.011573
-0.107800
-0.145209
-0.111928
0.155512
0.027501
0.140903
-0.040544
0.054772
0.048285
0.056926
0.001272
-0.069811
0.032930
-0.072298
0.054874
0.029856
0.005884
-0.056261
-0.003900
-0.023710
0.232004
0.115528
-0.186953
0.008860
0.154783
-0.114717
-0.048029
0.012112
0.158858
-0.005466
0.137039
-0.063218
-0.014509
-0.015581
0.160785
0.067183
-0.038423
-0.034055
-0.209257
0.054031
-0.006254
0.037896
-0.147807
0.136108
0.017946
-0.011891
0.064279
-0.092141
-0.143147
0.041305
-0.085666
0.041843
-0.002592
-0.016755
0.106839
-0.005891
-0.046964
0.025971
-0.008862
0.066656
0.131986
-0.010148
-0.057860
-0.068263
-0.111187
0.016927
0.036528
0.038881
0.058412
0.045149
-0.023935
-0.059981
-0.076240
0.088914
0.079439
0.071633
-0.031697
0.120430
0.097041
0.046628
0.099759
-0.038750
-0.083254
0.101323
-0.132530
0.083248
-0.039859
0.061660
-0.073801
-0.155653
0.013985
-0.078694
0.034370
0.086452
-0.168716
-0.104434
-0.017063
0.010925
-0.012403
0.064955
-0.026850
-0.180862
-0.100018
0.111949
-0.003529
0.062690
-0.052690
-0.060038
-0.007730
-0.023862
-0.002511
0.075576
0.161236
0.180383
0.030477
0.143055
-0.056400
0.087423
-0.141115
-0.103823
0.080016
-0.042442
0.042136
0.117139
-0.083403
0.024600
0.001746
0.006794
-0.119819
0.029864
-0.084215
0.177405
0.084449
-0.140794
0.123530
0.225096
-0.085955
0.174711
0.002319
0.049499
0.025421
0.002373
-0.058237
-0.128001
0.090863
-0.088233
-0.045025
-0.075838
-0.015726
0.050455
-0.038528
0.027209
0.060408
-0.032724
-0.025836
-0.071430
-0.005493
-0.056492
0.001351
0.123800
0.041843
-0.008932
-0.046236
0.134587
0.071704
0.001672
-0.166028
0.033391
-0.030785
0.017131
-0.023576
0.006456
-0.115707
-0.014740
0.119106
-0.058939
-0.064223
0.064438
0.037456
-0.040974
0.127060
-0.180273
-0.034756
0.062971
0.067560
0.045134
-0.166732
0.090912
-0.012652
0.003246
-0.120874
-0.008733
0.089971
0.096010
-0.047502
-0.003890
-0.000833
-0.151166
0.218816
-0.011086
0.136019
0.106046
-0.191166
0.005927
-0.067003
-0.027950
-0.142024
0.038564
0.088306
0.212303
-0.139735
-0.027353
0.079053
-0.017942
0.149280
0.029051
0.091610
0.016904
0.011449
0.112908
-0.025171
-0.047358
-0.017751
-0.089149
-0.044446
0.138386
0.010996
0.015818
0.015670
0.007032
-0.060535
-0.130747
-0.004034
-0.123009
0.220221
0.125687
0.037422
0.059396
-0.095888
-0.058117
0.064143
0.030673
0.043796
-0.016311
-0.080931
0.079866
-0.029246
-0.012788
-0.110319
0.155426
0.009777
0.066041
0.074553
0.141855
0.005602
0.012245
0.012782
0.122708
-0.069139
0.264116
0.133671
-0.117590
-0.130693
-0.063340
-0.033515
0.113047
-0.001824
-0.035691
0.145526
-0.050130
0.044419
-0.042441
-0.048915
-0.064518
0.066662
-0.050979
-0.063041
-0.051652
-0.039605
0.073623
0.032188
-0.028817
0.057881
0.051585
0.032999
0.019702
0.010534
-0.008544
0.048868
-0.007985
-0.040248
-0.113133
-0.115643
-0.097263
-0.038178
-0.080272
0.043266
0.083531
-0.169997
-0.089919
0.112290
-0.096412
-0.259824
-0.099699
-0.063022
0.053668
0.045537
0.098350
-0.050183
0.012303
-0.067519
0.048360
-0.042113
-0.113013
0.093048
-0.102113
-0.040932
-0.054850
0.011679
0.071201
-0.050016
-0.017900
-0.100836
-0.061807
-0.019133
-0.001528
-0.001015
0.004202
-0.102170
-0.054227
-0.086056
0.084128
0.093316
0.119517
0.203681
0.016954
0.019003
-0.073966
-0.035298
-0.025824
-0.199104
0.049248
0.088409
-0.060514
-0.095594
-0.045571
0.160092
-0.015795
0.050060
0.082740
-0.011693
0.037446
-0.178347
-0.038907
0.003590
0.047692
-0.056930
0.001626
0.011906
-0.059930
0.020328
-0.059820
0.147190
0.104652
-0.173460
-0.052146
0.026414
-0.196408
0.059988
0.017359
-0.035066
-0.013830
-0.027434
-0.043390
0.178455
-0.065231
0.023841
0.034080
0.038069
-0.128099
0.106253
-0.064616
0.045317
-0.018487
0.083404
-0.018882
0.093631
0.030924
-0.184237
-0.031904
0.028970
-0.054785
-0.098065
-0.098966
0.063382
-0.115772
0.084820
0.075705
-0.016368
-0.013111
-0.016966
-0.099693
0.034532
-0.060352
-0.101050
-0.178405
0.029578
-0.050421
0.045392
0.031673
-0.107443
-0.075654
0.060200
0.020203
-0.173774
0.060528
0.053615
-0.072697
-0.045930
-0.057993
0.069269
-0.158440
0.026364
-0.144662
-0.111836
-0.047184
-0.029546
-0.021944
0.087902
-0.185135
0.006789
0.048775
-0.150613
-0.047948
-0.163655
-0.046726
0.095537
0.041303
0.150633
-0.106573
0.012186
-0.131093
0.033424
0.045434
