1
512
0.110838
0.048334
-0.094724
-0.174956
-0.251275
-0.144534
0.062423
-0.025301
-0.061378
0.210534
0.041891
0.063167
0.011509
0.104173
0.092356
-0.269647
0.136520
-0.183865
0.026168
-0.052781
0.046826
0.223039
-0.394693
-0.184933
-0.241382
-0.201879
-0.207313
-0.048373
-0.003100
-0.286408
-0.070360
-0.025128
-0.383461
0.090768
0.241572
-0.042232
0.088683
-0.091527
0.188869
-0.152930
0.113226
-0.012413
-0.160504
0.276177
-0.059388
-0.023135
-0.060073
-0.021807
0.384679
-0.196659
0.380207
-0.116514
0.411852
-0.153357
0.005539
0.342031
0.060063
0.270448
0.009239
0.028982
-0.574116
0.356312
-0.216224
0.174945
-0.105630
0.035096
-0.315314
-0.148030
-0.011946
-0.335301
0.136253
-0.290585
0.040432
0.043479
-0.128706
0.001830
-0.082541
-0.076121
-0.020696
0.308616
0.041613
0.294542
-0.086296
-0.243790
-0.081191
-0.173768
-0.100677
-0.098473
0.121440
0.245675
0.080185
0.052869
0.065483
0.006111
0.114186
-0.257180
-0.188262
0.235215
0.278238
0.041059
0.334603
0.183313
0.093883
-0.051304
-0.174671
0.140703
0.124530
-0.489453
-0.020834
-0.370782
0.023058
-0.073752
0.384559
0.323158
-0.277597
0.174187
0.272087
-0.226628
0.395997
-0.057391
-0.198317
0.114224
0.242392
-0.154820
-0.296931
0.101316
0.073129
0.054845
0.027690
0.131658
-0.209991
0.125912
0.128812
-0.034145
0.029242
-0.282105
0.135972
0.115804
-0.108573
-0.118778
-0.367409
0.273777
-0.081437
-0.284178
0.081008
0.407351
0.343099
0.192658
0.376946
0.166796
-0.358463
0.145983
0.197179
0.009192
-0.179858
-0.053730
0.110935
-0.025164
-0.101687
0.082677
0.045913
0.144984
0.088486
-0.098656
0.071892
-0.265705
0.197766
0.001574
0.077412
-0.055487
0.172905
-0.043282
-0.115021
-0.016825
0.209446
0.302172
0.112570
-0.214285
0.098675
0.134341
-0.058581
0.109191
0.161915
-0.004984
-0.058789
0.121253
-0.021423
-0.305894
0.101143
0.015758
0.109323
-0.020425
-0.079954
0.217807
-0.033528
-0.007598
-0.003873
0.131472
-0.032905
0.073991
-0.016093
-0.096371
0.000753
0.247277
-0.208417
0.250201
0.049853
0.127933
0.227041
0.155647
0.121550
-0.295321
-0.126937
-0.271735
0.113498
-0.115320
-0.041867
-0.179083
-0.223044
-0.063422
0.064115
0.212477
-0.198054
-0.018811
-0.063372
0.209537
0.221356
-0.037540
-0.407765
0.019159
0.031603
-0.168790
-0.127916
-0.150253
-0.188429
0.002235
0.203438
0.183409
-0.400325
-0.036504
-0.080497
0.234403
0.186682
-0.037341
-0.332874
-0.174265
-0.117208
-0.031017
-0.145927
0.570711
-0.175270
0.121146
-0.164652
-0.236240
-0.037748
0.345406
0.166303
0.147447
-0.289687
0.049313
-0.270789
-0.238529
0.071917
-0.284185
0.140906
-0.171547
0.228182
0.462399
0.023893
0.194826
0.048882
0.154347
-0.117522
-0.138515
0.252598
0.001570
-0.024656
0.403967
0.094260
0.050584
0.260629
-0.318857
0.339212
-0.200680
-0.255926
-0.090075
-0.103855
0.202446
-0.018551
-0.177783
0.029713
0.035260
0.178985
-0.144333
-0.381285
0.006466
-0.111285
-0.011296
-0.065691
-0.035288
-0.065012
-0.278487
0.019699
0.662532
0.271120
0.048894
0.184298
-0.114282
0.025540
-0.114316
-0.103619
0.141546
0.141895
-0.091738
0.094689
-0.271665
0.216614
-0.384972
0.009488
-0.131209
0.176760
0.006764
0.101982
0.044087
-0.121831
-0.001417
0.259086
0.147656
0.485138
-0.017054
-0.073410
0.406188
-0.237950
-0.372620
-0.071178
-0.296016
-0.074428
0.068906
-0.021488
-0.048397
0.388757
-0.142278
0.218447
0.192851
0.320688
-0.128774
-0.023088
0.184418
-0.049567
-0.279611
-0.330925
-0.435516
0.129023
-0.269209
0.068646
0.044032
-0.157016
0.183325
-0.003081
0.043753
0.312922
0.202472
-0.225575
0.129206
0.047670
0.024464
-0.223802
0.314442
-0.144234
0.070151
-0.111136
0.022966
-0.076362
0.514757
-0.070508
-0.485758
0.234375
-0.024812
0.203300
-0.030793
-0.104879
-0.029643
0.027690
-0.056527
0.208679
-0.126236
0.041065
0.114304
-0.157054
-0.227352
0.280739
0.163629
0.206246
-0.123620
-0.496726
0.131767
-0.026724
-0.154645
-0.267239
-0.003321
-0.339892
-0.311219
-0.068243
-0.006350
0.016321
0.009297
0.171802
-0.084348
-0.063583
0.041226
-0.432516
-0.101695
-0.215661
0.165204
0.112918
-0.185991
-0.062855
0.171608
0.067954
-0.148660
-0.058022
0.186909
-0.454068
-0.019812
0.016631
0.027917
-0.368032
-0.166060
-0.123921
-0.024335
0.150348
0.120121
0.124345
-0.211520
-0.138941
-0.240492
-0.402575
0.095432
-0.159155
-0.019685
0.357026
0.617978
-0.452670
0.233894
0.074776
0.074261
-0.041878
0.055304
0.159756
-0.412689
0.056934
0.092602
-0.239761
0.261361
-0.097647
0.323326
-0.052470
-0.090061
-0.157442
0.202868
-0.003494
0.107648
-0.090260
0.595342
0.072574
0.029253
0.037112
0.250244
0.030645
-0.106144
0.049329
-0.043335
0.210598
-0.036318
-0.098487
-0.285667
-0.263822
0.196017
-0.397789
0.036322
-0.045140
-0.042643
0.379543
-0.427207
-0.149157
-0.173827
0.101851
-0.011865
0.002511
0.336546
0.133983
0.293259
0.044761
-0.119816
-0.250911
0.243302
0.142335
0.379362
-0.332979
0.368507
-0.028584
0.095269
0.425510
-0.180791
-0.028540
-0.272241
-0.107364
-0.283956
-0.071180
-0.297641
-0.237248
-0.305450
