1
512
0.266489
0.511204
0.116289
0.303575
-0.406502
-0.088875
-0.064953
-0.243888
-0.057974
0.088204
0.278178
0.232092
0.047507
-0.603072
-0.618362
0.176538
-0.076504
-0.359100
0.295971
0.512567
-0.192577
-0.134815
0.070410
-0.220464
0.484617
0.801845
0.246667
1.147125
0.030174
-0.357390
-0.116605
0.497993
0.483100
0.141712
-0.974779
0.250893
0.002519
-0.750037
-0.709687
-0.461248
-0.268261
-0.421998
0.432078
0.351424
-0.601225
0.375094
0.291529
-0.290880
-0.532139
0.173496
-0.268752
0.143805
-0.682307
-0.039660
0.355082
-0.088392
-0.293082
-0.679245
0.003271
-0.126716
-0.090359
0.168445
0.234609
-0.524571
0.189751
0.267464
-0.540120
-0.175205
-0.280751
0.068184
-0.014298
0.577018
0.363157
0.176180
0.137645
0.067469
0.118228
-0.009217
0.066131
0.676714
0.266431
0.411443
-0.292296
0.022356
-0.675579
-0.024883
-0.264305
-0.029310
-0.156593
0.196258
0.198939
-0.032680
-0.320643
-0.202040
0.870873
0.344242
-0.056350
-0.140531
-0.340387
0.640912
-0.291254
0.395693
-0.088801
-0.311965
0.138201
-0.456433
-0.161439
0.012952
0.115839
-0.104557
0.375784
-0.608878
-0.501186
0.351672
-0.272626
-0.364216
0.254946
-0.020510
0.314709
0.393243
0.175459
0.607343
-0.382166
-0.118155
0.004981
0.013287
-0.339714
0.087999
0.453524
0.190303
0.148517
-0.290703
-0.201038
-0.170072
-0.025286
-0.029039
0.341356
-0.103953
-0.449249
-0.152069
0.826062
0.127197
0.880955
0.132199
0.188860
-0.633400
-0.071488
-0.154837
-0.032933
-0.244973
0.003153
0.687556
0.041558
-0.344471
-0.022194
0.077605
-0.419727
-0.132513
0.109091
0.424969
-0.187956
-0.038333
0.058767
0.240457
0.596628
-0.365586
-0.020191
0.084599
0.548333
-0.086130
0.266917
-0.096806
-0.293559
-0.028605
0.085210
-0.233125
-0.010147
-0.303180
0.210666
0.144678
0.655112
0.390731
-0.218807
0.494852
0.275500
0.230689
-0.624684
0.211638
0.676131
0.678352
0.312463
0.352877
-0.115366
-0.115453
-0.019392
0.358050
0.110199
-0.159733
-0.095959
-0.739560
0.449990
-0.318088
-0.498403
-0.304473
0.220074
0.179710
0.166641
0.098917
0.145878
0.758788
0.516127
0.050050
0.080920
0.641020
0.332713
0.013235
0.026567
-0.091492
-0.002616
0.696736
0.685584
-0.076831
-0.637706
0.083365
-0.471748
-0.110129
0.508774
-0.088688
-0.579574
0.434145
-0.157135
0.427628
0.704724
0.235319
-0.125014
0.373331
0.058074
-0.098729
0.339498
-0.100740
-0.290170
0.184061
0.061010
0.367635
0.372441
-0.488302
0.402965
-0.390427
-0.086282
0.289640
-0.385427
-0.190299
0.105729
0.697717
0.045387
0.038724
0.188543
0.087175
-0.040541
0.159298
0.175293
0.845778
-0.069976
0.129244
0.280435
0.252595
0.266650
0.151744
-0.336895
0.195206
-0.490596
-0.201192
0.190309
-0.284535
0.595188
-0.448986
0.508007
0.622300
-0.102904
-0.366693
-0.038557
-0.242543
-0.673798
0.417878
0.369675
0.323790
0.404522
-0.261600
0.317428
-0.127434
0.201693
-0.116401
0.076661
-0.542525
-0.344831
0.149179
-0.140730
-0.528068
-0.041096
-0.604792
-0.456330
0.697089
0.788770
-0.341268
-0.551205
0.179798
0.376583
-0.824517
0.445675
-0.357662
-0.070967
0.344715
-0.384445
0.242466
0.212649
0.892586
0.179861
-0.219719
-0.132167
-0.064589
-0.279480
0.026916
0.202301
0.197710
-0.293953
0.331626
0.209646
0.432391
0.680692
0.022893
0.683126
-0.382182
-0.261081
-0.408431
-0.020644
0.444673
0.269982
0.348034
-0.256137
-0.027201
0.048857
0.077955
0.300006
0.541013
-0.095050
-0.308074
-0.429938
0.354570
-0.124831
-0.183240
0.222493
-0.231727
-0.050226
-0.228303
0.403646
0.548780
-0.105978
-0.147317
-0.111556
0.390142
0.315470
0.233037
0.393271
0.571481
0.343167
-0.023080
0.117823
0.078144
-0.253348
0.075937
-0.606781
-0.456379
0.528410
0.408867
-0.135862
0.803101
1.000136
0.246337
0.226160
-0.009675
-0.411253
0.248262
-0.197790
-0.005510
0.178849
-0.539882
-0.059794
-0.569834
0.144373
-0.528318
-0.107809
0.437967
0.360191
-0.338723
0.031366
-0.292363
0.195628
-0.044684
0.229076
-0.658147
-0.621106
0.016830
-0.318300
0.600232
0.165031
-0.025432
0.194099
-0.730340
-0.182284
0.498922
-0.438253
-0.463399
0.261683
0.135685
0.287631
-0.089893
0.131912
-0.137969
0.418580
0.020138
0.062887
0.419186
-0.152651
0.104423
0.334957
0.206943
0.095034
0.114390
-0.174011
0.379473
0.283317
0.623185
0.497133
0.141405
0.357285
-0.032044
-0.531298
-0.298209
-0.109038
-0.168006
-0.555810
-0.026022
0.373139
0.025567
-0.456665
0.122597
-0.007794
0.152060
-0.276914
0.112866
0.245793
0.116702
0.087153
0.493881
0.367264
0.703595
0.016281
-0.033063
-0.237602
-0.123669
0.055738
-0.313470
-0.215357
-0.094007
0.382251
-0.041892
-0.079177
0.447475
-0.202836
0.317294
-0.410543
0.178457
0.250261
-0.213753
-0.278432
0.051963
-0.281843
-0.621544
0.040274
0.375178
0.335006
0.356663
-0.131363
0.303508
0.108408
0.086953
-0.112508
0.332138
-0.618768
0.362322
0.699703
0.057824
-0.091654
-0.235740
0.049298
0.149664
0.094943
-0.457062
-0.389551
0.059022
-0.051658
0.033015
-0.471744
-0.056765
-0.358423
-0.102119
0.786143
0.255309
0.498003
0.490955
0.684683
-0.065963
