1
512
-0.103622
-0.100397
-0.082260
-0.495709
0.110919
-0.142754
-0.491688
-0.214767
0.110379
-0.143268
-0.082855
-0.232021
0.004674
-0.439004
-0.464514
-0.228945
0.485459
0.331681
0.448644
-0.003959
0.055154
-0.035397
-0.257942
-0.267506
-0.563111
-0.003430
-0.057047
-0.283607
0.003762
0.437953
-0.409259
-0.199004
-0.185637
-0.111335
0.123711
0.222866
0.122534
-0.368168
-0.197627
-0.107175
-0.005550
0.048593
0.148866
0.064899
-0.062737
-0.055506
0.181204
-0.122790
-0.184471
0.001969
0.126733
-0.180208
-0.249447
-0.201659
-0.050131
0.006699
-0.274245
-0.126885
0.049433
-0.082291
0.002784
-0.353778
-0.115634
0.106255
-0.129051
-0.428744
-0.397701
-0.223487
-0.219041
-0.085450
-0.212861
0.116614
-0.095829
0.154065
0.130911
-0.340519
-0.437243
0.080081
0.029020
0.265716
0.005555
-0.197962
-0.670598
0.106020
0.194487
0.206379
0.122673
0.210770
-0.339770
0.694213
-0.438578
-0.057550
-0.496043
0.334420
0.012198
-0.173272
-0.649136
0.318608
-0.318670
-0.135644
-0.218877
-0.270009
0.334878
0.071969
-0.107917
0.224515
-0.179562
0.381537
-0.577171
-0.043696
-0.383418
-0.256358
-0.077044
-0.238755
0.374553
-0.194955
-0.053470
-0.222440
-0.182370
0.050457
0.140622
0.016066
-0.041252
-0.324186
-0.310981
-0.106017
-0.069996
-0.074409
-0.004809
-0.077186
-0.327086
0.048562
0.211737
0.147364
0.185955
0.270622
-0.261027
0.240213
-0.189840
-0.113622
-0.521067
-0.542802
0.016975
0.298946
-0.155588
-0.026175
0.098084
-0.006269
0.071040
-0.021394
0.486973
-0.183165
0.190169
0.048398
0.318968
0.029531
-0.391368
0.353422
0.218178
-0.256239
0.414733
-0.203359
-0.447445
-0.196759
-0.180613
-0.141710
-0.322788
-0.344102
-0.317975
0.086540
-0.083424
0.574445
-0.478082
0.029987
-0.331114
-0.046213
0.120613
-0.210113
-0.066140
0.130737
0.024484
-0.053031
-0.107847
0.028094
-0.359184
0.185541
-0.257520
-0.047900
0.199163
0.241929
-0.052166
-0.326235
-0.031919
-0.255909
0.282374
-0.031388
-0.170648
0.036951
-0.099664
-0.009539
-0.140618
-0.002629
0.523386
-0.321412
-0.540343
-0.196863
-0.384043
-0.031325
0.185990
-0.239447
0.113470
0.293077
-0.098544
0.260232
0.225724
-0.286555
-0.417034
0.528420
0.001910
-0.494792
-0.101560
-0.016838
-0.153950
-0.226627
-0.213724
-0.545412
0.312301
-0.219327
0.159896
-0.030496
-0.370912
-0.181311
-0.362225
-0.087222
-0.137798
0.244418
0.171502
-0.212622
0.050685
0.210436
-0.120210
0.231864
-0.419681
-0.088115
-0.101939
-0.199778
-0.153982
0.396490
-0.217630
-0.410717
0.050432
-0.065975
-0.336396
-0.193171
-0.331947
0.448849
0.224793
-0.116124
-0.211243
0.231009
-0.093726
0.621204
-0.231631
0.214722
-0.286651
-0.126701
-0.022200
0.211623
-0.072987
0.303817
0.325298
0.196962
0.088909
0.384180
-0.007315
0.037084
0.187818
-0.132392
-0.520224
-0.069802
0.109453
-0.114734
-0.091128
-0.233414
0.450968
-0.292748
0.084123
0.199556
0.045440
-0.572775
-0.077070
0.326207
0.029965
-0.128551
-0.021742
0.331275
-0.193890
0.559036
-0.242598
-0.002986
0.163802
-0.274494
-0.147306
0.015947
0.092668
-0.026741
-0.326842
0.423894
0.127481
-0.097456
-0.477302
0.266097
-0.200395
-0.140013
0.169014
-0.476622
0.294780
0.055071
-0.116919
-0.341701
0.044730
-0.455985
0.065180
-0.006163
-0.063526
-0.101560
0.013777
0.001680
0.115293
0.507885
-0.014970
0.093704
0.149792
0.108030
0.108396
0.246626
0.491131
0.139175
-0.322400
0.246693
0.268211
0.067281
0.063569
0.210981
0.122920
0.191591
0.115144
0.227887
-0.033538
0.247760
0.117977
-0.158275
-0.005462
0.420153
-0.342899
0.279720
0.106257
0.297014
-0.374726
-0.207939
0.084983
-0.029661
0.188431
-0.174750
0.359028
-0.216090
-0.292397
0.007118
0.136003
-0.036115
-0.167480
0.599222
0.262193
-0.201894
-0.523117
-0.351600
-0.336544
-0.268995
0.115764
0.059417
0.110069
0.353677
-0.303184
-0.484199
0.199770
-0.189129
-0.043453
0.006307
-0.191709
-0.373526
0.053924
0.161653
0.131387
0.535846
0.104289
0.184275
-0.160305
-0.015795
-0.127313
-0.208651
0.142090
-0.288797
0.168699
0.044887
0.123892
0.331417
0.112656
-0.205800
-0.074067
-0.095527
0.016536
0.277088
0.112951
0.017381
0.042429
0.094960
0.084296
0.331544
-0.538116
-0.095121
-0.341289
0.260302
0.160770
-0.314234
-0.257674
-0.063908
-0.217562
0.320054
-0.013717
0.136279
0.870174
0.049342
-0.224013
0.082833
-0.394279
0.093711
0.324517
0.079531
-0.125767
-0.040946
-0.093739
0.083707
0.180223
0.250734
0.222604
-0.126108
0.508306
-0.703450
0.096945
-0.182867
-0.045440
-0.609651
-0.132230
-0.329896
0.244953
-0.187476
-0.229843
0.035358
-0.000089
0.560235
0.221251
0.124884
-0.299761
-0.018351
-0.356945
-0.065873
0.121195
-0.058530
-0.652090
-0.279547
-0.019614
-0.220590
0.048094
-0.136295
0.078793
0.208344
-0.215998
0.238042
0.037237
0.080848
-0.227984
0.131316
-0.095757
-0.195734
0.181765
-0.348166
0.206753
-0.052387
-0.048600
0.104951
-0.347610
0.167608
0.155417
0.271231
-0.525055
0.494167
-0.159504
-0.056091
-0.240228
0.077252
0.153447
-0.412159
0.237573
-0.023620
-0.404998
0.328782
-0.047870
-0.118808
0.224134
-0.465984
0.292097
-0.135704
