1
512
-0.333588
0.186743
0.224564
0.270517
-0.369997
-0.311248
0.306943
0.332455
0.726602
-0.680398
-0.594184
0.294902
-0.579052
0.364385
-0.046739
-0.740898
0.243108
1.153199
0.592897
0.135167
-0.173483
0.126232
0.322713
0.576712
-0.396724
0.276633
1.043339
-0.192634
-0.146821
0.603849
0.637796
0.425977
-0.098264
-0.251723
-0.281404
-0.426875
0.825651
-0.490992
0.611038
0.162975
0.388910
-0.502794
-0.571193
-0.819193
-0.499539
-0.365067
0.493456
-0.199908
0.346766
0.919792
-0.195846
-0.077439
-0.618077
1.344448
-0.339879
0.822573
0.259045
0.891297
0.195363
0.064582
0.419550
-0.660984
0.376373
-0.275385
-0.329967
-0.578819
1.328984
-0.935074
0.623657
-0.364333
0.102777
0.092293
-0.488098
-0.378475
0.777009
0.140569
0.805266
0.563219
0.584695
-0.331290
-0.012900
0.074891
-0.429991
0.661960
1.247087
0.176661
0.497013
-0.299169
-0.727592
0.242026
0.617040
1.283676
-0.371496
-0.226105
0.593330
0.367305
0.795943
-0.398915
1.109236
-0.156636
0.648333
-0.870816
0.224008
-0.714928
0.450259
0.772484
-0.498115
1.006864
0.541678
0.572209
0.989054
-0.356660
0.702074
-0.196915
0.631356
0.702869
0.568432
0.176732
0.840612
-0.707255
1.291377
0.004772
0.772349
-0.036776
0.421432
0.383254
0.426774
-0.218954
0.099643
0.629571
-0.468336
0.080170
1.053227
0.732575
-0.035131
-0.067301
-0.326147
-0.655678
0.455614
0.309920
0.720754
0.939412
0.320874
-0.425851
0.575516
0.572722
-0.227231
-0.394145
0.621446
0.752959
-0.484778
0.585952
0.927528
0.341948
0.679624
0.448510
0.540975
0.446600
-0.416779
0.658136
-0.596791
0.206325
-0.515165
0.504482
0.248086
-0.335185
1.186995
0.488400
0.649225
0.196218
0.967099
-0.062109
-0.041830
-0.275913
0.860386
-0.099857
-0.193139
0.488722
0.315916
1.429735
0.755864
-0.198617
-0.140386
0.100950
0.862185
1.989295
-0.282869
0.783007
-0.135471
-0.481089
-0.029975
0.473859
0.269248
0.358541
-0.620966
-0.013856
0.002195
1.179704
-0.445508
0.531904
-0.429393
-0.066611
-0.325528
0.315695
0.047500
0.760537
0.177656
-0.492272
-0.208501
0.510625
0.012245
-0.109759
0.425857
-0.068313
-0.380081
0.749279
0.344508
0.591540
0.403226
0.964767
0.239483
0.437920
0.745682
0.201371
-0.582693
-0.024989
0.817043
-0.196749
0.244427
-0.200702
-0.589511
0.485464
0.256614
-0.487098
0.003056
-0.068864
0.436423
0.562588
0.599241
-0.245917
-0.130093
-0.237738
0.148867
-0.515548
0.378738
0.261331
0.618882
0.744879
-0.049667
1.021996
-0.447776
-0.431206
0.609148
-0.735929
0.225353
0.989660
0.267977
0.518561
0.148192
0.385766
-0.443906
-0.130543
0.534463
0.253221
-0.452059
0.158180
-0.003389
0.046986
0.284174
0.264030
0.437928
0.251131
-0.076553
0.537729
0.175582
0.169507
-0.550880
-0.409180
-0.393048
0.194087
-0.134315
1.095611
-0.544148
0.795878
0.161518
0.805102
-0.566788
-0.004839
-0.448006
-0.481170
0.186884
0.453077
0.418848
1.255090
1.118970
-0.032100
0.182285
0.596179
0.399723
0.320322
0.169185
-0.172217
0.580736
0.024010
0.959593
0.277528
-0.539817
-0.261880
-0.525276
0.198274
0.266039
0.699272
0.566103
-0.030976
0.343840
-0.149086
0.742470
0.858884
-0.597800
0.643534
0.589791
0.135828
0.016093
-0.539942
-0.370541
0.276332
-0.239406
0.477580
0.387507
0.449133
1.316343
0.261374
-0.367386
0.902715
1.452948
-1.014638
0.576557
0.774356
0.517681
-0.284194
0.966846
0.567353
0.631701
0.617541
0.868597
0.668511
0.749935
0.240521
0.155664
-0.436036
0.262795
0.997262
-0.338479
0.446429
0.500330
-0.101207
0.588819
0.585079
0.647040
0.166239
0.709910
0.407083
-0.777667
-0.376097
0.660101
0.496358
0.971908
-0.417257
0.707307
0.302231
-0.381715
-0.042377
0.119477
-0.285067
0.175680
0.114299
0.376180
0.264111
0.745614
-0.529733
0.110876
0.889314
0.462978
-0.539156
0.911679
-0.696676
0.026271
0.081614
-0.620471
-0.290460
1.305634
0.369052
0.563533
0.533118
0.025834
0.035249
0.361908
0.712232
0.529251
0.252227
0.951508
-0.320523
0.718953
-0.788296
0.396354
-0.543427
0.196093
-0.350609
-0.280120
0.277183
-0.501483
0.349095
-0.017473
0.567024
-0.347909
0.213479
0.373232
0.872208
0.719518
0.498277
-0.381325
0.087980
0.495182
-0.301959
0.169196
0.097173
0.930905
0.143346
0.952585
0.184072
-0.467561
-0.898958
0.801288
0.451906
0.381028
0.217802
0.017046
-0.563264
0.291100
-0.081799
0.700037
-0.205601
1.066648
0.483917
-0.621872
0.461748
-0.072066
-0.306646
-0.498171
1.175955
0.619695
-0.173424
0.621668
0.447185
0.287340
-0.124733
-0.285272
0.088969
0.598488
0.324773
-0.446601
0.777227
0.451501
0.937242
0.055425
-0.326805
0.351948
0.646143
1.037603
0.021867
0.795796
0.801497
-0.043579
0.361699
-0.054339
0.504790
-0.443816
-0.102091
0.792973
-0.300174
0.784120
0.556795
-0.077482
0.102617
0.006962
0.179996
0.473461
0.654510
0.371378
0.186161
-1.163941
0.200790
0.462031
0.518790
-0.073941
0.038954
-0.420702
-0.263423
0.668520
-0.642071
-0.289112
0.210796
0.705791
1.557358
-0.002433
-0.453394
-0.364132
0.909110
-0.202142
0.727979
0.761785
-0.719035
