1
512
0.317264
0.567187
0.781466
0.548354
0.471896
0.708712
0.649942
0.686381
0.451757
0.601429
0.859934
0.424097
0.230691
0.424928
0.519527
0.414918
1.127998
0.339020
0.319979
0.203863
0.650168
0.608220
0.305921
0.438856
0.510005
0.119554
0.882167
0.069217
0.617533
0.659215
0.745746
0.593567
0.585068
0.423482
0.193248
0.538523
0.765882
0.517177
0.171459
0.569581
0.599037
0.071628
0.378449
1.023003
0.412372
0.503510
0.606189
0.882877
0.665456
0.434569
0.382311
1.457033
0.119713
0.380420
0.805681
0.665897
0.705428
0.302963
0.682950
1.104343
0.472615
0.665240
0.687134
0.543779
0.858005
0.559754
0.080871
0.765431
0.703515
0.683153
0.220267
0.434063
0.416819
0.387292
0.515599
0.349672
0.838493
0.370294
0.535245
0.628017
0.498315
0.388014
0.483634
0.392844
0.307523
0.672940
0.823221
0.279462
0.329756
0.929557
0.532275
0.492334
0.690441
0.231481
0.269525
0.296715
0.532297
1.285071
0.144513
0.505053
1.069335
1.414217
0.869107
0.613039
0.179749
0.091862
0.218362
0.744697
0.646926
0.662782
0.239711
0.420822
0.397800
0.551900
0.693840
0.792476
0.390833
0.496882
0.644856
0.830698
0.241118
0.486136
0.726264
0.431709
0.716338
0.406706
0.077420
0.635281
0.769124
0.703400
0.647286
0.407600
0.580725
1.143024
0.329337
0.607578
0.249270
0.400708
0.491599
0.730942
0.366787
0.459390
0.331757
0.579845
0.338449
0.432953
0.635122
0.493263
0.586835
0.465273
0.287526
0.443574
0.354586
0.790352
0.100986
0.772261
0.552423
0.604452
0.660116
0.351632
0.707034
0.533098
0.562769
0.467078
0.319492
0.762964
0.618294
0.359588
0.618333
0.581362
0.701295
0.717102
0.549567
0.433405
0.342631
0.609529
0.617520
0.369963
0.495245
0.725872
0.698073
0.201138
0.515938
0.429143
0.870187
0.452391
0.487147
0.357971
0.378267
0.167237
0.306108
0.609698
0.552615
0.417973
0.511119
0.483867
0.476964
0.298492
0.803568
0.183933
0.619124
0.632417
0.549830
0.103406
0.516315
0.925738
1.179662
0.883267
0.610137
0.373372
0.523058
0.329552
1.201473
0.071259
0.600436
0.567800
0.608219
0.521890
0.606918
0.444634
0.471665
0.677300
0.449804
0.441584
0.682262
0.933910
0.431260
0.658350
0.328255
0.320042
0.644245
0.292142
0.406817
0.636533
0.419224
0.677095
0.461760
0.525240
0.192565
0.639519
0.678528
0.461129
0.462272
0.773828
0.651653
0.237579
0.601859
0.049137
1.297485
0.902155
0.637128
0.612736
0.540035
0.018105
0.057089
0.605141
0.486914
0.319734
0.282480
0.499838
0.559470
1.318497
0.341029
0.650657
0.651807
0.505346
0.620401
0.659732
0.509346
0.558282
0.397969
0.605749
0.274946
0.462999
0.324567
0.747988
0.338035
0.219957
0.189110
0.344002
0.712588
0.070845
0.612594
0.400738
0.468659
0.638983
0.675582
0.703288
0.749438
0.688833
0.348425
0.225933
0.960894
0.384014
0.288704
0.542872
0.375278
0.557797
0.408709
0.064434
0.168995
0.491879
0.401881
0.764069
0.417115
0.659351
1.011413
0.259067
0.195617
0.772421
0.649431
0.490625
0.762244
0.868450
0.746495
0.515880
0.525749
0.639942
0.484492
0.511477
0.520796
0.491689
0.743063
0.609575
0.587890
0.534495
0.567564
0.762304
0.330100
0.567310
0.373683
0.412233
0.231853
0.455200
0.478001
0.233858
0.689656
0.448007
0.435388
0.452660
1.191352
0.493023
0.523620
0.386767
1.000681
0.855847
0.512853
0.617195
0.763031
0.457932
0.227617
0.606362
-0.059193
0.451955
0.751983
0.406551
0.755339
0.669693
0.759410
0.703594
0.384190
0.877467
0.285298
0.606035
0.651021
0.480686
1.120409
0.263551
0.777384
0.551136
0.425287
0.739016
0.319761
0.498302
0.772308
0.213386
0.175094
1.369167
0.292599
1.170640
0.285108
0.589157
0.505839
0.523858
0.673373
0.131448
0.820546
0.510015
0.741310
0.450696
0.321205
0.511604
0.699283
0.499432
0.379566
0.544009
0.721767
0.562666
0.790705
0.319622
0.328735
0.268843
0.420673
0.484848
0.432933
0.459805
0.681221
0.201318
0.725237
0.289895
0.363686
0.429069
0.644682
0.223838
0.534202
0.540513
0.573799
0.489805
0.296267
0.841479
0.783380
0.235865
0.822738
0.597429
0.513640
0.665580
0.409945
0.635886
0.714583
0.347569
0.780682
0.326380
0.454353
0.309170
0.508835
0.811990
0.546910
0.067998
0.593467
0.439666
0.559247
0.508296
0.775230
0.703559
0.370824
0.400889
0.366393
0.411913
0.418477
0.597873
0.784750
0.705216
0.583110
0.731751
0.346446
0.437975
0.410341
0.295816
0.588832
0.682739
0.787340
0.383646
0.548894
0.693059
0.781813
0.333377
0.329130
-0.073763
0.398622
0.875962
0.481150
0.680343
0.494607
0.440674
0.647695
0.519529
0.545013
0.297548
0.234723
0.495336
0.503517
0.383253
0.598195
0.644958
0.342283
0.450455
0.552086
0.479968
0.168036
0.590537
0.368156
0.486735
0.781006
0.616665
0.430203
0.521426
0.768243
0.334762
0.036934
0.576099
0.627040
0.414831
0.436291
0.458620
0.810966
0.485409
-0.005145
0.583673
0.567660
0.620625
0.433772
0.589359
