1
512
0.171768
-0.076226
0.033140
0.276601
-0.082933
0.056280
0.074861
-0.246637
0.081015
0.144114
0.192279
-0.087569
0.041237
0.100844
0.291119
0.122390
-0.533401
-0.148221
-0.202103
-0.003950
0.201618
0.006327
-0.095880
-0.101132
0.050160
0.096799
0.042195
0.032558
0.110981
-0.311260
0.374244
0.078664
0.085363
-0.042910
0.024118
-0.591595
-0.051149
0.198187
-0.174053
0.190895
0.127228
-0.156549
-0.041479
-0.191167
0.041020
0.014277
-0.327831
-0.029108
0.127909
0.005333
-0.098144
0.161834
-0.142803
0.181641
0.283023
-0.037834
0.067346
0.031244
-0.125461
0.071653
-0.270953
0.307628
-0.078204
-0.041942
0.140392
-0.048214
0.068377
0.074421
0.046506
0.059382
0.022528
-0.066636
0.139236
0.033797
0.038542
0.102535
0.506541
-0.090325
-0.082212
-0.179552
-0.009071
0.071753
0.323427
-0.023173
-0.095829
-0.035250
-0.061641
-0.306475
0.298816
-0.314333
0.250630
-0.067473
0.376275
-0.123161
-0.018397
0.366419
0.243669
-0.271364
0.147014
0.291033
0.356921
0.320062
-0.639845
-0.071829
0.041063
-0.139774
-0.044859
-0.135309
0.367310
-0.230233
0.291199
0.174929
0.175169
0.033313
-0.064940
0.249115
0.042801
0.150022
0.115420
0.100852
0.113168
0.007924
-0.114409
0.378746
-0.029307
0.319619
0.143064
0.344621
0.120247
-0.098069
0.304404
-0.074973
-0.169524
-0.116134
0.038700
-0.361382
0.016287
-0.282740
-0.101435
0.050942
0.447908
-0.155295
-0.129206
-0.099450
0.004997
-0.064725
-0.111707
-0.238489
0.016491
-0.176294
-0.060429
0.035418
0.033001
-0.139310
0.026281
-0.259854
0.129351
-0.299090
0.055698
0.111152
-0.287545
-0.045394
0.197931
0.133839
0.296421
-0.171108
0.101492
0.359735
0.126552
-0.035262
-0.252290
-0.247294
0.524619
0.036747
0.286164
0.044765
-0.242084
0.173872
0.117730
-0.301852
0.078896
0.188098
-0.011454
-0.162313
0.454015
-0.230332
0.141809
-0.060219
-0.222037
-0.413801
0.089676
0.038491
-0.369865
-0.174129
0.018060
0.004005
0.235976
-0.232289
-0.197199
-0.071568
0.023803
-0.087946
-0.219025
0.081926
0.344621
0.025304
0.041701
0.051674
0.132551
0.107463
0.073581
-0.315327
-0.005966
-0.186612
0.010470
0.022622
0.273332
-0.086895
-0.044188
0.424857
0.162243
-0.062447
0.015630
0.133554
-0.096301
0.421953
0.190406
-0.035098
-0.095663
0.151044
0.080570
-0.007243
0.211853
-0.045063
0.013466
-0.005751
-0.164433
-0.008380
-0.071801
-0.126753
0.322178
-0.010289
0.307268
0.328419
-0.044451
0.041309
-0.039372
-0.131644
-0.063118
0.195518
-0.114678
0.068644
0.078286
0.232844
0.122747
-0.278834
-0.346656
0.199632
0.244523
-0.160588
-0.021657
-0.575356
-0.042082
0.013439
0.130773
-0.096843
0.124488
-0.146614
0.160832
-0.203599
-0.042478
-0.223550
-0.175598
-0.412957
0.113350
-0.150659
-0.190474
0.018473
0.484335
-0.033779
-0.326384
0.023796
0.178532
0.220121
-0.401444
0.442963
-0.085575
0.075879
-0.044164
0.564416
0.017501
-0.152109
-0.123123
0.325889
-0.032241
-0.500213
0.022929
-0.460434
0.347653
0.016224
-0.061335
0.175129
0.182318
-0.044864
-0.006096
0.174435
0.321549
-0.123557
0.077739
-0.200240
0.416353
-0.079495
0.008064
0.093305
-0.293404
0.449278
-0.268729
0.080609
-0.129554
-0.167890
0.277979
0.116992
-0.295224
-0.224035
0.060347
0.223708
-0.228282
0.040864
0.142656
-0.182428
0.027373
-0.144042
-0.244871
-0.171209
-0.138147
-0.176147
-0.260475
0.005231
0.064498
-0.135376
-0.074453
-0.049208
-0.334843
-0.265761
-0.141862
-0.053504
-0.072204
-0.120992
-0.205833
-0.026446
-0.180556
-0.037208
0.004040
-0.621090
0.290586
-0.434382
-0.045512
-0.217084
0.255262
-0.045112
-0.222294
0.055876
-0.169132
-0.264257
-0.172139
0.072861
0.027815
-0.083401
-0.184329
-0.069876
0.055743
-0.623258
-0.225249
0.106374
0.421182
-0.072514
0.183439
0.287197
0.009478
-0.147279
-0.166004
0.093774
-0.151530
0.507441
-0.334725
-0.163423
-0.207052
-0.015322
0.242714
-0.009534
-0.165114
-0.056412
-0.158823
0.006880
-0.224004
0.029762
0.225730
0.009889
-0.010738
0.318644
0.001601
-0.029075
0.004647
-0.018608
-0.245125
-0.081624
-0.001626
0.390007
0.068772
0.056447
-0.250128
-0.327416
-0.228735
-0.013027
-0.020473
0.037506
0.068614
-0.195300
0.509398
0.126011
0.132828
-0.308750
0.005032
0.198041
-0.178725
-0.099325
0.258611
0.264776
0.038178
-0.018849
-0.377811
-0.101633
-0.013165
-0.016848
0.244277
0.082351
-0.247783
0.109534
-0.072534
-0.260150
-0.270496
-0.136656
-0.111377
-0.206437
-0.004831
0.169809
-0.414475
0.372486
-0.152403
0.161049
0.115569
0.200577
0.028503
0.263728
-0.133416
0.564012
0.066728
-0.057530
0.020880
-0.231195
-0.163137
-0.090132
-0.060019
-0.133701
0.268262
-0.042757
-0.145537
-0.048081
0.336391
0.355113
0.024530
-0.175298
-0.058373
-0.241841
0.092193
-0.231887
0.296207
0.333193
-0.068154
-0.026999
0.262503
0.052404
0.212042
0.264768
-0.039907
0.174762
0.068830
-0.091342
-0.028403
-0.019172
0.160351
-0.103427
0.142099
-0.097251
0.552972
-0.372880
-0.153793
-0.027939
-0.094084
0.108905
-0.089827
0.440523
-0.255423
0.221405
0.276188
-0.218381
0.033227
-0.046768
-0.286547
-0.147792
-0.415863
-0.117565
