1
512
1.178663
0.041151
0.382748
0.563969
0.397010
1.046166
0.381165
0.495956
-0.205281
0.941245
1.252180
0.751916
1.376698
0.567853
0.539138
1.147030
0.296880
0.526041
0.353671
0.139375
0.396987
0.624709
0.612231
0.194565
0.735932
0.292835
0.304146
0.511671
0.890467
0.337112
0.035834
0.221982
0.458332
1.159741
0.394024
0.833792
0.274703
0.628234
0.023183
0.486689
0.303492
1.136847
1.014811
0.484355
0.860177
0.581225
0.206771
0.404597
0.221279
0.293512
0.780431
1.254100
0.743601
0.376102
0.871110
0.546994
0.347704
0.548143
0.119967
0.298399
0.320024
0.822116
0.166952
0.787918
0.585888
0.932494
0.357620
1.299742
0.370090
0.585336
0.416429
0.309343
0.806080
0.927242
0.371331
0.259350
0.243720
0.429274
-0.018114
0.344485
1.157762
0.661899
0.579385
0.256885
-0.181192
0.278869
0.114274
1.106312
0.624904
-0.008066
0.468092
-0.520607
0.580624
0.789661
0.636293
0.280759
0.743981
0.392703
0.122207
1.045890
0.436431
0.829182
0.515830
0.945163
0.262301
0.460098
1.177434
0.269832
0.139252
0.105997
0.047866
0.582949
0.354077
0.277921
0.563659
-0.009867
-0.170966
0.412987
0.191821
1.135754
0.346641
0.297742
0.034047
1.238309
0.346597
0.235283
-0.181515
0.989344
0.270695
0.032304
0.504010
0.590308
0.342299
0.294115
0.319719
0.899222
1.125131
0.753435
0.207420
0.157308
0.308260
0.457094
0.205208
1.174375
0.146170
0.308491
1.163679
0.819633
0.229966
0.570036
1.350775
0.457136
0.131921
0.116307
0.075867
0.381587
0.058667
0.744473
0.656331
0.792996
1.305516
0.507773
0.835146
-0.223148
0.271053
0.493419
-0.725820
0.439784
0.247581
0.462395
0.216455
0.515857
0.074397
0.304237
0.381329
0.334634
1.285161
0.224091
0.363728
-0.899526
0.185380
0.293705
0.077416
0.348254
0.264655
-1.093777
0.724156
0.606990
0.183143
0.986910
0.574821
-0.117018
0.205815
0.246016
0.712141
0.260528
0.550708
-0.290590
0.972052
0.734660
0.708186
0.403113
0.561736
0.475401
0.529827
0.249957
0.096584
1.085472
0.316182
0.316497
0.156695
0.447321
0.070384
0.303027
1.125765
0.017689
0.105243
0.253925
-0.144903
0.067763
0.229496
0.329320
0.118439
0.469643
0.725308
0.443173
-0.269072
0.580938
0.155318
0.966968
1.401905
0.227429
0.275278
0.541237
0.167285
0.766463
0.487479
0.082825
0.558833
0.624301
0.542163
0.632354
0.500265
1.227277
0.563375
0.036391
0.457325
0.132091
0.489902
0.242919
0.728965
0.920186
0.255810
0.116135
0.658718
0.205699
0.255855
0.346659
0.224980
0.120144
0.839109
0.340368
0.460699
0.059489
0.700636
0.474224
0.190621
-0.068995
0.324924
0.245883
0.107555
0.340619
0.804244
0.178849
0.317832
0.182280
0.533299
0.424150
0.761085
0.444242
0.763723
0.221275
0.533352
0.323135
0.356309
0.024698
0.572365
0.743668
0.815966
1.223421
0.275002
0.572100
0.311358
-0.500198
0.201146
0.397233
0.393195
-0.346215
0.199229
0.503803
0.587325
0.838447
0.019753
0.782852
0.203790
0.116538
0.591202
0.740960
0.950906
0.179116
0.236314
-0.017181
0.408457
0.475475
0.303089
0.440690
0.111580
0.199473
1.321494
0.279398
0.284096
0.234542
0.409448
0.695870
0.352229
0.516859
0.935168
0.243150
0.457950
0.122794
-0.533635
0.366784
1.193560
0.649834
-0.568723
1.492586
0.014047
0.346222
0.354625
1.209714
0.640463
0.628760
0.403016
0.425291
0.214420
0.364341
0.192948
0.084379
0.132175
0.530402
0.561520
0.634760
0.939241
0.078060
0.515152
0.551837
0.429367
0.179740
0.278318
0.344700
0.151988
0.244721
1.170604
1.137452
0.258635
0.677866
0.162114
0.805275
0.124798
0.540416
0.965245
0.442614
0.444368
0.595991
0.536034
0.110149
-0.121917
0.442433
0.481889
0.756765
0.110777
0.388606
0.410884
0.824003
0.491073
0.945386
0.364386
0.261133
1.022788
1.362907
0.105155
0.179677
0.417223
0.341539
0.473738
1.121005
0.488462
0.364442
0.441724
0.255943
0.290704
0.996882
0.297084
1.361984
0.171224
0.738620
0.661561
1.195162
0.953445
0.440234
0.849405
-0.083950
1.004257
0.234863
1.401242
0.522404
0.328074
0.560355
-0.057305
0.156644
0.878338
0.531583
0.178811
1.371309
0.378892
0.161668
0.015183
0.552338
0.276700
0.241487
0.728583
0.824977
0.273256
-0.008288
0.182470
0.518889
0.567585
1.135842
0.352157
0.480040
-0.139672
0.539445
0.338795
0.435458
0.689825
0.614462
1.001394
0.638127
0.944435
-0.061342
0.018053
0.467041
0.322282
0.302966
0.078375
0.831561
0.586768
0.190907
0.197667
0.226133
0.562681
0.212965
0.136788
0.174946
0.534413
0.777241
0.172345
-0.042329
-0.094130
0.347136
0.034473
0.301999
0.367956
0.583577
1.170999
-0.092776
1.180508
0.337090
0.154950
0.539474
0.185395
0.357153
0.689749
0.493411
0.445546
0.360855
0.302809
0.408173
0.624652
0.049506
0.599527
0.551354
0.315217
0.186550
0.772154
0.483369
1.395962
0.892202
0.216741
0.698061
0.949012
0.520245
0.242919
-0.608902
0.408128
1.391966
0.598845
0.126629
0.535781
0.086584
0.470879
0.975842
