1
512
-0.415262
-0.335805
-0.335929
-0.144217
-0.364482
-0.451847
-0.150105
0.093471
-0.475659
-0.317970
-0.448284
-0.357990
-0.098263
-0.679768
-0.554242
-0.370047
-0.358051
-0.450602
-0.417885
-0.405998
-0.468441
-0.269308
0.179130
-0.323415
-0.468994
-0.881073
-0.264893
-0.733818
-0.072537
-0.508512
-0.058496
-0.332713
-0.367056
-0.270189
-0.564406
-0.508034
-0.054749
-0.471557
-0.177433
-0.660221
-0.091191
-0.553811
-0.347454
-0.218394
-0.485007
-0.107492
-0.325631
-0.507684
-0.200928
0.045666
-0.316259
-0.592273
-0.658675
-0.354359
-0.067211
0.137612
-0.187008
-0.488490
-0.133295
-0.467873
-0.141320
0.451870
-0.004712
-0.570894
-0.192073
-0.118386
-0.308416
-0.093993
-0.287055
-0.192689
-0.006834
-0.330994
-0.516428
-0.324905
0.467410
-0.253278
-0.364560
0.114594
-0.350017
-0.403444
-0.108250
-0.433480
-0.160260
-0.372133
-0.132190
0.060848
-0.261859
-0.398771
-0.282916
0.024113
-0.435849
-0.199209
-0.388124
0.340647
-0.538474
-0.334698
-0.269890
-0.827173
-0.418947
-0.523172
-0.572934
-1.180513
-0.074475
0.186268
-0.136678
-0.296147
-0.281405
-0.422910
0.185198
-0.458486
-0.101826
-0.112359
-0.134621
-0.341741
-0.017883
-0.073581
0.230541
-0.080888
-0.294490
-0.421727
-0.792226
-0.216677
-0.539726
-0.077648
-0.155303
0.066994
-0.970280
-0.379270
-0.298792
-0.343430
0.043339
-0.143490
-0.099103
-0.345809
-0.162344
0.006573
-0.344068
-0.262741
-0.325613
-0.253700
-0.582046
-0.227681
-0.477784
0.020546
-0.344435
-0.605099
-0.746914
0.055785
-0.001921
-0.096696
-0.179242
-0.446549
-0.137496
0.106330
-0.183922
-0.396647
-0.347717
-0.128956
-0.030764
-0.138329
0.028176
0.016150
-0.127746
0.117999
-0.520367
-0.350342
-0.483498
-0.103707
-0.439893
-0.419394
-0.156057
-0.296734
-0.190028
-0.231620
-0.158909
-0.477939
-0.021421
-0.473090
-0.664205
-0.029273
-0.183625
-0.264063
-0.154593
-0.211708
-0.340450
-0.021538
-0.537259
-0.264934
-0.534467
-0.466819
-0.159475
0.206979
-0.208513
-0.593020
0.281581
-0.149516
-0.194377
-0.581176
-0.282344
-0.082947
-0.588308
-0.023285
-0.468531
-0.303310
-0.521878
0.225203
-0.626510
-0.066211
-0.238077
-0.556804
-0.579045
-0.015458
0.199041
-0.235662
-0.037880
-0.353738
0.736718
-0.079763
-0.049706
-0.383792
-0.421883
0.011010
-0.385333
-0.043716
-0.349452
-0.124243
-0.239836
-0.524898
-0.424812
-0.501330
-0.185502
-0.144786
0.293463
-0.589338
-0.172820
-0.315622
-0.057141
0.063916
-0.063842
-0.101158
-0.141681
-0.168219
0.222603
-0.379113
-0.084815
-0.369606
-0.150433
-0.186494
-0.672953
-0.076782
0.058441
-0.122902
-0.239475
-0.716908
-0.019226
-0.211971
0.026157
-0.032319
0.091743
-0.084480
-0.225258
0.207506
-0.096962
0.086930
-0.248072
-0.384460
0.247496
-0.055460
-0.129244
-0.243381
-0.245110
-0.288224
-0.320387
-0.336354
-0.239338
-0.360002
-0.506179
-0.560913
-0.160971
-0.326148
-0.162423
-0.440946
-0.289061
-0.038150
0.027532
-0.376765
-0.425903
-0.587288
-0.088394
0.133277
-0.270588
-0.177880
-0.140714
-0.172390
0.079985
-0.270683
-0.412789
-0.309728
-0.145267
-0.313136
-0.620631
-0.158303
-0.040831
-0.220418
-0.341493
-0.039737
-0.115849
-0.625463
-0.437169
-0.356056
-0.158498
-0.393681
-0.222972
-0.131885
-0.260799
-0.268055
0.017435
0.109062
-0.012733
-0.019005
0.023759
-0.049324
-0.250666
-0.207271
-0.025760
-0.446059
0.087928
-0.260370
-0.081285
-0.201931
-0.656486
-0.053882
-0.418850
-0.173080
-0.234738
-0.619222
-0.486173
-0.155869
-0.561251
0.304348
-0.685542
0.074053
-0.457077
-0.274527
-0.226306
-0.239290
-0.531947
-0.362932
-0.157348
-0.283621
-0.277252
-0.132142
-0.444771
-0.347181
-0.373949
-0.391062
-0.221005
-0.489480
-0.045606
-0.316209
-0.379251
0.254582
-0.603038
-0.149328
0.484307
-0.486318
-0.412474
-0.326746
0.074303
-0.461051
-0.493909
-0.492613
0.071767
-0.310487
-0.025517
-0.673512
-0.265847
-0.736507
-0.190755
-1.017994
-0.461076
-0.204493
-0.088834
-0.497975
-0.287656
-0.326640
-0.144636
-0.317586
-0.053916
-0.363661
-1.084159
-0.184896
-0.335499
0.356934
-0.575885
0.231940
-0.421615
-0.273726
-0.302975
-0.051288
-0.061640
-0.288457
-0.351697
-0.684612
-0.403829
-0.043342
-0.184824
-0.302162
-0.291542
-0.499053
-0.324076
-0.166200
-0.222532
-0.128743
-0.035569
0.150995
-0.013251
-0.538050
0.048886
-0.034071
-0.403613
-0.537588
-0.358620
-0.157795
-0.652273
0.044029
-0.463200
-0.024711
-0.120225
-0.555465
-0.169909
-0.262007
-0.166461
-0.166926
-0.106264
-0.011314
-0.239884
-0.946452
0.214233
-0.070743
-0.294520
-0.272524
0.247257
0.043782
0.145077
-0.193557
-0.163996
-0.026158
-0.634896
0.239459
-0.148036
-0.253457
-0.183246
-0.431308
-0.276070
-0.195213
-0.457066
-0.325166
-0.083698
-0.139192
0.016167
-0.165152
-0.137034
-0.219410
-0.288272
-0.384588
-0.100460
-0.283306
-0.127315
-0.416562
-0.637877
-0.179468
-0.115040
0.083466
0.022551
-0.192950
-0.076172
-0.466805
0.037269
-0.403810
-0.287310
0.104045
0.056986
0.205733
-0.091564
0.018279
-0.457704
-0.250255
-0.747719
-0.202281
-0.371904
-0.280496
-0.009361
-0.507388
0.085367
-0.603215
-0.273788
-0.258583
-0.873910
0.019185
-0.034077
-0.362616
-0.398214
-0.183999
-0.061919
0.003118
-0.057060
-0.380625
-0.350676
-0.452133
-0.513050
0.062681
