1
512
-0.463424
-0.734558
-0.762402
-0.699575
-0.467992
-0.329031
-0.750490
-0.719092
-0.530246
-0.504234
-0.346618
-0.737629
-0.243814
-0.542094
-0.663629
-0.400234
-0.435614
-0.618436
-0.408868
-0.248924
-0.412667
-0.352911
-0.425635
-0.516894
-0.745583
-0.598238
-0.551714
-0.606044
-0.238383
-0.729780
-0.628135
-0.417838
-0.633829
-0.554380
-0.462452
-0.599033
-0.319363
-0.527176
-0.616196
-0.612383
-0.583099
-0.456150
-0.472299
-0.397920
-0.490916
-0.470081
-0.446132
-0.542022
-0.525865
-0.782747
-0.608075
-0.438883
-0.612651
-0.514386
-0.504772
-0.539558
-0.442390
-0.200389
-0.648215
-0.590109
-0.276893
-0.368192
-0.255453
-0.429838
-0.466485
-0.335676
-0.532537
-0.287456
-0.605119
-0.637958
-0.492048
-0.536740
-0.538976
-0.290467
-0.470607
-0.425370
-0.871343
-0.387824
-0.437237
-0.640702
-0.510602
-0.497337
-0.582759
-0.192642
-0.533105
-0.439766
-0.409615
-0.688757
-0.491910
-0.458161
-0.585702
-0.414835
-0.681909
-0.223411
-0.351950
-0.524000
-0.603735
-0.319907
-0.320197
-0.557493
-0.822873
-0.669097
-0.464449
-0.523546
-0.354826
-0.634386
-0.644230
-0.242714
-0.801288
-0.698022
-0.545569
-0.398482
-0.660985
-0.561645
-0.506199
-0.834364
-0.504362
-0.643216
-0.246779
-0.435169
-0.659410
-0.437760
-0.396024
-0.563579
-0.954666
-0.306595
-0.728407
-0.496671
-0.363648
-0.506076
-0.896387
-0.685968
-0.507238
-0.587397
-0.484080
-0.490873
-0.475529
-0.592094
-0.492060
-0.603819
-0.944390
-0.593929
-0.577793
-0.431299
-0.594898
-0.420327
-0.557767
-0.408231
-0.665266
-0.764679
-0.593335
-0.640260
-0.437954
-0.585085
-0.508038
-0.307319
-0.474661
-0.585500
-0.345497
-0.700268
-0.493523
-0.668990
-0.702499
-0.521539
-0.855924
-0.578444
-0.561413
-0.587821
-0.655593
-0.390646
-0.680821
-0.353974
-0.628622
-0.440984
-0.523699
-0.597548
-0.538392
-0.590002
-0.459530
-0.536418
-0.219788
-0.641805
-0.774473
-0.744781
-0.609805
-0.616303
-0.562990
-0.579551
-0.359279
-0.328202
-0.489113
-0.618164
-0.649209
-0.831368
-0.333751
-0.634655
-0.603213
-0.550533
-0.631107
-0.422287
-0.843210
-0.260774
-0.339775
-0.472455
-0.860432
-0.587346
-0.619990
-0.445528
-0.528748
-0.683474
-0.590365
-0.275883
-0.365324
-0.291893
-0.412000
-0.562913
-0.697782
-0.449439
-0.551019
-0.821906
-0.649226
-0.646401
-0.602159
-0.433742
-0.481690
-0.849163
-0.665242
-0.643074
-0.315715
-0.552167
-0.753025
-0.388358
-0.575618
-0.467259
-0.411488
-0.422796
-0.272629
-0.748516
-0.293296
-0.393209
-0.828350
-0.427443
-0.744114
-0.575405
-0.695252
-0.329382
-0.421710
-0.620699
-0.650720
-0.367957
-0.373554
-0.411121
-0.823748
-0.750890
-0.466969
-0.573160
-0.404623
-0.958392
-0.378282
-0.522301
-0.704532
-0.261004
-0.644195
-0.503519
-0.822280
-0.310273
-0.557949
-0.501600
-0.395008
-0.337375
-0.457091
-0.566508
-0.493539
-0.357999
-0.573395
-0.521247
-0.367165
-0.540469
-0.960906
-0.576159
-0.391312
-0.419795
-0.557250
-0.582072
-0.344129
-0.886958
-0.395537
-0.365258
-0.605960
-0.888895
-0.609604
-0.565717
-0.406723
-0.659434
-0.645214
-0.413649
-0.379575
-0.444819
-0.629112
-0.523817
-0.351261
-0.598668
-0.513964
-0.649212
-0.462409
-0.569278
-0.743235
-0.281607
-0.455678
-0.619049
-0.620213
-0.589802
-0.698385
-0.614763
-0.570825
-0.750960
-0.377460
-0.464408
-0.612666
-0.614566
-0.513282
-0.672081
-0.572523
-0.281420
-0.263362
-0.731067
-0.572091
-0.584274
-0.596020
-0.365553
-0.642994
-0.313910
-0.613150
-0.352431
-0.400434
-0.601033
-0.468993
-0.550881
-0.475617
-0.383455
-0.467102
-0.225400
-0.579112
-0.518217
-0.431669
-0.695231
-0.518789
-0.401272
-0.542113
-0.546996
-0.744459
-0.277516
-0.520278
-0.317660
-0.430798
-0.363785
-0.551592
-0.487449
-0.741906
-0.726390
-0.734029
-0.516772
-0.579117
-0.575565
-0.501191
-0.578498
-0.335779
-0.432256
-0.448370
-0.368990
-0.363389
-0.324640
-0.440573
-0.766629
-0.596232
-0.698647
-0.647669
-0.617513
-0.560572
-0.663777
-0.344842
-0.161489
-0.424018
-0.777962
-0.365482
-0.665538
-0.540817
-0.539494
-0.944457
-0.640836
-0.292150
-0.410998
-0.377659
-0.354841
-0.271360
-0.501639
-0.457846
-0.380991
-0.617404
-0.411115
-0.426394
-0.405449
-0.218907
-0.599693
-0.533052
-0.277110
-0.527938
-0.638503
-0.431823
-0.631646
-0.293806
-0.599341
-0.620969
-0.584708
-0.281609
-0.287277
-0.586941
-0.629289
-0.600903
-0.495567
-0.492058
-0.376567
-0.483225
-0.625055
-0.564950
-0.639639
-0.967179
-0.410178
-0.464492
-0.466629
-0.402097
-0.508713
-0.781148
-0.461838
-0.792288
-0.485888
-0.649886
-0.256287
-0.716574
-0.504687
-0.420576
-0.355787
-0.535007
-0.689918
-0.504198
-0.702251
-0.553970
-0.653463
-0.482130
-0.666636
-0.490491
-0.903462
-0.601742
-0.409499
-0.290270
-0.877185
-0.607282
-0.371074
-0.534710
-0.203006
-0.441194
-0.399577
-0.493794
-0.497370
-0.794748
-0.636659
-0.466002
-0.345945
-0.806131
-0.800604
-0.445306
-0.788613
-0.780552
-0.536538
-0.675029
-0.527145
-0.809401
-0.650933
-0.585333
-0.445853
-0.623934
-0.467502
-0.527340
-0.292613
-0.371822
-0.531078
-0.320633
-0.438446
-0.572550
-0.464018
-0.788925
-0.393809
-0.873666
-0.843005
-0.729612
-0.010458
-0.676719
-0.618073
-0.667420
-0.571095
-0.605526
-0.653001
-0.520653
-0.358419
-0.978295
-0.487214
-0.404151
-0.746694
-0.614661
-0.675086
-0.510522
-0.456137
