1
512
-0.135566
-0.289940
-0.059229
-0.197625
-0.054975
0.023415
-0.171456
-0.064779
-0.331569
0.261863
-0.237666
-0.455932
0.068241
-0.778538
0.305482
-0.075038
0.026663
-1.492786
-0.237013
-0.254453
0.120739
-0.304493
-0.387902
-0.560500
-0.413012
-0.487920
-1.431681
-0.085724
0.159278
0.104020
-0.065319
-0.225892
-0.111800
-0.037416
0.245683
0.002359
-1.098995
0.170600
-0.489211
0.229273
0.228054
0.057101
-0.335616
0.145632
-0.300918
-0.166721
-0.275190
0.123090
-0.013158
-0.532025
0.439613
0.073457
0.244205
-1.691149
-0.253328
-0.877052
-0.177511
-1.104919
-0.087478
0.065810
-0.158396
-0.269402
-0.622215
-0.158984
-0.101279
-0.251166
-1.001323
-0.006497
-0.286071
0.254050
-0.024706
-0.159323
-0.045413
-0.244099
-0.732533
0.030548
-0.634102
-0.143311
-0.302473
-0.026784
-0.194082
-0.295441
-0.007066
-0.210959
-1.526860
-0.333185
-0.162985
-0.121635
-0.138013
-0.154218
-0.324312
-0.174725
0.010183
-0.048993
-0.621471
-0.272540
-0.821881
-0.049588
-1.563487
-0.083762
-0.417270
-0.151770
-0.103849
0.247119
-0.916069
-0.563788
0.141527
-0.755060
-0.505801
-0.541427
-0.221555
0.027324
-0.445459
0.014095
-0.568104
-0.192491
-0.017091
-0.361334
-0.542157
0.081887
-1.542407
-0.036932
-0.138180
-0.108411
0.056558
-0.094898
0.061809
0.017360
-0.348940
-0.567922
0.259680
-0.081846
-1.695977
-1.154098
-0.290169
-0.375777
-0.341887
0.048799
-0.428715
-0.155152
-0.371562
-0.833780
-0.211669
-0.048167
-0.166541
-0.926166
0.059617
-0.121192
-0.504478
-0.320956
-0.160207
-0.224547
-0.223719
-0.406352
-0.508353
-1.065626
-0.056853
-0.610144
-0.027760
-0.813479
0.139836
-0.379266
-0.034446
-0.643460
-0.773524
-0.141839
-0.374936
-0.352303
-0.109060
-0.240899
-0.736302
0.217981
-0.265689
-0.317999
-0.994508
0.097700
-0.063027
0.085356
-0.258222
-0.611606
-0.624327
-0.186876
0.033321
-0.248306
-1.227971
-0.559703
-0.235135
-0.736884
-0.174413
-0.108297
-0.116611
-0.491284
-0.034798
-0.490372
0.236637
-0.044937
0.164658
-0.888787
-0.385691
0.016349
-0.017691
-0.314987
0.096812
-0.165753
0.117885
-0.527258
-0.335838
-0.058216
0.205438
-0.192116
-0.105388
0.167919
-0.170120
0.148918
0.018512
-0.628604
0.074382
-0.606895
0.033844
-0.909680
-0.136468
-0.169643
-0.444775
-0.244573
0.098760
-0.341506
0.078921
-0.329667
-0.041826
-0.367892
0.099303
-0.072658
-0.207837
-0.206528
-0.177053
-0.283030
-0.321504
-0.221555
0.108796
-0.372397
0.045894
-0.328250
-0.109495
-0.039995
-0.274141
-0.266816
-0.419151
0.126061
0.213027
-0.869391
-0.008196
-0.201268
-0.565744
-0.296116
-0.602819
-0.837200
-0.053653
0.100300
-0.030707
-0.442651
-0.081213
0.394132
-0.316817
0.072581
-0.425740
0.075286
-0.146209
-0.122562
-0.234747
-0.289985
0.179806
-0.057375
-0.039587
-0.428790
-0.100228
-0.062579
0.035504
-0.031020
-0.205972
0.119726
-0.051277
-0.750799
-0.050837
-0.663091
-0.046920
0.023574
-0.244073
0.406520
-0.061411
0.178411
-0.066105
-0.251349
-0.675051
-0.247833
-0.524593
0.245090
-0.334656
-0.417912
-0.657806
-0.438692
-0.379751
-0.048755
-0.244559
-0.171474
-1.034519
-0.042707
-0.181624
-0.349781
0.184768
-0.311981
-0.008508
-0.753351
-0.082501
-0.326831
-0.113671
-0.200678
-0.165570
-0.410635
-0.131866
-0.492290
-0.242988
0.281300
-0.177556
0.091844
-0.389122
-0.205443
0.162251
-0.257085
-0.440251
-0.379958
-0.529609
-0.037446
0.022647
-0.516764
-0.371163
0.282998
-0.351810
-0.285164
-1.213911
-0.091810
-1.573766
-0.209625
-0.439719
-0.521757
-0.473637
-0.398594
-0.252391
-0.066407
-0.070592
-0.091572
-0.233722
-1.570319
0.014424
0.072415
-0.422788
-0.115044
-0.452641
-0.150416
-0.223881
-0.178878
-0.150628
-0.235441
-0.227705
-0.091722
-0.529754
-0.296750
-1.114513
0.213535
-0.804106
-0.543978
-0.208806
-0.013530
-0.072945
-0.239906
-0.106913
-0.080841
-0.197975
0.007298
-0.797214
-0.119035
0.277298
-1.147386
-0.453771
0.117262
-1.527298
0.180451
-0.133660
-0.079950
-0.185953
-0.248901
-1.064973
-0.094476
-0.539945
-0.593995
-0.179400
-0.004149
-0.363752
-0.628599
-0.077931
-0.151827
-0.904743
-0.034073
-0.503484
-0.135916
-0.133606
-0.123636
-0.153726
0.235158
-0.243046
-0.122619
0.165926
-0.116419
-0.057893
-0.467228
0.003975
0.024179
-0.255922
-1.068468
0.215998
-0.849397
0.073267
-0.119379
0.224381
-0.098200
-0.133959
-0.200424
-0.585749
-0.099845
-1.105508
-0.078282
0.107154
0.201842
-0.272326
-0.011563
-0.239349
0.004479
0.100947
-0.232930
-0.547311
0.017323
-0.282710
0.103379
-0.832689
0.063095
0.159809
-0.353356
-0.087933
-0.464231
-0.013398
-0.551669
-0.377679
0.072040
-0.175144
0.017697
-0.665079
-0.180615
0.059235
-0.195710
-0.344000
-0.140912
-0.122568
-0.341357
-0.193126
-0.587787
-0.185215
0.282032
-0.134501
0.168921
-0.539050
0.126291
-0.363839
-0.848599
-0.144092
-0.616964
-0.079365
-0.233040
0.108234
0.143866
-0.308648
0.164741
-0.514493
-0.265806
-0.296826
-0.377058
-0.086274
-0.226979
-0.086055
-0.247539
-0.062814
-0.119629
-0.107799
-0.017289
0.154524
0.076595
-0.288556
0.096935
-0.166573
-0.196475
-0.124597
-0.062427
-0.547201
-0.350742
-0.668080
-0.309877
-0.096852
-0.122215
0.160037
-0.793618
-0.026133
-0.784942
-0.720710
0.032743
