1
512
-0.790078
-1.433728
-0.890135
-1.461309
-1.326252
-1.116208
-0.397982
-0.775917
-0.420976
-1.420167
-1.108817
-1.025026
-0.162512
-1.882272
-1.829228
-1.002597
-0.522370
-1.166207
-1.479192
-1.405064
-1.107777
-0.451757
-0.152543
-0.558288
-0.984828
-1.213589
-1.062301
-1.945678
-0.158068
-0.535630
-0.301948
-1.594167
-1.085115
-0.416860
-1.528078
-0.607720
-0.018050
-1.194174
-1.076141
-1.376845
-0.877218
-1.059720
-1.297436
-1.373906
-2.125730
-0.524701
-0.909868
-0.830489
-1.702216
0.275730
-0.766347
-0.127345
-1.357794
-0.542981
-0.874772
-0.167150
-0.265166
-1.510370
-0.562372
-0.114645
-0.587287
-0.689203
-0.456236
-1.657184
-1.571288
-0.902520
-1.197757
-0.612397
-0.730898
-0.092297
-0.051463
-1.264703
-0.918818
-0.342834
-0.780722
-1.090791
-0.987242
-0.352866
-0.325355
-1.608391
-0.752305
-1.234512
-0.714930
-0.692535
-1.242398
-0.341983
-0.517999
-0.374374
-0.688339
-0.310292
-1.170505
-0.651337
-3.008257
-0.791033
-1.734155
-1.097854
-0.722245
-0.178248
-0.702142
-1.432386
-1.434528
0.010152
-1.644574
-0.616643
-0.339256
-1.052371
-0.324514
-0.917788
-0.129245
-0.324258
-0.276938
-0.436240
-1.364427
-1.157985
-0.408413
-1.276854
-0.352158
-0.305006
-1.428736
-2.240717
-0.930280
-0.969106
-0.477437
-0.791491
-0.738584
-0.512049
-1.880694
-1.024454
-1.571954
-0.982564
-0.673615
-0.979177
-0.152393
0.074173
-0.389517
-0.349055
-1.080979
-0.364828
-1.636513
-0.806114
-1.226724
-0.467792
-2.336111
-0.207358
-0.655151
-2.217559
-1.179374
-0.320079
-0.200915
-0.787078
-0.532529
-1.444860
-0.435196
-0.558913
-0.054489
-0.018765
-1.609566
-0.624368
-0.519602
-1.364099
-0.712076
-0.372152
-0.304482
-0.791573
-1.419293
-1.899781
-0.125019
-0.585827
-1.770648
-0.660790
-1.043003
-1.004784
-0.965741
-0.477827
-0.803659
-1.137635
-0.393009
-0.779191
-0.900927
-0.398277
-1.811516
-0.961109
-1.101733
-0.380894
-1.662836
-0.416725
-1.148907
-0.648840
-1.761542
-1.596417
-0.656423
-0.261436
-0.169110
-0.537252
-0.203705
-0.499586
-0.481467
-0.242513
-0.400952
-1.034618
-1.108889
-0.127005
-1.272427
-0.779925
-1.342240
-0.108100
-0.095325
-0.319269
-0.822799
-1.761822
-1.901058
-0.302977
-1.864068
-1.342520
-0.730391
-0.254943
-0.168252
-0.171644
-0.249056
-1.677732
-1.248757
-0.248989
-1.804908
-0.874675
-0.961714
-0.378196
-1.067108
-1.427234
-1.476846
-1.024045
-0.792740
-0.250467
-1.048444
-1.449857
-0.445732
-1.658802
-0.875001
-0.391691
-1.133795
-0.345536
-1.056809
-0.576995
0.123743
-1.276678
-0.834317
-1.087123
-0.199902
-0.243632
0.070112
-1.476267
-0.678675
-0.857946
-0.809114
-1.627311
-0.462636
-0.240294
-0.402456
-0.570579
-0.618981
-0.547341
-0.746837
-0.037751
-1.086895
-0.084801
-1.290225
-1.186072
-0.650550
-1.177520
-1.030701
-0.372971
-1.178570
-0.599206
-0.712890
-1.341882
-1.168914
-1.450821
-1.330195
-1.390799
-0.756175
-0.426723
-0.597130
-1.289260
-0.658613
-0.862199
-0.947831
-1.332780
-1.618381
-2.148209
-0.733793
-0.147907
-0.448312
-0.530243
-1.563726
-1.221948
-0.573324
-0.649437
-0.787763
-1.584285
-0.618185
-1.020625
-0.787561
-1.404225
-1.469423
-0.669198
-1.086536
-0.271968
-0.603720
-2.074547
-1.970502
-0.688273
-0.651104
-1.213230
-0.432635
-1.149695
-1.444041
-1.068990
-0.434128
-0.664858
-0.819617
-0.658024
-1.011253
-0.805762
-1.585465
-0.692553
-1.174038
-1.178042
-0.176175
-1.836445
-1.328058
-0.353712
-1.502471
-0.853792
-0.673914
-1.520401
-0.699108
-1.414205
-1.437234
-1.007206
-0.768500
-0.490335
0.198157
-0.218580
-2.728701
-0.127880
-0.272537
-1.670218
-1.851674
-1.590293
-0.782687
-0.111994
-0.473726
-1.044277
-0.431212
-1.196512
-1.153911
-0.965134
-1.016047
-0.747941
-0.755847
-1.499631
-1.320246
-0.372930
-1.415238
-1.603981
-0.194466
-0.462470
-1.204758
-0.787748
0.066336
-1.165400
-1.310005
-1.799373
-0.944872
-2.006879
-0.442795
-1.350843
-1.288402
-0.216409
-0.455126
-0.233650
-1.269829
-0.410143
-0.801913
-0.414232
-1.017337
-0.954091
-0.405472
-1.196358
-0.657078
-0.779294
-0.891423
-1.236883
-1.881348
-0.621024
-0.938639
-0.483983
-1.623134
-0.341019
-0.505022
-1.505903
-1.317833
-0.879310
-1.478320
-1.382875
-0.932225
-0.493966
-1.102919
-1.306798
-1.363528
-0.798186
-0.999259
-2.137693
-0.835576
-1.161795
-0.897400
-0.182575
-0.159232
-0.819428
-0.959135
-0.674903
-1.016215
-1.266017
-0.593801
-0.806961
-0.832988
-0.627033
-0.596599
-0.521714
-0.547001
-0.642190
-0.621380
-1.270146
-2.471014
-0.293574
-0.752796
-0.370811
-1.483461
-1.234308
-0.707674
-0.586307
-0.790159
-1.038702
-0.241276
-0.306253
-0.881376
-0.547902
-0.750675
-1.175449
-0.618766
-0.489796
-0.661833
-0.417555
-0.256388
-0.571474
-1.259994
-1.474031
-0.623574
-0.718173
-0.303911
-0.454485
-0.056643
-1.007106
-0.889062
-0.442704
-1.668864
-0.702776
-0.601211
-0.917401
-0.515717
-1.416082
-1.125717
-0.761743
-0.522954
-0.835195
-0.942530
-0.653306
-0.255080
-1.064487
-0.232754
-0.862880
-0.136479
-0.651084
-0.684597
-0.451354
-0.794193
-0.471472
-0.086877
-0.838910
-1.599039
-0.931434
-1.794270
-0.796618
-0.292658
-0.417625
-0.162434
-0.808805
-1.358491
-1.152800
-1.861148
-0.027964
-0.722690
-0.159728
-1.169430
-0.315738
-0.952678
-0.029913
-1.401468
-0.547856
-0.919225
-1.190859
-1.971421
-0.797970
