1
99
-0.365668
0.019339
-0.335375
-0.734645
0.161569
-0.456624
-0.221072
-0.329176
-0.166111
0.852622
-0.114129
-0.381350
-0.671770
-0.799486
0.166296
0.363710
-0.159712
-0.237458
-0.390276
0.596822
-0.022186
-0.520624
-0.831637
0.014683
-0.002505
-0.444863
-0.208501
-0.154403
-0.509153
-0.059713
-0.738646
-0.920267
-0.161700
-0.081839
-0.151866
0.154847
-0.836534
-0.177982
-0.001753
-0.724275
-0.041342
-0.083621
-0.401266
0.434278
-1.192743
0.001059
-0.404573
0.235180
0.101678
-0.653417
-0.798175
0.348251
-0.273951
-0.654891
-0.383653
-0.338223
-0.273670
-0.832858
0.454413
0.364285
0.334106
0.160281
0.490284
0.021525
0.352682
-0.345447
-0.331670
-0.169952
0.416420
0.128360
-5.608167
0.613319
-1.660963
-0.698500
-0.697872
-0.999348
0.105152
-0.553421
-1.023713
-2.846390
-3.284064
0.547274
-1.196573
0.397646
-2.474654
-3.452720
-4.871237
-5.520575
-7.268193
-6.491332
-7.600645
-7.568189
-7.562841
-7.581493
-6.207362
-7.735708
-7.771101
-7.388166
-5.539217
