1
512
0.024812
-0.030921
0.107273
0.202576
0.097173
0.084936
-0.018819
-0.101817
0.013811
0.013822
0.115614
0.075045
0.040221
-0.085435
-0.007858
-0.019400
-0.016085
0.138688
0.128928
-0.092859
0.104758
0.084313
-0.071521
0.136682
0.044432
-0.005796
-0.196561
0.248674
0.172820
-0.005967
0.174982
-0.208925
-0.166563
0.090064
0.039967
-0.012402
0.001272
-0.070005
0.041768
0.035099
-0.094801
0.127778
0.209618
0.129609
0.097743
0.016556
0.044795
-0.047426
-0.025333
-0.017149
-0.157029
0.026969
-0.191146
-0.004662
-0.059418
-0.042371
-0.096391
-0.037336
-0.162099
-0.144437
-0.237603
0.094344
-0.078962
0.062870
-0.128265
-0.035887
-0.264223
0.083071
-0.029716
0.239542
0.052702
-0.060872
0.032337
0.099242
-0.074122
-0.056963
0.036570
-0.037937
-0.013281
-0.046847
-0.229549
0.073195
0.141221
0.189208
-0.052612
-0.228386
-0.033638
0.030282
0.093688
-0.011672
0.181318
0.029933
-0.028255
0.069863
-0.074021
0.137519
-0.078313
0.128904
0.244845
-0.075383
-0.085713
0.104138
0.106274
0.022839
0.050247
0.070978
0.011887
0.014616
0.118332
-0.147286
-0.057102
-0.018632
0.202975
0.038039
0.046237
-0.212733
0.000983
0.043392
-0.099769
-0.065929
0.044829
-0.150148
0.166202
0.145206
-0.251238
-0.092650
0.052575
-0.040696
0.124849
0.114427
0.118029
0.013111
-0.102028
-0.011317
0.102777
0.136408
0.092199
0.080330
-0.169704
0.098384
-0.036511
-0.006362
0.217338
0.089440
0.029056
-0.023398
-0.123903
-0.049627
-0.050554
0.093020
-0.032089
-0.087873
-0.191984
0.023884
-0.045018
0.172034
0.158592
0.109188
-0.142261
-0.018959
0.035962
0.070366
0.061894
0.004868
-0.116660
0.117329
-0.226629
-0.001944
-0.025475
-0.043823
0.011259
-0.320579
-0.243837
0.000199
0.016738
-0.079092
-0.097654
-0.117278
0.104128
-0.125212
0.002968
-0.152791
-0.023305
-0.080600
0.072881
0.103108
0.234054
0.111906
-0.046272
-0.181753
-0.014842
0.039139
-0.042879
-0.036547
0.004156
-0.080866
0.074885
0.002451
0.098616
0.048939
0.151728
0.117895
-0.009130
-0.090782
0.073766
-0.047821
0.052280
-0.273276
0.133625
0.198437
0.044033
-0.103124
0.006921
-0.000905
0.120658
0.002305
-0.056586
-0.033190
-0.040338
-0.022414
0.153464
-0.077347
-0.086951
-0.089654
-0.188464
-0.055962
0.167674
0.031586
0.023454
0.327606
0.142938
0.070286
0.065950
0.047439
-0.153545
0.165500
-0.114146
-0.083926
0.008407
-0.025356
0.147485
-0.116170
0.002778
-0.083762
0.106137
-0.105284
0.193333
0.252936
0.147309
-0.073526
-0.054856
-0.080841
-0.059564
-0.065330
0.225919
0.045353
-0.065896
0.058026
0.009264
-0.236272
-0.004659
-0.007563
-0.028535
0.056077
0.068641
0.026102
-0.095950
-0.152976
-0.044250
-0.017722
0.042904
-0.075647
0.055974
0.052370
0.139086
-0.133232
-0.063368
0.192007
-0.150807
-0.011919
-0.173760
0.072910
-0.145033
-0.106022
-0.004881
0.011071
-0.097899
-0.092397
-0.050644
0.146265
0.049146
-0.010317
0.040323
-0.201975
-0.093187
0.028063
-0.015330
0.000974
0.004886
-0.064897
-0.044389
0.116928
0.125972
-0.113317
0.163683
-0.043405
-0.182265
-0.199872
-0.080725
0.039978
0.110922
-0.094046
-0.052033
0.105859
0.124064
-0.086791
-0.148955
0.084674
0.039705
0.023543
0.087506
0.100366
-0.011208
0.030015
-0.010888
-0.163001
0.155783
-0.129964
0.059031
-0.080049
-0.043197
-0.142415
0.041469
-0.065685
-0.052693
0.118721
-0.214348
0.038460
-0.056184
-0.021278
-0.143330
0.032632
-0.010257
0.059865
0.080478
-0.040337
-0.102810
-0.053437
0.159662
-0.046100
0.123502
0.058753
-0.194748
0.085839
-0.133497
-0.033065
-0.109740
0.041894
-0.001532
0.016757
-0.066251
0.063063
0.120355
-0.178016
-0.205646
-0.069637
0.057358
0.138804
-0.164754
-0.164492
0.034674
0.045502
-0.161338
0.068207
-0.098032
0.053913
0.240416
-0.032939
-0.064410
0.004114
0.065268
-0.071042
-0.005559
-0.044054
0.000270
0.020233
0.132845
-0.104896
-0.018410
-0.203562
-0.131174
-0.200561
0.097128
-0.071185
0.072551
0.071934
0.120432
-0.235186
-0.222072
0.000663
0.006032
0.022093
-0.071116
-0.013376
0.030900
-0.116655
-0.027293
-0.099259
-0.006862
-0.085825
-0.098437
0.125430
-0.106299
-0.116113
-0.161313
0.251941
-0.039950
0.080335
0.071919
-0.064520
-0.080136
-0.131003
-0.062451
0.164900
0.053167
-0.171922
0.004423
0.050561
0.057033
0.216995
0.195143
0.116948
-0.095831
0.104997
-0.017634
0.161212
0.044044
-0.290922
-0.092061
0.133191
0.143806
-0.000699
-0.039309
-0.112128
-0.037365
0.008189
0.042486
-0.051657
0.140347
-0.095942
0.137030
-0.137167
-0.117034
-0.177357
0.000885
-0.167775
-0.051617
-0.085099
0.090462
0.119681
0.084171
0.217050
-0.080375
-0.140398
-0.039359
0.136760
-0.187404
-0.024283
0.105109
-0.138941
0.129577
-0.130123
0.049186
-0.067866
0.075745
-0.160875
-0.125399
0.099689
-0.001683
0.104789
-0.078818
0.037001
0.086536
-0.121984
-0.070815
0.040522
0.113383
-0.065549
0.011711
-0.106931
0.044027
-0.116967
0.106153
-0.022135
-0.120834
-0.043617
0.017950
-0.080749
0.048829
-0.087235
-0.197996
0.047324
-0.045130
-0.079025
0.153290
-0.012651
0.046690
-0.083884
-0.042249
0.010471
-0.161740
-0.073742
