1
512
0.047001
-0.025831
-0.006711
0.171911
0.159188
0.007492
0.091436
-0.009604
0.253835
0.069940
0.098947
-0.156538
0.223711
0.123172
-0.158215
0.031637
-0.264778
0.046624
-0.157697
0.012449
0.178489
0.158063
-0.120001
0.194666
0.014583
0.143152
-0.081488
-0.243443
0.120757
0.170672
0.230702
-0.022339
0.185868
-0.179226
-0.155090
0.023134
-0.143518
0.108142
0.001621
0.105141
0.006962
0.069775
0.264989
0.055513
0.053459
0.412514
0.243088
-0.155445
0.293428
-0.060376
0.206842
-0.040485
0.029114
0.188169
0.047988
-0.276062
-0.138891
-0.193771
0.070711
-0.000434
-0.076263
0.282486
0.319604
-0.095686
0.034676
-0.015623
0.129894
0.260463
-0.178454
0.155272
0.022830
0.197196
0.118239
0.032935
0.176956
0.284467
0.542695
0.046405
0.058588
0.333636
-0.087546
0.060665
0.024024
0.383066
0.197609
0.148742
0.253632
0.021340
0.241627
0.137312
0.110606
0.190175
-0.153404
0.019904
0.018131
-0.114799
-0.224467
0.324373
-0.132025
-0.087081
-0.243221
-0.054836
0.122734
-0.242542
0.065202
-0.189530
0.050433
0.195192
0.184251
-0.030399
-0.218102
0.090007
0.003856
0.263120
-0.077341
0.245800
0.024309
0.100719
0.180737
-0.171565
0.101358
0.004595
-0.049801
0.309319
-0.214462
-0.385052
0.105760
-0.206139
-0.003246
0.052892
-0.361286
0.035799
0.017014
-0.100377
0.340465
0.146521
-0.139078
0.062468
0.137464
0.345959
0.150434
0.097235
0.007264
0.275596
-0.116021
0.056970
-0.006416
-0.076065
-0.459503
-0.059852
-0.141437
-0.024653
0.083178
0.098094
-0.110071
0.076259
0.036244
0.226079
0.046371
0.301732
0.151323
0.026167
0.036801
0.014246
-0.071104
-0.214447
-0.182120
0.023191
-0.017614
-0.128960
0.156112
-0.009598
-0.152101
-0.054383
-0.315863
0.107987
-0.103109
0.250483
0.040938
-0.061608
-0.348132
0.043303
0.105342
0.185022
-0.002435
-0.200501
0.277824
-0.007308
-0.287667
-0.097679
0.147606
-0.182977
-0.054036
0.037708
0.205635
-0.147556
0.271780
-0.076537
0.155704
0.068991
0.214734
-0.126911
0.260679
0.116171
0.208824
0.082662
0.466995
0.112718
-0.154861
-0.124807
-0.138703
-0.094090
-0.171152
-0.092446
-0.035424
0.268312
0.163841
-0.367665
0.130765
-0.108829
-0.198882
-0.065001
0.128549
-0.084732
0.108243
0.037512
-0.048133
-0.223127
-0.091699
-0.176131
0.286454
0.119918
0.319026
-0.045706
0.276367
-0.069114
-0.085161
0.031868
0.394445
0.074703
-0.084119
-0.059379
-0.279067
-0.012520
0.112907
-0.036253
-0.068988
-0.026211
-0.079027
-0.212041
-0.034403
-0.091196
-0.022007
-0.033150
0.319683
-0.002959
0.021960
0.076083
-0.006838
-0.260353
0.114977
-0.178851
0.317931
0.000422
-0.165086
-0.331065
0.121024
-0.178695
-0.031835
0.286103
0.160736
-0.099546
-0.327510
-0.102648
0.089829
-0.058945
0.151340
0.182062
0.088908
-0.203334
-0.077289
-0.150789
0.242548
-0.072860
-0.228131
0.011096
0.009845
-0.037606
0.032621
0.106307
-0.014847
-0.142904
-0.116856
0.006103
0.223716
-0.250731
0.059123
-0.259933
-0.129143
0.315341
-0.113861
-0.166458
0.065296
-0.133394
-0.154985
-0.341780
0.200828
0.001102
0.089692
-0.125332
-0.059659
0.110255
0.168845
0.155437
0.249897
0.094468
0.171806
-0.039614
0.189131
-0.080355
-0.006076
0.206217
0.330145
0.026385
-0.118238
-0.492316
0.027844
0.034990
-0.231364
-0.106960
0.014145
-0.035131
-0.539889
-0.044439
-0.405321
-0.125684
-0.205920
0.007699
0.012503
0.053278
-0.005845
-0.016484
0.067662
-0.167831
0.211215
-0.003347
0.210485
-0.054608
0.022809
0.053092
-0.185765
-0.247275
-0.087067
-0.361879
0.083841
0.081585
-0.513288
0.090883
-0.083663
0.189637
-0.306076
-0.091794
-0.023975
0.100255
0.178903
-0.311952
0.291180
0.097804
0.131206
-0.169432
0.186890
0.308219
0.113601
-0.040142
-0.206382
0.420877
0.087649
0.059698
-0.199687
-0.081040
0.222628
0.064482
0.138748
-0.002124
-0.041390
0.057141
-0.000884
0.035081
0.217141
0.291194
-0.200716
-0.322034
0.306480
-0.119463
0.212138
-0.068041
-0.075730
-0.595575
-0.124729
0.037675
-0.137156
0.046209
-0.013321
-0.120041
0.369738
-0.099221
0.066190
0.030926
-0.083074
0.107385
0.088891
0.052906
0.300540
-0.131836
0.314925
0.146909
0.015462
0.179164
-0.146260
0.327876
-0.129686
0.155618
-0.048172
-0.042240
-0.159108
-0.051264
-0.223139
-0.078741
0.480500
-0.115653
-0.073578
0.100823
0.097391
0.102080
-0.100800
-0.216103
0.337786
-0.040283
-0.269550
-0.217582
0.163594
0.131683
0.086042
0.021618
0.053914
0.101595
0.022255
0.021747
0.008539
0.138683
-0.252775
-0.262308
-0.128995
-0.057349
0.034531
0.024455
0.047941
0.133977
-0.268942
0.064699
-0.127618
0.059357
0.215759
0.155856
-0.006124
-0.116335
-0.038179
0.202077
0.123216
-0.054048
-0.216486
-0.167281
-0.074029
-0.007371
-0.015858
-0.131809
-0.268969
0.090416
-0.085347
0.075059
-0.183145
-0.246238
0.062290
-0.030907
0.154264
0.095203
0.237314
-0.139412
0.076818
0.282451
0.034071
0.075044
-0.057880
-0.014826
-0.066613
-0.251021
0.122281
-0.171864
-0.118257
0.203273
0.013288
0.026183
-0.144977
-0.081133
-0.129543
0.021229
0.025903
0.064159
-0.083795
0.048644
-0.018210
-0.133776
