1
512
-0.375392
0.310956
0.088028
0.212736
0.229466
0.421944
0.175853
-0.074860
-0.381542
0.153195
0.261187
0.441263
-0.049657
-0.213255
0.221021
-0.125798
0.260352
-0.057943
0.161385
-0.361659
0.275741
0.146823
0.117073
-0.146811
-0.192452
0.248778
-0.103463
0.090682
-0.291711
-0.102734
0.073276
0.097123
0.100746
0.402181
0.147136
0.005190
-0.037527
-0.222464
0.246486
-0.374359
0.076409
-0.112855
0.098085
-0.275035
-0.199323
-0.167060
0.320330
1.157226
0.135948
0.113114
0.269174
-0.115963
0.123503
-0.038856
0.072060
0.381189
0.081104
-0.062149
-0.014121
0.354080
-0.273814
-0.079911
0.262292
0.429687
0.535456
0.320773
0.195265
-0.118382
0.444127
-0.074606
0.035999
-0.164843
0.165493
-0.098903
0.189937
-0.286814
0.120141
0.343360
-0.229066
0.318623
-0.070892
-0.072343
0.064223
-0.149493
0.100019
0.135357
0.254200
0.008965
0.146274
0.795303
0.098259
-0.107557
0.067372
0.106160
-0.120232
0.092568
0.310902
0.142255
-0.302680
-0.020547
-0.148689
0.433476
0.563685
0.116940
0.486037
0.073566
0.317335
-0.058211
0.102400
-0.121280
0.270642
0.030874
0.121819
0.058894
0.128199
-0.022320
0.484620
-0.003064
-0.059149
-0.240807
0.076720
0.047652
-0.133667
0.100028
-0.046039
-0.031909
-0.108381
-0.001639
-0.153954
-0.167624
-0.007056
1.507838
0.184141
0.086526
-0.072175
-0.109467
0.217137
-0.126071
0.293960
-0.148445
0.165630
-0.052269
-0.007359
-0.104992
-0.136948
-0.158765
-0.241282
0.172430
-0.003849
0.381494
0.115801
0.119319
0.071331
0.037940
0.149619
-0.102558
-0.072525
0.425811
-0.217538
0.192384
0.221754
-0.060653
0.288168
0.091764
-0.034274
-0.174230
0.114185
0.008052
0.280078
0.206210
0.076611
-0.063465
-0.027041
-0.036909
-0.035555
0.276738
0.240086
0.414712
-0.161507
0.263468
0.113404
-0.109614
0.386636
-0.026804
-0.040746
0.272094
0.243269
0.188807
0.208872
-0.031175
-0.098219
0.274428
0.301143
-0.053188
0.077480
-0.051077
0.222047
0.210102
0.130767
-0.052899
-0.197097
0.207399
0.173148
-0.193154
0.249953
0.416155
-0.126164
0.057835
-0.230772
-0.079661
0.082494
-0.115387
0.161630
0.181279
-0.228975
0.521672
0.308732
0.065990
0.361391
0.145803
-0.193062
0.598081
0.165734
0.085631
0.189100
0.060934
-0.001974
0.161034
0.303382
-0.335520
0.127118
0.046266
0.225105
-0.175803
0.103780
0.098249
0.665122
0.576427
0.075155
-0.193771
-0.232749
-0.147553
0.248560
0.532716
-0.032525
0.204987
-0.084831
0.245664
0.159425
-0.132508
0.340403
0.128880
-0.129120
-0.207872
-0.082208
0.118176
0.057495
-0.309579
-0.222320
-0.276548
-0.034170
0.011712
0.074148
0.377383
0.130053
-0.045708
-0.265573
-0.230974
0.255773
0.018966
-0.502930
-0.085973
0.092029
0.187704
-0.058845
0.399027
0.144192
0.182065
-0.251119
0.113809
0.070681
0.020492
0.194883
-0.082628
0.169426
0.038638
0.015218
0.209146
-0.107713
0.030888
0.033380
0.012774
-0.039281
0.148235
0.041478
0.071705
0.014961
0.247526
0.071343
0.911373
0.456552
-0.021603
-0.000129
0.631864
-0.073672
-0.124951
-0.219444
0.013644
0.259360
-0.204900
0.048558
0.112124
0.358391
0.427832
0.158469
0.367154
0.341130
-0.044894
-0.161402
0.081505
0.129197
-0.371769
0.156039
0.059292
-0.091305
0.339608
0.005784
0.154052
0.293433
-0.005424
-0.203455
-0.198762
0.040767
-0.020457
0.163607
0.256298
0.265516
-0.097012
0.297703
-0.246138
-0.048738
0.169901
0.209063
0.021971
0.340340
0.165474
0.310024
0.120656
0.012344
-0.276349
0.104500
0.108647
-0.041212
0.343046
-0.145479
-0.046291
0.105404
0.094089
0.170366
0.129465
0.214950
0.258211
-0.083903
0.548058
0.165832
0.258274
0.313579
-0.097804
-0.381539
-0.132140
0.227658
0.186223
0.262201
0.029626
0.166846
0.525775
-0.038491
0.130705
-0.209248
-0.134459
0.146644
-0.208930
0.112918
0.233804
-0.020936
0.437492
0.093951
-0.117441
0.271284
-0.213426
0.173245
-0.165771
0.185730
0.147667
0.105178
-0.081985
0.234777
0.040980
0.030829
0.438863
-0.167463
-0.090361
-0.049142
0.788084
0.625392
0.151433
0.251681
0.064791
0.394875
0.020536
0.093381
0.344407
0.182470
0.022034
-0.587180
-0.063687
0.237024
0.301644
0.330993
0.349019
0.244600
-0.131318
0.340493
0.056107
-0.034817
-0.250120
-0.460732
0.232515
-0.196948
-0.035747
0.279978
0.227581
-0.322803
0.077525
0.136076
-0.303276
0.118283
-0.155041
0.004340
-0.186617
0.161293
0.296749
0.077024
0.080543
0.236038
0.444644
0.209176
0.653554
0.053166
-0.036718
-0.202692
0.284983
0.140301
-0.085227
0.266978
0.194511
0.055605
0.328293
0.217564
-0.001114
0.200994
-0.246997
0.149710
-0.027612
0.147892
0.004463
0.258315
-0.068907
-0.107742
-0.105271
0.192607
-0.107636
0.117833
0.093702
0.176149
0.023479
0.222980
0.619082
-0.093150
-0.006046
-0.163616
0.546251
0.133175
0.280857
0.087425
0.091899
-0.121974
-0.037826
-0.033670
0.820609
0.268196
-0.014743
-0.119833
-0.062338
0.115949
-0.147831
-0.132676
0.140769
0.587502
-0.019743
-0.380908
0.068745
0.276183
0.280255
-0.016273
0.439925
-0.041390
0.496270
0.004750
0.437583
-0.472835
0.122008
