1
512
0.048147
-0.007782
0.047448
0.789727
0.493382
0.796156
0.200346
-0.073044
0.368414
0.990981
0.940954
0.284697
0.494850
0.527609
-0.242602
0.960704
0.577335
0.744679
0.471901
0.771438
0.633462
1.039187
-0.213861
0.596003
0.075876
0.007346
0.697516
0.583482
0.318634
0.433114
0.603496
0.926126
0.781618
0.582561
0.902307
-0.012220
0.755952
-0.567467
0.757966
1.007724
0.888257
0.651274
0.419708
0.924338
0.160496
0.548986
0.753485
0.470067
0.451853
-0.165497
1.002020
0.879845
0.528498
0.771575
0.257075
0.484409
0.174782
-0.048301
-0.190907
0.653222
0.260954
-0.225428
0.138972
0.191897
0.081240
-0.044477
1.302288
0.505303
0.442697
-0.114721
0.886958
0.464580
-0.003964
-0.138659
0.503695
0.504077
0.276839
1.489695
0.933961
0.685235
0.815078
-0.387890
0.051566
0.460263
0.788073
0.377787
0.453853
0.132344
0.626588
0.113906
-0.066664
0.761656
0.744312
-0.391334
0.777474
0.415141
0.575842
0.564900
0.167166
0.391574
0.285279
0.050702
0.800764
0.305810
0.792987
0.603134
0.853192
0.611679
0.712399
0.913742
0.473195
-0.217900
0.020300
0.402798
0.790139
0.578986
1.028807
0.512124
0.524565
0.924996
0.705438
0.156876
0.884359
0.297881
0.532305
0.253521
0.020693
0.473550
0.903807
0.798969
0.473209
-0.136536
0.095389
0.803429
0.308551
0.035826
-0.007775
0.753776
0.663552
0.342687
0.644604
-0.061728
0.080963
0.021453
-0.023356
0.182937
1.079437
-0.147208
0.373990
-0.370533
-0.040467
0.012224
0.085944
0.256012
0.791682
0.937021
0.111753
-0.141493
0.731915
0.325604
0.184475
0.924300
0.035802
0.037515
1.182567
0.627412
0.094314
0.901133
0.852823
0.135055
0.472140
0.191719
0.338686
1.023231
0.573198
0.727622
0.726534
0.429501
-0.042491
0.089029
0.337289
-0.005252
0.374321
0.408199
0.057443
0.690347
0.445147
0.829598
0.350989
0.834520
0.068296
0.716185
0.898044
0.128599
0.316390
0.801732
0.339384
0.542755
0.382070
0.590728
0.472513
0.963694
0.447654
0.463560
0.693266
-0.269768
0.266407
-0.155004
0.727158
0.820837
0.038833
0.030381
0.522789
-0.097909
0.911564
0.688652
0.024365
0.491690
0.646618
0.713838
0.604144
0.223585
0.580115
0.226961
0.396438
0.674527
0.291458
0.436782
0.713621
0.474935
0.712053
0.433996
0.337075
0.708121
0.332407
-0.126053
0.465266
-0.135613
0.501199
-0.003844
0.806357
0.794462
0.237253
0.923479
0.662762
1.378640
0.418375
-0.004666
0.757341
0.556438
0.643176
0.918964
0.942709
0.211429
0.430420
0.011313
-0.005003
0.674026
-0.112348
0.282503
0.002008
0.119655
0.132665
0.898077
0.197795
0.445970
0.129515
-0.081417
0.815654
0.080041
0.048494
0.812956
0.333443
0.766972
1.161438
0.507357
0.362953
0.533549
-0.008922
0.468624
0.082139
0.691635
0.556876
1.045292
0.172653
0.043228
0.130310
0.375365
-0.172206
-0.122620
0.142218
0.733447
0.683025
-0.219203
0.249445
0.587009
-0.082717
0.393174
0.140516
-0.177798
0.418450
0.405366
0.296809
0.575664
0.360619
0.567501
0.590046
-0.061925
0.086431
0.281577
-0.083439
0.532802
0.468530
0.657794
0.555852
0.884875
0.904085
1.033586
0.320400
0.199870
0.825869
0.523142
0.179609
0.204332
0.537432
0.406116
0.365084
0.771239
0.671301
0.151566
-0.094913
1.173615
0.337163
0.998985
0.369567
1.134949
0.669665
0.616067
0.542788
0.215383
-0.331583
0.094200
0.055253
-0.044420
0.360186
0.528157
0.605455
0.853512
-0.162358
0.036096
0.526813
0.056687
1.445933
0.211470
0.463795
-0.033655
0.173420
0.161637
0.036564
0.101912
0.627743
0.785570
0.203955
0.651408
0.628375
0.443967
0.665137
0.863470
0.547902
0.028236
0.821904
-0.092083
0.744736
-0.030281
0.176301
0.335129
0.415677
0.648633
0.054166
0.038355
-0.106618
0.125229
0.362300
-0.358550
0.303230
0.614838
0.218965
0.272677
0.333527
0.397065
0.405994
0.497108
0.347588
0.466936
0.473306
0.369455
0.175801
0.261932
0.364413
-0.031910
0.798205
1.073660
0.194101
0.758053
0.395170
0.084154
-0.134565
0.770636
0.040638
-0.090448
0.491265
-0.045180
0.473661
0.789501
0.642248
-0.317311
0.699365
0.661526
1.108670
0.568483
0.686750
0.067465
0.095297
-0.031928
0.562300
0.183663
0.612386
-0.139305
0.135072
-0.191648
0.615436
0.573278
0.884921
0.316676
0.787834
0.489096
0.623884
0.193756
0.317697
0.398850
0.565435
0.212009
1.222156
-0.108055
0.017905
0.801915
0.999704
0.359048
0.845006
0.749373
0.178876
0.098043
0.366257
-0.072359
0.630729
1.036439
0.821328
-0.149553
0.631672
0.135036
0.653938
0.903305
-0.110504
0.923265
0.574695
0.442761
0.408763
0.503683
0.103895
0.348586
-0.093525
0.160833
0.813458
0.865428
0.194047
0.898045
0.515446
0.634064
0.594907
0.051654
0.658940
0.217041
0.823860
0.017381
0.043717
0.064564
0.546635
0.149113
0.898444
0.408397
0.304083
0.756138
0.447601
0.903323
0.963947
0.681982
0.562599
0.443199
0.753398
0.642026
0.256859
0.467818
0.597625
-0.169539
0.727660
0.308210
0.263784
0.729566
1.138939
0.642901
0.387243
0.333067
