1
512
0.206915
-0.342090
-0.057213
0.099351
0.012738
-0.338831
0.139080
0.227643
0.416989
0.035020
0.048520
-0.013664
-0.104573
0.001278
0.082010
0.123696
0.090307
0.104804
0.071297
0.279265
-0.211933
0.140653
0.103778
0.181754
0.033837
-0.268941
0.118945
0.422927
0.020205
0.017787
-0.105412
-0.015105
-0.212686
0.212354
-0.009129
0.578559
0.313215
0.267715
-0.169417
0.207001
0.168709
0.232217
0.018000
0.244555
0.129559
0.252496
-0.438968
-0.679028
0.324757
0.013197
0.074696
0.544287
0.210333
0.067808
0.080010
0.148271
0.127457
0.133283
0.097574
-0.064044
0.325333
0.403292
0.115116
-0.156931
-0.290915
0.058104
0.045201
0.007118
-0.388654
0.139186
0.169706
0.129606
-0.051272
0.538101
0.133082
0.255691
-0.028038
-0.159580
0.138869
0.070593
0.036147
0.172896
-0.138284
0.139392
0.059149
0.213306
0.019267
0.260850
-0.144675
-0.351845
0.089918
0.143772
0.127823
0.294950
0.002826
0.142626
-0.116094
0.315726
0.126623
0.108391
0.051314
-0.102204
0.020796
0.039248
0.078923
0.222269
-0.160063
-0.092406
-0.051955
0.354241
-0.129868
0.310025
0.290439
0.374554
-0.051957
0.155331
-0.292026
0.216892
0.363662
0.467005
0.101967
0.131821
0.152020
0.165561
0.395916
0.159278
0.200009
0.091967
0.164048
0.046983
0.125804
-0.781334
-0.032603
0.028181
0.019748
0.177115
0.031033
0.174905
0.082283
0.326710
-0.129101
0.108772
0.072278
0.070984
0.084447
-0.007903
0.276962
-0.298576
-0.090448
-0.147728
-0.159189
-0.028540
0.062757
0.023699
0.148754
0.295835
0.158306
0.010689
0.274551
-0.207597
-0.001665
0.236158
0.101798
0.019038
0.170691
0.519360
0.218484
0.020894
-0.303959
0.259268
-0.100270
-0.012800
0.244063
0.254490
0.312012
-0.277934
-0.023753
-0.018394
-0.146568
-0.337923
0.152924
0.257385
0.002418
0.286584
-0.040635
0.067065
0.049367
0.157266
0.108411
0.060409
-0.169598
-0.225729
-0.091781
0.072221
0.071965
0.072078
-0.326976
-0.057481
0.099830
0.125283
-0.086573
-0.057087
0.143675
0.246310
0.076223
-0.059826
0.384440
0.028222
-0.038653
-0.017151
0.021840
-0.192624
-0.035020
0.193275
0.395957
-0.290424
-0.023713
-0.001539
0.070730
-0.076051
0.122960
-0.264244
0.147169
-0.096859
0.122883
0.379981
0.141186
0.182957
0.183222
0.242389
0.150309
-0.001967
0.003893
0.396739
0.008599
0.226628
0.076606
-0.416515
0.308469
0.436540
0.361674
0.099524
-0.386443
0.305124
0.167489
0.025633
-0.134234
-0.122978
0.110259
0.073118
-0.127643
-0.095026
0.247473
0.125501
0.029388
0.057446
-0.198961
0.291594
0.060973
0.378530
0.022622
0.149062
-0.017033
-0.072225
0.014585
0.159357
0.111904
0.018733
-0.283928
0.110837
0.392353
-0.028795
-0.082845
-0.225256
0.107972
-0.057869
-0.396178
0.060966
0.272094
-0.050036
0.057003
-0.105201
0.103423
0.134069
0.050914
0.447841
0.070683
0.370725
-0.072846
-0.101464
0.027735
0.093817
0.225862
0.068174
0.215568
0.139296
-0.101703
0.151416
0.076842
-0.271281
0.027290
0.194305
-0.055509
-0.002315
0.271534
0.269021
0.190932
0.213509
-0.148064
0.094160
-0.189712
0.023184
0.094884
-0.316684
-0.014719
-0.132964
-0.080375
0.191239
0.014599
-0.186817
0.016090
0.390771
0.142972
0.110447
0.273829
-0.218321
-0.169949
0.147037
0.325021
-0.097294
-0.217461
0.066173
-0.176831
0.194303
-0.190105
0.280800
0.175451
-0.001407
-0.036856
0.170034
0.228154
-0.023546
-0.234841
-0.085404
-0.147846
0.057369
-0.097653
0.197656
-0.158229
0.065657
0.322361
0.329689
0.337004
0.134394
0.037141
0.378811
0.103902
0.332621
0.283273
-0.005588
0.080936
0.031059
0.012389
-0.216641
0.322870
-0.004446
0.051128
-0.030626
0.265297
0.222451
-0.077610
-0.078710
-0.134355
0.345086
0.080026
-0.336411
0.120232
0.044304
0.064607
0.218091
-0.138565
0.331416
0.089044
0.133864
-0.184986
-0.191669
0.039813
0.034402
0.226858
0.236466
0.167024
0.101277
0.050135
0.065987
0.111481
0.059776
0.020583
0.266028
0.120297
-0.222790
0.343786
0.081732
0.037020
-0.348655
-0.344979
-0.094934
0.114697
0.096902
-0.074615
-0.337713
0.040479
-0.362263
0.282475
0.077126
0.281296
0.149567
0.049846
-0.061818
-0.003308
-0.115243
0.147572
0.110899
-0.212797
0.129504
0.103076
0.052749
0.083004
-0.008837
-0.061609
0.002526
0.133320
0.116979
-0.037716
0.118885
-0.128291
0.159573
-0.013724
0.362799
0.417171
0.141075
0.199885
-0.085380
-0.099155
-0.187341
0.130090
-0.344581
-0.008291
0.029465
-0.021038
-0.159644
0.122452
-0.036183
0.039639
0.233974
0.195836
0.073454
0.107603
0.273595
0.002400
0.358680
0.036275
0.146879
-0.139631
-0.161486
0.075118
0.201879
-0.037212
0.047801
0.300552
0.192109
-0.101520
-0.006766
-0.001154
0.083347
0.251451
-0.051650
0.076214
0.108061
0.444881
0.175306
-0.028203
-0.229042
-0.100789
0.404487
0.294535
-0.052401
0.121127
0.129074
0.010719
-0.606947
0.031490
0.005321
-0.035043
0.487530
0.205658
0.358914
0.210313
-0.023727
0.093582
0.239734
0.295568
-0.001947
-0.357221
-0.161632
-0.166682
-0.138004
0.244880
0.007940
0.125994
-0.218606
0.123660
0.089267
