1
512
0.191211
0.077514
-0.101900
-0.061778
-0.198356
-0.258029
-0.153954
-0.458642
-0.248415
0.055414
-0.071088
-0.288764
-0.021329
-0.251519
0.276987
-0.079215
-0.001724
-0.123959
-0.175383
0.000308
0.109795
0.247877
-0.480955
-0.280897
-0.285280
-0.136978
0.107264
-0.029688
-0.364687
-0.118637
-0.219451
0.034420
0.092765
-0.110611
-0.186908
0.240443
0.062194
0.412639
-0.123187
0.104981
0.031981
-0.217616
-0.025708
-0.195364
0.032248
-0.254798
-0.388318
-0.460819
0.143768
-0.043425
-0.246190
0.313327
-0.052909
-0.299856
0.326442
-0.523058
0.179666
-0.625622
-0.484051
-0.185207
-0.189392
0.186104
0.063283
0.618633
-0.056209
-0.011635
-1.043353
-0.062649
0.065787
0.037983
0.193397
-0.060565
-0.196361
-0.426465
-0.068596
0.057270
-0.376876
-0.909696
0.367796
-0.123089
-0.075508
-0.386283
0.265687
-0.210011
0.170698
-0.250309
0.068384
-0.323758
-0.283725
0.000410
-0.231761
-0.033026
-0.238842
0.053340
0.086658
-0.075564
-0.142939
-0.365621
-0.014397
-0.317961
-0.396906
0.060448
0.129548
0.049119
-0.026937
-0.116458
-0.133825
0.152230
0.162431
-0.073120
0.051473
-0.713697
-0.282790
-0.409113
0.061145
-0.204608
0.337626
-0.191864
-0.267606
-0.030649
-0.110532
0.045910
-0.262290
-0.021741
-0.126096
-0.251340
0.363412
-0.144000
-0.077302
0.157395
-0.082060
-0.148182
0.466985
-0.369817
-0.250367
-0.058271
0.134517
-0.123930
-0.282806
0.136034
-0.353394
-0.208628
0.033196
-0.298076
-0.155063
-0.032027
0.260167
-0.301348
-0.008473
0.146685
-0.046992
-0.429622
0.173784
0.298284
-0.209351
0.139484
-0.016422
-0.559788
-0.209211
-0.059645
-0.123552
-0.165198
-0.460143
0.096407
-0.005798
0.295740
0.012686
-0.384998
-0.027180
0.079536
-0.223875
0.321052
-0.082192
-0.077339
0.411297
0.097393
0.096476
-0.156959
0.141895
-0.117927
-0.000720
-0.165870
-0.218356
-0.270565
-0.095523
-0.065280
-0.169074
0.192617
-0.064082
0.011520
-0.136883
0.236519
0.148689
-0.097310
0.137361
-0.049518
-0.001872
0.055108
-0.018552
-0.128609
-0.480416
-0.227866
-0.259824
0.044317
0.027288
-0.276448
-0.224297
-0.097931
0.044229
-0.140026
-0.113883
-0.282299
-0.186444
-0.022954
0.030919
-0.122942
-0.016750
-0.210422
-0.020064
0.007624
0.115185
0.108245
0.163597
-0.000397
-0.167907
0.208309
-0.502560
-0.156077
0.314909
0.274911
0.086801
-0.188023
-0.068171
-0.210744
0.243343
-0.234840
0.204684
-0.278490
-0.289601
0.150470
0.008812
0.123670
0.400961
0.165578
0.004443
-0.881342
-0.503604
-0.365385
-0.056039
-0.277544
-0.185284
0.180029
-0.418993
0.272161
-0.194639
-0.311797
0.179938
0.018939
-0.326330
-0.139295
-0.068337
0.332395
-0.017468
-0.073538
0.225082
0.182004
-0.432244
-0.261821
-0.028796
-0.015810
0.443896
0.067885
-0.138287
-0.123671
0.457894
-0.084720
-0.218578
-0.088576
-0.407782
-0.061786
-0.061419
0.086239
-0.144503
-0.568828
0.036295
0.443635
0.307731
-0.192877
-0.191210
0.094697
-0.082686
-0.492627
-0.211989
-0.428650
-0.062999
0.020313
-0.183497
-0.338294
0.148634
-0.549168
-0.080903
-0.482935
-0.250661
-0.375370
-0.221520
-0.112825
-0.007204
-0.280005
0.250680
-0.347561
-0.099136
-0.165745
-0.266497
-0.201605
-0.068797
0.112672
0.146284
-0.072558
-0.344235
0.255374
0.000326
-0.316137
-0.297946
-0.038157
-0.031987
-0.547719
-0.147461
0.115976
-0.292687
-0.081253
-0.396661
-0.770580
-0.349668
-0.329905
-0.051564
0.225389
-0.057355
-0.001730
0.194468
-0.089141
-0.099690
-0.033167
-0.171528
-0.045178
-0.468612
-0.192032
-0.230752
-0.118159
0.058026
0.126772
-0.270941
-0.245774
-0.761329
-0.038023
-0.390640
0.011400
-0.092820
0.037512
0.207953
-0.062245
0.020254
-0.029705
-0.104088
0.029703
-0.139039
-0.160490
-0.058840
-0.129081
0.063637
-0.055004
0.068904
0.103078
0.115461
0.492833
-0.537452
0.074348
0.135581
-0.174225
-0.015007
-0.298791
-0.154980
-0.330411
0.022769
-0.417215
-0.165937
-0.056227
-0.071834
-0.233399
-0.097033
-0.247691
0.119068
-0.121306
-0.548939
-0.067454
-0.072479
0.144595
-0.061640
-0.575611
-0.158131
-0.401461
-0.185577
-0.080102
-0.193335
-0.109687
-0.028109
0.131790
-0.328056
-0.197617
0.032529
-0.290403
-0.067100
-0.425981
0.011207
-0.060799
-0.194835
-0.010791
-0.250980
0.118030
0.057304
-0.086174
-0.136658
-0.197033
-0.473607
-0.244670
-0.175562
0.313899
-0.275979
-0.385333
-0.175388
-0.079540
-0.407614
-0.044029
0.191348
0.248116
-0.176833
-0.174965
-0.112333
-0.182700
-0.169457
-0.315001
-0.270988
0.325473
-0.599461
-0.309943
-0.598144
-0.051639
0.049175
0.156820
0.193245
-0.004343
-0.264388
-0.260300
0.101574
-0.133559
-0.155915
-0.006744
-0.031578
-0.065063
-0.102855
-0.204463
0.085129
0.012823
-0.517525
0.166343
0.011468
-0.024159
0.125857
-0.347074
-0.257162
-0.008842
0.116150
0.012646
0.103946
-0.259997
-0.060905
-0.443047
-0.177570
0.316561
-0.287183
0.334513
0.045538
-0.243608
0.191622
-0.426374
-0.200079
0.123653
-0.018559
-0.528662
0.005716
-0.073379
-0.246684
-0.249612
-0.137338
-0.213372
-0.125544
-0.102528
-0.153311
-0.211859
-0.143127
-0.266232
-0.236072
-0.185893
-0.018876
-0.100151
-0.344179
0.065478
-0.387766
-0.374334
0.040647
-0.115572
-0.277931
-0.146584
