1
512
-0.086284
-0.482897
-0.567963
-0.190309
-0.303126
-0.454026
-0.286184
-0.263210
-0.295365
-0.349724
-0.301537
-0.494969
-0.504786
-0.101943
-0.411392
-0.222714
-0.271074
-0.273710
-0.024470
-0.374528
-0.549197
-0.375731
-0.294720
-0.265286
-0.579966
-0.284785
-0.498409
-0.254231
-0.401889
-0.171122
-0.236129
-0.274628
-0.430831
-0.413785
-0.161873
-0.273689
-0.151900
-0.521390
-0.138738
-0.396059
-0.229684
-0.281565
-0.438616
-0.379510
-0.189698
-0.115187
-0.339062
-0.166849
0.002454
-0.169196
-0.230750
-0.433523
-0.663936
-0.149179
-0.325797
-0.116960
-0.198109
-0.271334
-0.196540
-0.494753
-0.372028
-0.304535
-0.180186
-0.425889
-0.395742
-0.320131
-0.305381
-0.310902
-0.240517
-0.341556
-0.328214
-0.389604
-0.256147
-0.069367
-0.568821
-0.358705
-0.375588
-0.212856
-0.224351
-0.174848
-0.105354
-0.303257
-0.277654
-0.272532
-0.021888
-0.167013
-0.447062
-0.437155
-0.321760
-0.188106
-0.512496
-0.497683
-0.468739
-0.240626
-0.575797
-0.322903
-0.497288
-0.482122
-0.249851
-0.304769
-0.466614
-0.348580
-0.261899
-0.284966
-0.307771
-0.316606
-0.121084
-0.559837
-0.430913
-0.027748
-0.059376
-0.491870
-0.291713
-0.374808
-0.344078
-0.235807
-0.282134
-0.548029
-0.282238
-0.232417
-0.486962
-0.309170
-0.325788
-0.278774
-0.192031
-0.208682
-0.346742
-0.531381
-0.273903
-0.293152
-0.397024
-0.506053
-0.476935
-0.404073
0.188473
-0.417570
-0.107175
-0.111417
-0.298437
-0.413623
-0.161877
-0.423814
-0.284212
-0.429004
-0.613928
-0.680072
-0.706265
-0.346612
-0.308447
-0.429753
-0.381386
-0.325785
-0.222714
-0.271715
-0.287773
-0.326179
-0.163753
-0.461069
-0.332989
-0.259720
-0.575417
-0.320767
-0.372870
-0.128257
-0.265101
-0.133447
-0.492628
-0.367778
-0.626026
-0.437736
-0.489838
-0.257236
0.107185
-0.150172
-0.299459
-0.362054
-0.243887
-0.387178
-0.302245
-0.354360
-0.431152
-0.286396
-0.126116
-0.178881
-0.277298
-0.382392
-0.430378
-0.038094
-0.518827
-0.198507
-0.636112
-0.368625
-0.283546
-0.503575
-0.426366
-0.347373
-0.239158
-0.269207
-0.401886
-0.360202
-0.299166
-0.406493
-0.246868
-0.297111
-0.381174
-0.514881
-0.396424
-0.275612
-0.453599
-0.205750
-0.245431
-0.293205
-0.388978
-0.246848
-0.167801
-0.323382
-0.404365
-0.191923
-0.389980
-0.197988
-0.312110
-0.477148
-0.494850
-0.245911
-0.357897
-0.341243
-0.263183
-0.104728
-0.326691
-0.164891
-0.329168
-0.516546
-0.429526
-0.131567
-0.276071
-0.154138
-0.842376
-0.621063
-0.231643
-0.376976
-0.307330
-0.396546
-0.744823
-0.336146
-0.345457
-0.454747
-0.524486
-0.443335
-0.349050
-0.624406
-0.271116
-0.270613
-0.225086
-0.559659
0.007171
-0.349345
-0.280159
-0.411555
-0.597071
-0.336195
-0.305401
-0.092170
-0.382793
-0.413441
-0.231772
-0.336287
-0.495710
-0.047539
-0.431580
-0.265842
-0.211735
-0.354509
-0.428867
-0.447839
0.011456
-0.097093
-0.277973
-0.047002
-0.223041
-0.340436
-0.143232
-0.386748
-0.246124
-0.171651
-0.350367
-0.424426
-0.162040
-0.095211
-0.409649
-0.170771
-0.144336
-0.225798
0.024024
-0.179461
-0.311939
-0.121850
-0.354045
-0.324781
-0.249527
-0.385643
-0.496116
-0.303656
-0.137439
-0.384242
-0.286670
-0.376319
-0.374735
-0.241720
-0.241671
-0.294235
-0.277788
-0.293300
-0.554098
-0.323757
-0.028104
-0.281897
-0.404169
-0.196742
-0.543332
-0.440740
-0.154368
-0.297158
-0.289845
-0.326713
-0.279461
-0.371356
-0.600943
-0.228062
-0.198768
-0.370191
-0.472806
-0.062426
-0.234636
-0.392386
-0.178684
-0.087145
-0.390106
-0.621952
-0.392169
-0.353986
-0.589418
-0.139241
-0.281521
-0.452975
-0.418537
-0.307375
-0.241859
-0.201297
-0.386064
-0.109091
-0.464107
-0.324721
-0.195083
-0.481168
-0.162019
-0.247233
-0.228678
-0.348168
-0.211072
-0.629407
-0.435485
-0.550980
-0.259494
-0.368518
-0.254863
-0.492126
-0.220847
-0.052952
-0.443690
0.077429
-0.236717
-0.293869
-0.173253
-0.360356
-0.162622
-0.313746
-0.491745
-0.661209
-0.150493
-0.189617
-0.233224
-0.243052
-0.306660
-0.410920
-0.578107
-0.319800
-0.118534
-0.221300
-0.360436
-0.200050
-0.328261
-0.299546
-0.253523
-0.257669
-0.210803
-0.282615
-0.172889
-0.161458
-0.443075
-0.346875
-0.273697
-0.250946
-0.393312
-0.415796
-0.303283
-0.385731
-0.457660
-0.144206
-0.107665
-0.477120
-0.399727
-0.220473
-0.333919
-0.202683
-0.242895
-0.413103
-0.094236
-0.174964
-0.410167
-0.191418
-0.199248
-0.196884
-0.361122
-0.497231
-0.378741
-0.558910
0.031041
-0.335584
-0.283344
-0.234393
-0.315836
-0.353589
-0.461601
-0.310163
-0.483161
-0.271464
-0.271585
-0.327649
0.127370
-0.301338
-0.445812
-0.155016
-0.281979
-0.275923
0.048795
-0.387272
-0.260034
-0.463516
-0.276698
-0.101480
-0.267542
-0.275966
0.063069
-0.427719
-0.352288
-0.366000
-0.345123
-0.419114
-0.541103
-0.421722
-0.254694
-0.179435
-0.415131
-0.175840
-0.186516
-0.449743
-0.206585
-0.476099
-0.286232
-0.141821
-0.260023
-0.775494
-0.280631
-0.329918
-0.295321
-0.392562
-0.367316
-0.614773
-0.061056
-0.334529
-0.261581
-0.375078
-0.494785
-0.273002
-0.358609
-0.076106
-0.156350
-0.289422
-0.574101
-0.337414
-0.359261
-0.330657
-0.194560
-0.289963
-0.294142
-0.252467
-0.229767
-0.420805
-0.492502
-0.243347
-0.396115
-0.292095
-0.594128
-0.346311
-0.134716
-0.702321
-0.386800
-0.196724
-0.441908
-0.324576
-0.262722
-0.414180
