1
512
-0.215154
-0.705565
-0.383058
-1.517374
-0.472264
-0.891957
-0.872916
-0.668159
-1.218509
-1.528105
-0.382760
-1.388546
-0.365307
-0.993349
-0.520127
-1.647434
-1.129719
-0.968979
-1.044691
-1.611149
-1.506922
-1.784845
-0.174360
-1.560274
-0.414735
-0.757236
-0.247204
-1.513772
-1.349943
-0.923851
-1.081764
-1.515820
-1.594373
-1.451701
-0.865663
-0.574998
-1.292609
-0.530858
-0.975579
-1.645766
-1.813276
-0.704431
-0.957790
-0.898651
-0.540827
-1.551160
-1.393999
-1.139094
-1.712917
-0.586362
-0.533067
-1.706993
-0.917713
-0.838227
-0.473299
-1.205081
-0.154107
-0.727303
-0.440601
-1.288633
-0.516797
-0.376019
-0.754922
-0.478461
-0.348739
-0.465651
-0.775724
-1.535472
-0.802686
-0.559107
-1.823059
-1.198650
-0.702667
-0.487783
-0.916188
-1.371199
-1.310480
-0.639828
-1.824342
-1.588040
-1.136161
-0.864146
-0.671074
-1.664392
-1.423358
-1.082882
-0.736977
-0.443132
-1.358666
-0.464570
-0.256422
-0.760863
-1.130863
-0.453743
-0.788126
-0.631706
-1.478317
-1.492020
-0.426235
-1.093802
-0.862028
-0.383956
-1.632942
-1.181053
-2.207946
-1.504410
-0.945496
-1.465009
-1.459690
-1.592531
-1.242582
-0.493013
-0.314785
-1.063081
-0.676422
-1.427517
-1.828990
-0.496218
-1.204696
-1.057622
-1.298517
-0.249809
-1.217527
-1.155686
-1.730583
-1.827517
-0.108253
-1.273311
-1.731866
-0.763973
-1.021122
-0.309719
-0.674661
-1.186014
-0.601717
-0.268467
-0.530028
-1.432401
-1.156209
-1.163374
-1.031363
-0.522263
-0.320055
-0.651023
-0.498858
-0.031051
-1.905426
-0.650459
-1.807343
-0.393154
-0.513029
-0.782482
-0.327386
-0.024147
-1.687851
-1.594662
-0.483969
-0.790384
-1.331949
-0.623376
-0.311115
-1.747915
-0.469348
-0.699283
-2.000039
-0.670495
-0.831387
-0.953699
-1.667618
-0.778751
-0.873104
-0.439177
-0.984367
-1.563599
-1.339529
-1.566605
-0.557442
-0.707789
-0.383352
-0.619681
-1.160910
-0.551418
-0.713361
-0.936200
-0.224915
-1.804203
-1.522263
-1.820480
-0.823074
-1.931377
-0.044191
0.181589
-1.675785
-0.653191
-0.737915
-1.469738
-1.374892
-0.195695
-1.077729
-1.399488
-1.155675
-1.410413
-1.048476
-1.342770
-1.157367
-0.730452
-1.631611
-0.798356
-1.067695
-1.261251
-0.319039
-0.443214
-0.817305
-0.527635
-1.672287
-1.418525
-0.705866
-1.826045
-1.665182
-1.422598
-1.212788
-0.317628
-1.166389
-0.722699
-1.087174
-0.988560
-0.681396
-0.400342
-1.848414
-0.555237
-1.744254
-0.681390
-1.108453
-1.259242
-0.072301
-0.593757
-0.749554
-0.613677
-1.267308
-0.669354
-1.480913
-1.600131
-0.485465
-2.230330
-1.238687
0.062187
-0.497578
-0.696008
-1.573148
-1.145563
-0.330757
-1.524253
-1.122175
-0.510517
-1.290269
-0.166037
-0.645305
-1.454769
-0.581302
-0.235525
-0.728177
-0.371119
-0.269209
-1.688128
-0.847586
-2.209726
-0.941628
-0.722674
-1.176937
-0.691312
-0.350984
-2.028679
-1.331027
-0.982553
-1.971809
-0.706604
-0.990200
-1.374444
-0.328669
-1.328915
-0.863232
-1.907242
-1.006381
-1.328353
-0.577236
-0.443945
-0.781410
-0.886810
-0.526429
-0.921719
-0.459287
-1.386018
-0.877447
-0.445885
-0.302887
-1.237104
-0.147193
-1.477456
-0.813719
-0.674136
-0.391026
-1.302787
-1.434568
-0.926564
-1.347556
-2.009998
-1.558577
-0.579867
-0.484010
-0.892373
-0.847590
-1.180107
-0.770901
-1.659754
-1.112019
-1.603856
-1.700415
-1.684349
-1.116615
-0.524433
-1.100026
-0.401544
-0.625888
-0.713707
-1.623075
-1.207925
-0.466262
-0.564497
-1.349304
-0.222997
-0.803044
-0.095269
-1.604099
-1.131823
-0.894641
-1.752873
-0.781817
-0.093785
-1.330787
-0.712878
-0.462932
-0.902472
-0.406893
-0.569920
-1.026639
-0.388243
-1.474362
-1.452700
-0.752811
-0.408915
-1.102669
-0.726465
-0.110898
-0.760509
-0.843049
-0.464895
-1.186041
-0.334417
-0.575797
-0.640580
-0.980555
-1.739289
-0.475653
-2.091480
-1.165617
-1.496188
-0.721382
-1.556398
-0.409377
-0.531164
-1.752225
-0.388593
-1.947812
-0.569588
-0.594701
-1.668258
-0.124733
-1.327120
-0.450768
-0.566401
-0.452702
-0.103829
-0.695138
-0.599052
-0.536590
-1.341230
-0.402961
-0.440670
-0.634306
-1.310882
-0.168729
-1.295980
-1.482048
-1.005115
-0.735776
-0.274144
-0.483957
-1.795512
-0.454540
-0.681550
-1.649285
-1.375080
-0.551822
-1.128732
-1.093067
-0.446555
-0.779575
-1.228019
-0.429709
-0.744530
-0.460332
-0.431289
-1.375499
-1.206537
-1.230077
-0.621147
-1.047895
-1.892440
-0.472054
-1.989781
-0.716797
-0.490343
-0.679899
-0.736291
-0.923464
-0.227994
-2.126363
-0.617315
-1.662320
-0.941529
-1.193362
-1.155907
-1.823975
-0.445897
-1.064859
-1.297372
-1.334112
-0.733980
-0.742937
-0.737717
-1.743275
-0.307696
-0.509421
-0.485618
-0.548191
-0.933208
-1.475893
-0.407008
-1.592859
-1.080030
-0.756367
-0.420556
-0.750512
-0.400124
-0.685762
-2.065843
-1.667188
-0.719571
-1.724309
-0.454568
-0.975558
-1.989765
-0.580170
-1.517142
-0.586060
-0.380761
-0.565353
-1.031059
-0.354094
-0.654177
-0.382888
-0.453295
-2.224343
-1.604303
-0.934389
-1.675700
-1.502185
-1.406792
-0.908413
-0.529025
-1.417085
-0.826416
-0.431217
-0.438542
-0.568535
-0.281515
-1.284078
-0.642433
-1.566788
-1.163213
-0.650793
-1.537859
-0.644094
-1.777596
-1.330463
-1.572760
-1.181731
-1.099642
-0.821009
-1.242227
-0.965193
-0.284036
-1.293727
-0.763356
-1.324687
-0.190133
-0.841946
-0.720421
-1.442832
-1.003778
-0.596669
-0.607699
