1
102
0.427430
-0.114022
-0.143856
0.798863
-0.119652
-0.009818
0.238461
0.730067
-0.807037
0.368186
-0.432216
-0.752792
-0.088971
-0.063771
-0.133673
-0.591745
-0.408979
-0.269440
-0.028339
-0.245520
-0.062087
-0.476074
-0.200881
-0.591034
0.066662
0.015836
-0.577332
-1.049037
-0.651539
-0.880612
-0.246655
0.224501
-1.485982
-0.791510
-1.227786
0.039663
-0.502150
-1.144700
-1.124911
-0.977944
0.178004
-0.055875
0.126947
-0.450920
0.001559
-0.996111
-1.268326
-0.138789
0.047697
-0.084314
-0.220320
-0.067551
-0.420399
-1.412307
-1.341856
0.147950
-0.076167
-0.353309
-0.087876
0.184166
-0.646517
0.021125
-0.248867
0.101897
0.075148
0.004148
-0.145076
-0.013368
-0.153134
0.000530
-0.102019
-1.348533
-3.204654
-4.721381
-0.042006
-0.115536
-0.423651
-1.867628
-0.984842
-2.715055
-2.002067
-0.771614
-0.203964
-0.806154
-0.684442
0.099874
-6.651890
-6.629138
-6.664735
-6.653048
-6.571497
-6.212152
-1.928888
-1.423578
-5.782579
-6.695442
-5.883974
-4.323881
-5.915316
-5.058878
-5.031455
-6.508100
