1
512
0.083907
-0.045452
-0.103718
-0.032709
-0.058892
0.047198
-0.009368
-0.081362
0.116720
-0.101543
0.029556
0.027390
0.077579
0.043411
-0.105737
0.008376
0.028000
-0.068294
0.036503
-0.013918
-0.022463
-0.024252
-0.106425
0.015988
0.047641
0.142211
0.029521
-0.167965
-0.085616
0.118103
0.148003
-0.075465
0.002935
0.010597
0.116531
-0.033542
-0.122875
0.001424
-0.028098
-0.053175
-0.012995
-0.208760
-0.014211
0.044158
-0.043956
0.020682
0.104981
-0.083908
-0.158195
-0.100542
0.074997
-0.002207
-0.075677
0.004936
0.001353
0.003301
0.040735
-0.067521
-0.014445
-0.031345
-0.098579
0.110982
0.041134
0.025610
-0.010997
0.031418
0.044101
0.056962
-0.011448
-0.056413
0.036807
0.007421
0.023123
-0.084307
0.133406
0.098986
-0.074271
-0.000830
-0.072566
0.130216
-0.141433
0.036533
0.158466
-0.130347
-0.076591
-0.072407
-0.026424
0.094604
-0.009220
0.091065
-0.108157
-0.100387
-0.079928
-0.185172
-0.027831
-0.091167
-0.105130
0.013399
0.115737
0.081408
-0.066662
0.140053
-0.048577
0.120866
-0.131150
-0.034645
0.003895
0.074757
-0.049274
-0.002507
-0.056915
-0.015672
-0.227108
0.043077
0.032971
-0.012556
-0.001018
0.044909
-0.219507
0.069238
-0.031192
-0.052935
0.010906
-0.014945
0.091101
0.021644
-0.079718
-0.056804
-0.018042
0.020264
-0.026626
-0.009193
-0.073616
-0.146492
-0.082418
-0.003130
-0.008603
-0.024055
0.120782
-0.198158
0.047499
0.103540
0.050294
-0.155315
-0.035942
0.055515
0.137522
-0.047472
0.013675
-0.102280
0.140715
0.005161
-0.153812
0.106128
0.090530
0.038988
-0.035940
0.053957
0.051555
0.065287
0.121454
0.181797
0.099563
0.010347
-0.065146
0.109697
-0.057068
-0.044206
-0.042148
-0.096986
0.040798
0.070263
-0.009161
0.072931
-0.089619
-0.118532
-0.034196
0.063518
0.136872
0.057379
-0.025132
0.027016
0.049333
-0.020182
-0.023360
-0.035287
0.088529
0.058322
0.019316
0.055941
0.063577
-0.071939
0.109462
0.012255
-0.067621
-0.096464
-0.090675
-0.018396
-0.008230
0.009760
-0.007319
0.072935
-0.137927
0.071505
-0.114714
-0.060571
-0.007332
-0.082470
-0.178773
-0.066629
-0.002508
0.014100
-0.000903
0.012228
-0.070772
-0.050894
0.007868
0.010755
-0.045923
0.018529
0.106722
0.059891
-0.048826
0.022117
0.101043
0.164848
0.128119
-0.045748
-0.007985
-0.067981
0.110920
0.102996
0.029538
0.059193
-0.065225
-0.036718
0.039559
-0.097563
0.014743
-0.105206
0.022557
0.077843
-0.062242
0.081982
-0.123724
-0.163939
-0.001924
0.070267
0.056616
0.123139
0.005452
0.049435
-0.012736
0.015450
0.064427
-0.121811
-0.002243
-0.123672
0.022767
0.070008
0.099925
0.103030
0.044477
0.058647
0.135524
-0.070065
-0.001253
-0.041737
0.091845
-0.039925
-0.001006
0.079716
-0.043616
0.077679
0.019960
-0.050294
-0.064015
0.031653
0.038021
0.012195
-0.061362
0.052971
-0.064833
0.032484
-0.024871
-0.042236
-0.020431
0.068888
0.135123
0.056963
0.016952
-0.022048
-0.051730
-0.055451
0.063276
0.177440
-0.068110
-0.035268
-0.012102
-0.066305
0.125826
-0.007699
0.062036
-0.045305
-0.016400
-0.051823
0.066477
0.017012
-0.142677
-0.013502
0.032690
0.013391
0.004377
-0.019019
0.026359
-0.126531
-0.175250
0.169616
-0.012768
0.083961
0.049202
0.076616
-0.097844
0.071933
-0.136083
0.036417
0.054188
0.109790
-0.077710
-0.089740
0.197786
-0.072890
-0.102355
-0.007540
0.021224
-0.013468
0.061575
0.115021
0.046566
-0.104308
-0.147698
-0.033083
0.111093
-0.038514
-0.017810
-0.092103
-0.123780
-0.055234
-0.097463
-0.093269
0.030332
-0.058329
0.003772
0.009847
-0.025876
-0.029535
-0.080381
0.022435
-0.092331
0.034015
0.089078
0.060375
0.074813
0.026239
-0.135706
-0.056947
0.133539
0.034480
-0.001391
-0.067020
0.101617
-0.034625
0.064555
0.067286
-0.097921
0.013582
0.182978
-0.031344
0.005496
0.045031
-0.028127
0.130504
-0.027631
-0.075726
-0.042818
0.069016
0.079267
0.028017
-0.034904
0.021875
0.052531
-0.017194
-0.023573
-0.023900
0.092324
-0.028468
0.151139
-0.070530
0.070571
0.158860
0.066141
-0.005776
0.017203
-0.138179
-0.008297
-0.057307
-0.118761
-0.098594
-0.037817
-0.182607
-0.001083
-0.021624
0.171869
0.058984
0.057821
-0.067907
-0.130980
-0.112901
-0.072181
-0.023596
-0.078674
-0.064394
-0.052123
-0.051977
-0.004811
0.146631
0.040226
0.021892
0.151537
0.127188
0.003277
0.162248
-0.274430
-0.018562
-0.063685
0.032054
-0.112681
0.050178
0.098325
-0.075488
-0.042857
0.076207
0.002076
-0.015166
0.091143
-0.053354
-0.055082
0.000738
0.014007
-0.044861
-0.007404
-0.071609
-0.109244
0.121121
0.010159
-0.044636
-0.086780
-0.013092
-0.112178
0.152031
0.008662
-0.057237
0.018494
0.132254
0.005954
0.032214
0.111433
0.102206
0.075456
0.019847
0.009754
0.136520
-0.080944
0.014797
0.031817
-0.188383
-0.026321
0.103745
-0.060846
0.012558
0.090934
-0.018729
-0.066041
0.081827
0.047407
0.023736
0.021015
0.096584
-0.019705
-0.054139
-0.004133
0.052066
-0.005619
-0.040039
-0.009309
-0.009419
0.003450
0.066693
0.001940
0.116429
-0.001966
-0.009102
0.091834
-0.063585
-0.039736
-0.013556
-0.000885
-0.006666
-0.041893
-0.102467
-0.043153
-0.071205
