1
512
-0.095017
0.120343
0.204309
-0.065828
-0.135652
-0.074560
-0.526721
0.273895
0.489383
0.215103
0.213509
-0.025058
0.128432
0.021616
0.009679
-0.139602
-0.009477
-0.142956
-0.193320
-0.047575
-0.011241
0.243764
-0.031239
-0.433235
-0.171721
-0.020838
0.486455
0.254871
0.105580
0.417474
-0.106054
-0.061538
-0.173583
-0.537782
0.068070
0.074320
-0.075700
-0.123478
-0.137536
-0.075940
-0.007701
-0.478368
-0.045513
0.165989
-0.332906
-0.104653
0.012462
0.432962
0.038707
-0.074758
-0.264674
-0.206859
-0.006158
-0.178158
0.195601
-0.015050
-0.130764
-0.290513
0.066257
0.175032
0.235065
0.025369
0.276083
0.025247
0.050235
-0.195624
-0.062617
0.007892
-0.043285
-0.357894
0.397538
-0.002446
0.075571
-0.208509
0.143495
-0.030311
0.026822
0.453397
0.188958
-0.081675
0.038492
-0.088520
0.207369
0.087488
0.023906
-0.064135
0.111108
0.050873
-0.187281
-0.154299
-0.027748
-0.364020
-0.077409
0.165828
-0.063225
0.373307
-0.032164
-0.113136
0.191344
-0.143296
-0.413233
-0.084733
-0.099936
0.059594
0.258982
0.544794
0.095136
-0.416704
-0.192480
0.394244
-0.046952
0.547925
0.017464
0.649173
-0.405486
0.051765
0.134641
-0.033151
-0.285673
-0.063060
0.061457
-0.109601
0.200234
0.175991
-0.473872
-0.227290
0.086011
0.181645
0.073281
-0.386331
-0.349194
-0.085173
-0.227850
-0.369379
-0.018972
-0.298820
0.114196
-0.037806
-0.038002
0.602881
-0.242951
0.093962
-0.096823
-0.011879
0.321697
0.026033
0.001897
-0.178990
-0.218255
0.111826
0.233801
0.124133
-0.255062
-0.075504
-0.042079
0.018334
0.179830
0.080591
0.272421
-0.141480
0.476236
-0.396353
-0.639774
-0.570017
0.280765
-0.106609
-0.330243
-0.359620
0.030948
0.047999
0.119051
-0.072213
0.030762
0.194031
0.018776
-0.023742
0.269633
0.041390
-0.219526
-0.135446
0.028895
-0.595302
0.254872
0.023696
0.035359
-0.046321
-0.367140
0.539417
-0.099346
-0.158087
0.005647
-0.327836
0.069446
0.536621
-0.258192
0.123549
-0.253972
-0.064103
0.036262
0.237455
0.343708
-0.084956
-0.139339
0.154128
-0.058354
0.032958
-0.122256
0.843522
-0.215598
-0.346327
0.201018
-0.011191
-0.197304
-0.138128
-0.465205
-0.086011
-0.064766
0.266039
-0.038230
0.327512
0.024366
0.082229
-0.069083
0.192563
0.076804
-0.551635
-0.009490
0.273653
0.256921
0.108204
-0.082427
0.037553
0.035326
0.210537
0.255514
0.295379
0.377251
0.143562
0.094083
0.232249
-0.073231
-0.248848
-0.116994
0.501777
0.224640
0.011752
0.139749
0.108733
0.184188
0.453328
-0.246917
0.472791
-0.066109
0.202689
-0.038083
0.258961
0.111716
0.016023
0.185540
-0.004261
-0.183597
0.312071
0.488493
0.888659
-0.166483
0.229016
-0.117572
0.573730
0.434630
0.056475
-0.018682
0.101659
-0.050013
0.217571
-0.126264
0.082579
0.194366
-0.105249
0.410638
-0.128875
0.350695
0.312217
0.063444
-0.209079
0.172957
-0.210336
0.159347
0.442450
0.016502
0.021153
0.715464
-0.321802
0.455649
-0.151224
0.119563
-0.075279
-0.439596
0.638749
-0.071185
0.450784
0.281389
-0.004471
-0.191321
-0.206804
-0.096460
-0.198884
-0.018934
0.082294
-0.171922
0.354945
-0.070934
-0.000635
0.154696
0.137959
-0.073994
-0.046700
-0.238699
-0.464761
-0.004940
0.227729
0.360564
-0.028978
0.230706
0.093500
0.107015
0.058158
0.015110
0.025906
0.101389
-0.119142
0.253122
-0.205787
-0.011607
-0.082455
-0.317985
0.163707
0.194925
0.088692
-0.180549
-0.261702
0.296979
-0.176939
-0.590743
0.127064
-0.083210
-0.027949
-0.152134
0.150942
-0.012982
0.059355
-0.512250
0.241295
0.226978
-0.197869
0.451155
0.774898
-0.065790
0.199425
-0.311277
-0.088770
0.042840
-0.348398
-0.266603
-0.200666
-0.005281
-0.288667
0.193846
-0.089285
-0.575299
0.102976
0.119517
0.111161
0.013398
0.014793
-0.049799
-0.014925
-0.028742
-0.425908
0.155110
0.415640
0.552249
-0.291632
0.050201
-0.297044
0.134873
-0.194257
0.199767
0.407200
0.231460
-0.345694
-0.030696
-0.223495
-0.019240
-0.051101
0.151222
0.442060
0.006878
0.040898
-0.310937
0.113607
0.030524
0.015502
0.585765
0.133682
0.055318
-0.037523
0.101768
-0.093595
0.493487
-0.211522
0.236633
0.111192
-0.191128
-0.337309
0.215986
-0.101609
-0.226212
0.083211
0.104335
0.278342
-0.282344
-0.287198
-0.129170
-0.188901
0.262726
-0.286673
-0.022251
-0.048539
0.006032
0.296253
-0.055384
-0.060567
-0.519976
-0.274817
-0.122169
0.648560
-0.011243
-0.268638
0.258261
-0.085373
-0.094635
0.219671
0.185611
0.233773
0.154435
-0.151345
-0.348768
-0.115077
0.115992
-0.087169
0.067521
-0.169556
0.038326
-0.113675
0.154759
-0.100818
-0.283917
0.098229
-0.040047
-0.047634
-0.042254
-0.043979
0.030371
0.283514
-0.009209
0.273990
-0.023510
-0.104720
-0.280196
-0.280941
0.280490
0.368195
0.034715
-0.131247
0.277379
-0.565208
-0.035670
-0.054586
0.004116
-0.135109
-0.115282
0.066989
-0.273850
0.090750
0.257645
-0.503628
-0.135848
0.039565
-0.162316
0.149993
0.105880
0.281674
0.259549
0.389738
-0.005717
-0.766575
0.084134
-0.096978
-0.005918
0.149905
-0.096111
-0.217199
-0.040503
0.606147
0.042374
0.057071
0.295226
0.295644
0.574504
0.274406
0.070174
-0.031709
