1
512
0.137290
-0.023075
-0.165424
0.140639
-0.111300
0.117026
0.238987
-0.161699
-0.308631
-0.279940
0.199842
-0.030422
0.092473
0.143266
-0.301367
0.240528
-0.054916
-0.057450
0.335574
0.302838
0.067449
-0.068489
-0.200494
-0.289447
0.052611
-0.171790
0.131738
-0.296390
-0.160661
0.175406
-0.089063
0.119009
-0.482307
-0.307305
-0.135651
-0.015332
-0.084384
0.094646
0.168528
-0.200760
0.137688
0.005234
0.059504
-0.474706
-0.080114
0.012094
0.090151
-0.107723
-0.280071
-0.182982
-0.250918
0.385806
0.118889
-0.149041
0.321325
-0.004318
0.212764
0.030767
-0.052705
-0.253591
-0.005044
-0.295880
-0.308298
-0.497187
-0.303552
-0.248319
0.162316
-0.168952
-0.133333
0.209592
0.040010
0.149223
-0.068552
-0.229305
0.080673
-0.100347
0.047739
0.100801
-0.165917
0.026583
0.319517
0.342649
0.174305
-0.040855
-0.017356
0.091166
-0.092886
0.318875
-0.407986
-0.310752
-0.282413
0.002888
0.255598
0.196212
0.012404
0.263431
-0.066048
0.302379
-0.076831
0.028264
-0.171312
-0.250103
0.286127
-0.057720
0.049863
0.131555
0.257668
-0.706462
-0.301069
0.028582
-0.185518
-0.433301
0.125407
-0.034863
-0.221663
0.063537
0.321630
-0.249468
-0.083176
-0.108150
0.101510
-0.082729
-0.129025
-0.283862
-0.079486
0.308636
-0.214977
0.140430
-0.055922
0.282179
0.239829
0.165680
-0.200035
-0.221285
0.191647
0.271404
0.127717
-0.125759
-0.120792
0.026764
-0.091349
0.238655
-0.199140
-0.306280
-0.103958
0.097676
0.063127
0.134217
0.167317
0.177412
-0.277783
-0.024615
-0.296929
-0.082482
0.268495
0.256648
0.177230
0.191878
0.114616
-0.113934
-0.433508
0.278407
0.088378
-0.040863
-0.029813
0.185390
0.010414
-0.017000
-0.059879
0.303984
0.068496
0.040736
0.176501
0.387650
0.190695
0.080224
0.061258
-0.157512
-0.021412
0.194215
-0.090989
-0.306177
0.306939
-0.077252
0.040325
0.127970
-0.245784
0.349138
-0.313801
-0.351989
-0.114594
0.051676
-0.288618
-0.284956
0.412209
0.154229
-0.018104
0.157471
-0.032015
0.140942
-0.248265
0.169143
0.011122
-0.096352
0.099021
-0.203790
-0.230977
0.337039
0.065996
-0.576719
0.029940
0.028042
-0.348066
-0.201822
0.166433
0.105440
-0.160835
0.371307
-0.197187
0.055161
0.106565
-0.188144
0.236249
-0.229385
-0.032219
0.110716
-0.112494
0.302831
-0.332469
0.193794
-0.114819
0.112977
0.003680
0.212782
0.113157
-0.258096
0.088663
0.101005
0.299185
0.215729
-0.375415
0.064320
0.070853
-0.118987
0.048793
-0.003148
-0.184919
-0.360730
-0.162563
-0.133348
0.093382
-0.167521
-0.173525
-0.118588
-0.031186
-0.082858
0.169196
0.063762
0.150378
0.042246
0.157514
0.006824
0.195959
0.136078
-0.148714
-0.148586
-0.092938
-0.153029
-0.031795
-0.027500
-0.297798
0.423885
-0.159365
-0.169044
-0.362095
0.045255
0.412072
0.164696
-0.038331
-0.104901
-0.215253
-0.172069
0.106199
-0.174659
0.060540
0.184673
-0.075478
-0.002359
0.043419
0.282718
-0.207445
0.127929
0.093813
-0.057122
0.146213
-0.305271
0.103127
-0.132182
-0.071145
0.073922
-0.078290
-0.119851
-0.200490
-0.369253
0.251860
0.183816
-0.151266
0.034043
0.094260
0.071956
0.036955
0.003268
0.200793
0.129117
-0.268125
-0.018876
-0.197382
0.108471
-0.247227
-0.007922
-0.128720
0.325945
0.471094
-0.062619
-0.379445
0.191371
0.134237
0.075464
-0.217886
0.043347
0.178646
-0.002084
-0.003891
-0.003313
-0.088587
0.245602
-0.135428
-0.243952
0.092856
0.066502
0.110792
-0.076845
-0.138697
0.076942
-0.021197
0.104065
-0.399690
0.142068
0.132521
0.138250
0.228196
0.144234
0.313334
0.143373
-0.117622
-0.459608
0.134555
0.061910
-0.116747
0.201706
0.219923
0.052505
-0.186192
0.044356
-0.155895
-0.174389
0.286686
0.104850
0.001014
0.284763
0.253103
0.077898
0.307955
-0.122028
0.195071
0.242879
0.089378
0.281316
0.024413
0.012768
0.397537
0.027993
-0.071068
0.102118
0.078942
0.136024
-0.207954
-0.131517
0.113356
0.057414
-0.161395
0.661690
0.216714
-0.003425
-0.063908
0.271337
0.115374
0.336564
0.152420
0.092936
0.131103
-0.094767
-0.001767
-0.325129
-0.124578
0.048254
0.162445
-0.239992
-0.119452
-0.070720
-0.373160
-0.057635
0.046863
-0.259784
-0.059893
-0.215419
-0.078318
-0.063243
0.275037
0.038282
0.121022
-0.296164
0.009536
0.255437
-0.143347
-0.272471
0.351804
0.168118
-0.017956
0.038636
-0.208062
0.316689
-0.006317
0.011541
-0.252359
-0.015956
-0.329544
-0.028388
0.074790
0.195089
-0.234935
-0.180209
0.481909
-0.316609
0.073457
0.233810
0.360387
-0.042639
0.328104
0.224946
0.148639
0.044600
-0.118782
0.188776
0.476528
-0.278367
-0.206488
-0.296394
0.004421
-0.050726
-0.055981
-0.080027
0.391554
-0.317435
-0.078556
0.109332
-0.062476
-0.272922
0.156152
-0.155001
0.110860
-0.166663
-0.084815
0.746461
-0.111729
-0.029322
0.101296
-0.212897
-0.140295
-0.053124
0.139930
-0.050271
-0.047001
-0.021145
-0.125195
-0.176289
0.187609
0.110824
-0.133025
0.044928
0.060482
-0.264800
-0.155923
-0.079718
-0.086487
0.075162
-0.091167
-0.033997
-0.143753
-0.007167
0.008031
0.098431
0.300554
0.244436
0.034701
0.065932
-0.231930
0.124644
-0.033032
0.024316
0.166246
0.192155
