1
512
1.118601
0.559711
0.920747
0.718315
0.477727
0.258723
0.743797
0.331897
0.864270
0.206692
0.652447
0.419535
0.569091
0.231185
0.536496
0.698719
0.875163
0.302527
0.626058
0.957559
1.193874
0.383546
1.067696
0.870723
0.582471
0.883350
0.568006
-0.192151
1.171543
-0.532230
0.646107
-0.146818
0.501523
0.762646
0.226714
0.778044
0.508941
0.106666
0.094030
0.425666
0.484759
0.034101
0.143928
0.342632
0.906042
0.532184
0.440723
0.013555
0.023674
0.664001
0.676027
-0.073783
1.029756
0.393035
0.061665
0.918406
0.669429
0.293112
0.784815
0.225228
-0.118061
0.810392
0.893822
0.922438
0.480920
0.821030
0.575454
-0.282046
0.054078
0.467679
0.009519
0.628032
-0.157627
0.592332
0.040685
0.771302
0.264745
0.249458
0.795530
0.513582
0.131554
0.943105
0.615592
0.482958
1.355870
0.448416
0.533154
0.450289
1.072175
0.721143
-0.029049
0.643277
0.377632
-0.109698
-0.097855
0.080064
0.910267
0.039127
0.389163
0.856525
1.010911
-0.320452
0.430899
0.308830
0.222420
0.626340
0.182762
0.214224
-0.102628
0.562168
0.922398
0.719693
-0.172622
0.166004
0.107587
0.349933
0.649443
0.893145
0.467926
0.420378
0.153029
0.842791
-0.046142
-0.380730
0.745775
-0.139722
0.601385
0.741672
0.954888
0.477630
0.176428
-0.318372
0.486660
0.481269
0.334939
0.441651
0.724214
0.752389
0.393180
0.110095
0.838649
0.781903
0.845232
0.631903
0.506776
0.553259
0.136528
-0.029737
0.385280
0.685444
0.271018
0.023850
1.011140
0.667153
0.328550
0.671013
0.112532
0.857285
0.523365
0.919234
0.643556
0.483330
-0.020333
0.742018
0.375928
-0.386689
0.881764
0.749189
0.455393
0.409610
0.319222
1.107828
0.477604
0.602132
0.710819
0.566767
0.391227
1.186693
0.637047
0.357449
0.965956
-0.400234
0.631577
0.548399
0.733907
1.112267
-0.111734
0.265454
0.509829
0.462801
0.447048
-0.119320
0.684980
0.480204
0.108209
0.364019
0.380517
-0.238431
1.032211
-0.024333
0.852109
0.787521
0.835030
0.604401
0.856299
0.323250
0.084584
0.300022
0.894837
0.425989
-0.479607
0.414472
0.481122
0.720073
0.544737
0.796459
0.759592
0.994031
0.328070
0.705592
0.650020
0.436280
-0.195587
0.466608
0.448182
0.217030
-0.283114
0.923588
0.127520
0.770198
0.317050
0.168193
0.538548
0.006234
0.251967
1.032195
0.777753
-0.459399
1.198155
0.136441
0.588121
0.462116
0.575255
0.764104
1.168394
0.441199
0.621366
0.946083
0.482418
0.742693
0.429437
-0.111908
-0.019377
0.895151
0.644090
0.680113
0.319171
-0.049913
0.647540
0.543144
0.466201
-0.554153
0.645671
0.329178
0.288639
0.357543
0.367005
0.387174
0.838859
0.676594
0.785770
0.539027
1.027936
0.580387
0.021757
0.041939
0.593757
-0.368515
0.595977
0.551518
0.304767
0.685096
0.657607
-0.097578
0.363896
0.806419
0.798672
0.677539
0.456003
0.460949
0.218701
0.455633
-0.028075
0.247503
0.525213
0.109036
0.341834
-0.053053
0.408255
0.575043
0.484866
0.123434
0.989195
0.973583
0.940476
0.101845
0.665155
-0.388412
-0.557779
0.203939
0.660842
0.662323
0.379888
0.439997
0.365427
0.247493
0.731638
0.340852
0.112472
-0.086322
0.670384
0.918623
1.011571
-0.391385
-0.029952
-0.126787
0.702592
0.239926
0.387487
0.499166
0.565173
0.522359
0.011581
0.277388
0.667707
0.743114
0.171323
0.906022
0.395501
0.213708
0.688866
0.333724
0.073900
0.219088
0.636830
-0.382195
0.682034
0.469660
0.530237
0.331404
0.447265
0.637631
0.742022
0.495209
0.265687
0.027334
0.631787
0.555685
0.219010
0.201238
0.185442
1.023441
-0.613972
0.242046
0.241209
0.602030
0.834331
0.869233
0.924124
0.286912
0.375115
0.637675
0.413885
1.089697
0.670898
0.759116
-0.304498
0.300621
0.595002
0.581294
0.887053
0.803923
0.335617
0.508908
-0.377549
0.775066
0.265911
0.718387
0.476837
0.550488
0.614753
0.789426
-0.033848
0.464343
0.091025
0.837353
0.127506
0.987746
0.514475
0.455725
0.506326
0.389578
0.571988
0.190685
0.423489
0.678255
0.005062
0.780753
0.316108
-0.109115
0.466183
0.259267
0.073102
0.980368
0.534897
0.363434
0.273232
0.438570
-0.044527
0.115008
0.413727
0.452898
0.577567
0.983010
0.163764
0.282719
0.105544
0.433838
1.034567
0.355114
1.006615
-0.254058
-0.680501
0.802480
0.048962
0.708773
0.761706
0.877122
0.972289
0.586788
0.454235
0.102959
0.617371
0.883722
0.576928
0.535306
-0.146181
0.134765
0.275313
0.527037
0.536777
0.480481
0.978991
0.616636
0.027088
0.478093
0.394039
0.676656
0.804663
0.709479
0.505717
0.776806
0.194772
-0.609948
0.595944
0.937672
-0.043075
0.005718
0.318912
-0.080975
-0.320281
-0.163183
0.624768
0.557571
0.016096
-0.531415
0.683457
0.696975
-0.382426
0.209294
0.542619
0.418267
0.318314
0.409654
0.921781
1.078891
0.464912
0.181730
0.509928
0.545972
0.045360
0.961181
0.880350
-0.006021
0.680545
0.589220
0.495586
0.198928
0.439742
0.253898
0.157090
0.301080
0.369374
1.013650
1.011711
0.623119
0.399932
0.186160
0.144924
0.221759
0.632360
0.729889
