1
512
1.046316
1.169436
0.905405
0.903002
0.637388
0.289024
0.697647
0.902224
0.636992
0.355062
1.283495
1.117783
1.111136
0.647188
0.916988
0.895341
1.080961
1.000590
0.831839
-0.098154
0.972255
0.773666
0.157131
-0.139815
0.949802
1.090073
0.671590
0.185299
1.047190
0.502828
0.938234
0.841524
-0.635975
0.467444
1.014414
0.343305
1.233596
1.019603
0.861308
0.844492
0.824520
0.887497
1.075763
0.284453
0.889775
0.972246
0.913564
1.002671
0.905498
0.991035
1.104916
1.189033
1.049970
1.005226
1.092234
0.689463
0.374357
0.526541
0.277052
0.409281
1.066930
0.993145
1.138683
0.900722
0.162500
1.103187
1.008526
0.980412
0.950195
0.976153
0.089717
-0.363812
0.831723
0.842643
1.120645
0.192548
0.508764
0.184585
0.343569
0.941019
0.667165
1.187646
0.430803
1.014821
1.002759
1.037772
1.133613
0.733873
1.115967
1.197033
0.304292
0.003514
1.135286
0.785804
0.957089
1.137971
1.061551
1.077212
0.818548
1.120897
0.147035
0.829834
1.064214
1.001515
0.609974
0.891017
1.091100
0.888637
0.485164
0.604049
1.010585
-0.203132
0.697903
0.551398
0.195906
0.905865
1.010876
1.044302
0.962949
0.814304
0.844908
-0.274020
1.029817
0.069068
0.920312
0.022140
0.031553
0.652796
0.934310
-0.055575
-0.328829
0.971357
1.116703
1.053578
1.178743
1.163886
0.846051
0.886204
1.125454
-0.072388
0.797987
0.697338
0.013062
0.902360
0.544402
0.516655
-0.179018
0.029876
1.012389
0.989433
0.942689
0.499003
1.129638
1.137735
0.712462
0.756888
1.069516
0.593762
-0.335299
-0.188064
-0.263610
0.849579
0.912908
1.003581
0.806766
1.033287
0.823110
0.722099
1.010457
1.095923
0.037796
0.615465
0.901454
0.071260
0.779766
-0.294783
1.105149
0.709166
0.771044
1.040266
0.791734
0.666855
0.955993
0.111798
1.117437
0.976288
0.977009
-0.210450
0.783051
0.923674
0.609603
0.806905
1.002571
0.945331
0.136080
0.858024
0.911489
0.766196
1.121794
0.764969
0.987459
0.991944
-0.133110
1.107785
1.014223
0.894742
1.130967
0.499243
-0.168213
0.872372
0.628559
1.045180
1.042551
1.007553
0.056052
1.023158
1.028618
0.669225
0.960159
1.061021
0.703560
0.733501
1.034858
0.940854
0.989601
0.821372
1.007216
1.035521
1.192469
1.130803
0.514833
0.937548
0.784433
-0.028297
0.113923
-0.181177
-0.460220
1.092401
1.080233
1.016898
1.101235
1.016945
0.238173
0.767694
1.010363
0.902415
1.132873
1.008154
0.907224
-0.100183
1.044379
0.492811
-0.618550
1.119306
1.008013
0.059533
1.128042
0.935115
1.075833
-0.015846
0.895140
0.588422
0.001342
0.315326
1.225138
-0.451847
0.168019
-0.162315
-0.085855
0.934623
0.898494
0.820928
0.919151
-0.185762
0.282916
1.129083
0.074158
1.050160
0.653827
0.442246
0.103055
1.048932
1.095080
1.061677
0.792916
0.516950
0.828028
0.729159
0.946276
0.725920
-0.140105
1.168601
-0.182731
1.104209
-0.032976
0.962479
-0.103432
0.073080
0.570091
0.256088
0.096248
0.824957
1.112203
-0.768704
1.010580
1.060882
1.099903
0.907625
1.193700
0.974998
0.975208
0.882985
1.127076
0.901119
0.640124
1.139874
0.332759
0.963947
1.002671
0.951501
0.372067
-0.090125
0.027088
0.954609
0.865844
1.081846
0.841718
0.744913
0.877127
1.100428
0.406995
0.892218
1.121373
1.009573
0.889208
1.180004
1.129808
0.985321
0.829255
1.042968
0.495530
1.006453
0.204181
1.162966
0.948455
0.869193
0.824590
1.045645
1.078205
-0.020822
0.568955
0.151969
1.248355
0.843397
-0.176654
0.306569
0.139085
0.567423
1.133412
1.079204
0.957236
1.023488
0.698489
-0.572675
0.929415
0.926431
1.100716
0.209738
-0.093175
0.857969
1.038762
0.793543
1.126063
0.495013
0.874703
0.881659
0.090302
0.050985
-0.015523
-0.064439
0.917107
0.806678
0.851891
-0.217576
1.135460
1.217574
0.747487
-0.262692
0.382038
0.720457
0.986816
0.851887
0.812733
-0.325990
0.976396
0.996045
0.966204
1.116852
0.777786
0.948609
1.071199
0.988878
0.742397
1.139204
1.092217
0.966748
0.973441
0.064384
0.720159
0.289376
1.238515
1.038761
1.095934
-0.204591
-0.356240
0.764989
0.882170
1.168298
0.560354
-0.134546
1.206016
1.104807
0.985000
1.119099
1.021101
1.114047
1.115874
0.746035
1.039531
0.101615
1.013369
0.941744
0.023467
1.010823
0.738359
0.674380
-0.132967
0.885987
0.875503
1.323879
0.142236
1.020663
1.060122
1.263254
1.132936
0.734104
1.077531
0.761864
0.968998
0.671595
1.067581
1.092380
1.045164
1.303758
0.532722
0.876399
0.591824
1.128495
0.844762
1.131894
0.963722
0.775119
1.042068
-0.168496
0.823957
-0.207541
1.046453
1.098021
1.141002
0.781752
1.073647
0.344414
0.792454
0.447910
1.014316
0.412409
1.006450
0.262077
-0.321739
1.087807
1.207734
0.889530
0.912008
0.230793
-0.210692
0.065152
0.865508
0.946483
0.730767
1.025322
0.842444
0.788722
0.315955
0.873155
0.842566
0.293565
0.817915
1.026999
1.165346
0.957022
1.040446
1.122857
0.888923
0.064884
1.047934
0.992023
1.006542
1.033618
0.732124
0.999856
1.133060
0.058854
