1
512
0.717438
0.972308
0.658750
0.737114
1.131753
1.030025
0.484913
0.839170
0.569994
0.720726
0.599565
0.704195
0.897510
0.831194
0.623734
0.497376
0.916840
1.070248
0.457933
0.723136
0.598540
0.844777
0.598505
0.647612
0.713114
0.982222
0.707968
0.600061
0.804004
0.649848
0.557849
1.078582
0.427343
0.546371
0.597720
0.982355
1.002277
0.366732
0.846552
0.428371
0.517379
0.707614
1.189545
0.463743
0.996862
0.636241
0.949775
0.725081
0.636892
0.636453
0.773451
0.484960
0.846106
0.415564
0.569517
0.555291
0.771207
0.882437
0.868488
0.523794
0.829224
0.629273
1.001379
0.392355
0.439831
0.786165
0.718129
0.522551
0.890131
0.876857
0.549475
0.871817
0.718825
0.534025
0.964384
0.910237
0.867997
0.724677
0.846783
0.843135
0.629429
0.700816
0.442568
0.720404
0.975460
0.440886
0.853820
0.489755
0.680982
0.551328
0.710577
1.026569
0.093885
0.445837
0.993134
0.594549
0.642675
0.627714
0.808350
1.008491
0.742531
0.764102
0.773216
0.969341
0.661398
0.852543
0.595191
0.092461
0.548214
0.530524
0.924961
0.638119
0.740617
1.105908
0.750418
0.944336
0.555695
0.803322
0.693775
0.936987
1.040768
0.996108
0.625517
0.883074
0.900246
0.724381
0.826179
0.253500
0.842249
0.848895
0.788217
0.771514
0.878497
0.705621
0.484689
0.523042
0.885482
0.606285
0.539631
0.962325
1.081091
0.538328
0.835928
0.510094
0.328178
0.813376
0.161139
0.724216
0.774592
0.596546
0.621582
0.578641
0.754154
0.488483
0.805849
0.662217
0.684765
0.808437
0.809720
0.876409
0.640776
0.689016
0.770477
0.594580
0.719894
0.781831
0.490551
0.853299
0.678831
0.902244
0.922788
0.936309
0.978692
0.542150
0.787550
0.405663
0.470246
0.772973
0.662564
0.686102
0.807846
0.509747
0.635769
1.028820
0.503108
0.905304
0.704437
0.589568
0.209386
0.576227
0.771788
0.551822
0.740542
0.683943
0.446599
0.370560
0.917364
0.914185
0.983644
0.823358
0.983294
0.323151
0.673380
0.780519
0.851849
0.774497
0.774864
0.337711
0.938942
0.306357
0.782445
0.397556
0.263077
0.849414
0.998954
0.451303
0.470415
0.681791
0.676839
0.489277
0.799914
0.637547
0.423065
0.542114
1.061696
0.861196
0.416190
0.687943
0.671410
0.890205
0.765705
0.795243
1.124332
0.813115
0.635054
0.710040
0.716769
0.572541
0.688861
0.715491
0.687916
0.852979
0.876856
0.877269
0.914884
0.704352
0.856189
0.598301
0.440431
0.919748
0.801100
0.531624
0.782712
1.149067
0.349889
0.920234
0.471807
1.064246
0.919304
0.885521
0.648890
0.909824
0.818588
0.655614
0.617837
0.731132
0.937282
0.341371
0.663288
0.977166
0.729976
0.251317
0.999722
0.572400
0.232352
0.572007
0.417668
0.448994
1.127780
0.782193
0.727120
0.353234
0.727516
0.794487
0.402992
0.546687
0.599944
0.396701
0.423029
0.673422
0.685482
0.494665
1.023757
1.036578
0.869545
0.778090
0.809676
1.002159
0.847686
0.826210
0.375859
0.572185
0.756118
0.612058
0.781111
0.733248
1.147053
0.616400
0.942019
0.642746
0.840691
0.694990
0.593836
0.670504
0.389867
0.528936
0.740714
0.896706
0.446242
0.383736
0.905688
0.736530
0.535872
0.620748
0.503851
0.756250
0.789890
0.511179
0.820580
0.871644
0.703122
0.665868
0.695781
0.521818
0.454984
0.796781
0.413991
0.666594
0.677355
1.026932
0.334446
0.968881
0.222808
0.664875
0.633588
0.899231
0.201263
0.433911
0.314681
0.610663
0.912673
0.962929
0.617853
0.799371
0.736405
0.467285
0.846391
0.864190
0.971709
0.811801
0.610959
0.864436
0.304346
0.697618
0.656528
0.638292
0.674695
0.880258
0.557454
0.538917
0.436575
0.945241
0.751866
0.765744
0.451192
0.572205
0.369654
0.660289
0.962112
0.392419
0.648566
0.628865
0.654010
0.990458
0.844441
0.836486
0.839445
0.745129
0.893564
0.682615
0.659663
0.344098
0.805441
0.451859
1.028013
0.573655
0.797897
0.691227
0.762122
0.937918
0.495537
0.765522
1.104908
0.682724
0.238738
0.923558
0.821201
0.568993
0.468253
0.897462
0.758512
0.903427
0.853353
0.595246
0.745468
0.793388
0.639515
0.511764
0.889886
0.901609
0.640022
0.776674
1.046088
0.685994
0.673485
0.731018
0.609303
1.021778
0.612997
1.009314
0.779250
0.700274
0.244477
0.790143
0.830072
0.926592
0.775190
1.239181
0.837185
0.399986
0.993507
0.712402
0.417193
0.669307
0.479237
0.819226
0.517002
0.754802
0.593443
0.917837
0.627730
0.732571
0.606923
0.217611
0.545271
0.768009
0.773834
0.597396
0.734235
0.863577
1.014035
0.835751
0.478622
0.649189
0.740987
0.242047
0.582567
0.613137
0.715949
0.906486
0.966702
0.396194
0.863846
0.268129
0.882695
0.796083
0.914995
0.158285
0.582014
0.870543
0.678210
0.610902
0.538714
0.890812
0.839801
0.616118
0.869257
0.878569
0.474003
0.296639
0.672931
0.356542
0.601558
0.178954
0.611366
0.737963
1.212812
1.133144
0.620534
0.489216
0.901799
0.649310
0.555517
0.320833
0.673569
1.071401
0.674236
0.624487
0.498921
0.571478
0.685242
0.631937
