1
512
-0.359952
0.772582
-0.227447
0.078518
0.140336
0.050759
-0.106480
0.413543
-0.133417
0.037179
0.009373
0.256991
-0.295578
-0.018292
-0.107429
-0.171654
-0.335143
-0.010977
-0.061176
-0.016624
-0.485414
0.159189
-0.243798
-0.151115
-0.115626
-0.206071
0.048137
0.600779
-0.344220
0.333788
0.053525
0.218655
-0.043594
-0.008683
-0.001478
-0.126553
-0.037764
-0.056530
0.073125
-0.115527
0.057059
0.867253
0.095267
0.067695
-0.073061
-0.159424
0.165626
0.148629
0.569407
-0.224207
0.092076
0.296353
-0.101435
-0.116918
0.401523
-0.379805
0.062934
0.001956
-0.049058
0.689823
0.460276
-0.217441
0.000098
-0.273735
0.112233
-0.053285
-0.038998
0.494606
0.267569
-0.063911
0.443879
-0.022750
0.469490
0.046982
0.252946
-0.013153
0.096248
-0.008173
-0.288193
0.134318
0.350138
0.055518
-0.040264
0.152380
-0.499410
0.306463
-0.016866
0.022695
-0.098995
0.030043
0.461265
0.049935
-0.097476
0.358098
0.435512
0.374587
-0.371414
0.610887
0.148941
-0.054842
-0.131488
0.486700
-0.233534
0.331849
0.272976
-0.290261
0.811020
0.181536
0.929111
0.003622
-0.144096
-0.114986
0.510076
0.094353
0.113660
0.697348
-0.085292
-0.270131
0.064534
-0.130421
0.121286
0.026202
0.450346
0.803444
-0.236675
0.784385
-0.174777
-0.371828
-0.067717
0.109904
0.260853
0.603151
0.042373
0.308363
0.109935
-0.047535
-0.055554
-0.172808
-0.270413
0.419355
-0.516084
0.004475
-0.019015
0.017361
-0.022329
-0.017874
0.418204
0.552501
-0.108234
-0.143596
0.150606
0.549230
-0.137245
0.214047
0.004579
0.335131
0.414595
-0.128668
0.307979
-0.051135
-0.066902
-0.028041
0.497366
-0.071908
0.328709
0.610611
-0.068807
-0.192480
0.245565
0.423546
0.024103
-0.271268
-0.053441
-0.049358
-0.064047
-0.094987
-0.080385
-0.632087
0.038376
-0.178628
-0.338221
0.392225
0.096302
-0.023974
-0.170088
-0.337331
0.449023
0.118361
-0.006770
-0.005337
-0.184333
0.489461
0.158257
0.406850
0.255391
0.269713
-0.091229
0.631472
-0.242543
0.511927
-0.021752
-0.108028
-0.220490
0.010308
-0.227993
-0.264312
0.648501
-0.168529
-0.262142
0.369056
0.452443
0.256780
-0.050758
-0.182551
0.018062
-0.155562
-0.106787
-0.301187
0.338026
-0.324005
-0.292718
-0.080629
0.697210
0.278238
-0.013811
0.475614
0.586186
-0.394155
0.109310
-0.122444
0.400224
0.171818
-0.119522
0.212073
0.129115
-0.417259
-0.106925
0.282145
-0.433030
0.659115
0.187638
-0.001438
0.129747
-0.208162
-0.558712
0.162144
0.033674
-0.258863
-0.065643
0.005883
0.071247
0.370807
0.676244
-0.157937
0.098822
-0.146937
-0.178298
0.168884
0.010658
0.179451
0.041674
0.579137
-0.407274
0.168270
0.364402
0.043143
0.252990
0.227689
0.064107
0.165958
0.073888
0.215204
-0.317514
-0.035300
0.320219
0.128982
0.015117
0.514747
0.099855
0.196425
0.365900
-0.181098
-0.093952
0.236222
0.057302
0.133851
-0.158913
0.064664
0.227093
0.200650
1.007733
0.362479
0.096415
-0.025022
-0.022450
0.212302
-0.140328
0.688975
0.201293
-0.324761
-0.007666
0.229233
-0.276801
-0.335151
-0.346711
0.057126
-0.059654
0.439847
0.617843
0.586171
-0.089791
0.133116
-0.324109
0.141608
0.166044
0.323770
-0.178926
0.062222
0.827568
0.232885
-0.429210
0.008014
-0.196741
0.423146
0.411559
0.447020
0.084871
0.317957
0.054728
0.151311
0.150014
0.218195
0.888992
0.309287
0.044450
-0.326416
0.192745
-0.367908
0.197497
0.284615
-0.220557
0.196947
-0.026892
0.100845
-0.304503
0.592633
-0.030263
-0.032627
-0.044410
0.181719
-0.083996
-0.064694
0.140289
0.025006
0.160666
0.711524
0.036901
-0.226365
0.007987
0.305355
-0.119303
-0.034292
0.498614
0.120711
0.062872
-0.010310
-0.122916
0.091189
-0.420617
0.106038
0.109001
-0.049394
0.258817
-0.329521
-0.157553
0.495698
0.810192
0.034081
0.042134
0.043844
0.135077
-0.091731
-0.043937
-0.044691
0.568859
-0.258227
0.225192
0.138099
-0.146382
-0.044243
-0.124902
-0.197268
0.558511
0.053201
0.345608
-0.144896
0.261763
-0.233092
0.156466
0.301099
0.151825
-0.041451
0.018314
0.188543
0.448316
0.088112
0.282765
-0.322827
0.120292
0.413052
0.056022
0.147786
0.296780
-0.289206
-0.007762
-0.096236
0.074442
0.202949
0.466742
0.320637
0.353412
-0.004273
-0.003511
-0.197003
0.221288
0.205350
0.202765
0.166331
-0.117291
0.210702
-0.135078
0.703500
0.746989
-0.266377
0.338389
-0.196250
0.128980
-0.101890
-0.308395
0.266798
0.242608
-0.062705
0.080066
-0.216543
-0.183982
0.094104
0.114246
0.273050
0.064908
-0.232762
0.152400
-0.013104
-0.139741
0.176127
1.054605
0.011214
0.148571
0.114090
-0.383405
-0.082616
-0.079036
-0.174156
0.186099
0.544540
-0.325117
-0.431180
0.557480
0.185907
0.249166
0.234117
0.312152
0.512251
-0.194876
0.071645
0.221376
0.368055
-0.245141
-0.186843
0.119693
0.202277
0.142893
0.034166
0.317817
-0.037771
-0.312289
-0.256931
-0.026404
-0.012715
0.174942
0.110983
0.252729
-0.314743
-0.224856
0.215508
-0.378984
0.191522
0.183194
0.142965
0.128321
0.458983
0.360553
0.343879
0.060667
-0.394142
-0.196211
-0.137378
0.211416
0.240454
0.400559
0.298668
-0.019090
-0.081517
