1
512
0.118116
0.110253
-0.096616
0.405335
0.183426
1.117417
0.304896
0.140031
1.076223
-0.110345
-0.289352
0.058634
-0.158548
-0.028202
-0.031340
0.255810
0.001937
0.157649
-0.213335
-0.186288
0.172585
-0.327321
0.038066
-0.261705
0.169863
-0.117084
-0.114068
0.373879
-0.179255
-0.270955
-0.095205
0.023167
0.034274
0.416400
-0.095881
0.269239
-0.689281
-0.153327
0.084094
-0.070362
0.124326
0.481628
0.260213
0.062648
0.110015
0.088049
0.109722
-0.331683
0.078857
0.302476
-0.224347
0.095353
0.202572
0.200277
-0.171736
0.074438
-0.151772
0.404980
-0.110942
-0.337060
-0.032819
0.396920
-0.146746
0.104000
0.096436
0.114483
0.121860
0.003200
-0.136288
0.620917
0.364161
0.239343
0.057111
-0.037583
-0.187009
0.201997
-0.370742
0.689147
-0.076894
0.175289
-0.148160
0.294606
0.235964
0.169712
-0.050980
0.033529
-0.081918
0.076582
-0.260110
0.111574
0.059186
-0.156097
0.172763
0.043261
0.256481
-0.088861
-0.085005
0.173683
0.054840
0.065495
0.167392
0.058896
0.297082
0.027948
-0.025577
-0.129019
-0.131307
0.029744
0.234324
0.312458
-0.168748
0.342557
-0.348522
-0.060825
-0.103846
0.037034
-0.007634
0.120537
0.419108
0.175345
0.185738
-0.014111
-0.354226
0.315925
0.241951
0.264119
-0.114150
-0.568919
0.186093
0.132350
-0.490781
0.342684
-0.364143
-0.038866
-0.067089
0.121955
0.247519
0.029456
-0.002110
0.084929
-0.064074
0.256473
0.072682
0.014544
-0.219577
0.043370
0.282690
-0.137240
0.023683
0.162407
-0.322059
0.265528
-0.216741
-0.191870
0.033957
-0.138139
0.143017
-0.093597
-0.355823
-0.455638
-0.129489
0.290601
0.115784
0.058719
0.033224
-0.022094
-0.168345
0.423495
0.295014
0.182945
-0.170900
0.180731
-0.348542
0.022162
-0.273592
0.196579
-0.107429
0.019021
0.154139
-0.000811
-0.106495
0.029810
0.348822
-0.550163
-0.114153
0.071843
-0.214804
0.219637
-0.180408
0.237791
0.069134
0.181757
0.171543
0.161305
-0.743861
-0.165412
-0.044707
-0.241858
-0.248943
-0.308551
-0.067709
0.147413
-0.371951
-0.329262
0.192617
0.385240
-0.019902
0.736823
0.067500
-0.019307
0.173207
-0.055554
0.021367
-0.047906
0.529062
0.093250
0.204964
0.089468
0.044572
0.131094
0.304084
-0.164408
0.289167
0.156678
0.222342
0.532829
0.071538
-0.006990
0.311363
0.220633
-0.098035
0.275767
-0.141343
0.776649
-0.014058
-0.211602
0.413682
0.275984
-0.048712
-0.075536
0.042834
0.205897
-0.140473
0.222727
-0.064450
0.238206
0.105880
-0.122177
-0.014923
-0.089068
0.108846
0.467247
-0.591560
-0.005751
0.234557
0.112925
0.252518
-0.218171
0.109868
-0.301256
-0.143007
0.146021
0.132874
-0.187259
-0.295971
0.049744
-0.028455
0.395311
0.104664
-0.106748
0.075994
-0.145225
0.007618
-0.067679
0.177344
0.084375
-0.315404
0.029243
0.435556
0.295547
0.047085
0.069631
0.082385
0.269070
0.223874
0.096961
0.212041
0.275753
0.279615
0.067136
0.046497
-0.127813
0.297108
-0.180190
-0.308361
0.320048
0.224686
-0.441246
0.035914
-0.241291
0.457022
0.230722
0.127592
-0.916866
-0.145554
0.156157
0.100338
0.095235
0.031071
0.380966
0.330026
0.049846
-0.011235
0.021069
0.076453
0.270665
-0.625199
0.141678
-0.117871
-0.081047
-0.102300
-0.101067
-0.120986
0.106223
-0.229550
0.148961
0.164068
-0.039440
0.115337
-0.011641
-0.471253
0.029446
-0.126768
0.257500
-0.143663
0.129882
-0.048248
0.114045
0.510185
-0.007346
-0.036042
0.256901
-0.047470
0.306506
-0.260044
0.026510
0.167289
0.074376
0.046055
-0.426239
-0.537384
-0.389033
0.092824
-0.253880
0.140588
-0.394893
0.134864
-0.094997
0.046824
-0.074353
0.084756
0.292181
0.217536
0.176201
-0.124299
-0.023740
0.317116
0.260630
0.165683
-0.081128
0.129558
-0.075400
-0.022951
0.383821
0.133879
-0.028293
-0.021227
0.154103
0.220217
-0.040619
0.493870
0.353396
-0.056597
0.362323
-0.145364
-0.206289
0.238197
0.190075
0.092089
-0.157381
0.079527
0.136580
-0.132688
-0.076098
0.085237
-0.204160
0.137679
0.101291
-0.182566
0.123402
0.055232
0.006020
-0.548120
0.137094
0.018804
0.027670
0.153716
-0.191046
0.725584
0.072769
-0.375950
0.103340
-0.010763
-0.144105
0.072523
0.588704
-0.176535
-0.130095
-0.207318
-0.361656
0.137908
0.056207
-0.169598
0.128317
-0.336020
0.131643
-0.155139
-0.196135
0.129587
0.197222
0.286979
0.035446
0.092589
0.063550
-0.041031
-0.099345
-0.242820
0.258217
0.195886
0.271983
0.669486
-0.256653
-0.076233
-0.078576
0.187892
0.160161
0.192313
0.201076
-0.047629
0.200787
-0.170826
0.245427
0.288756
0.270891
-0.106061
0.182309
0.334649
0.105401
0.105934
-0.166641
0.021021
-0.038461
0.122252
-0.183993
0.111658
-0.236408
-0.131303
0.006968
0.050355
0.224781
0.042615
-0.031484
0.133474
0.524454
-0.103024
0.053565
-0.138613
-0.151570
-0.031054
0.085023
-0.114999
0.046155
0.411687
0.198874
0.169398
0.116078
-0.070104
0.099207
0.069853
0.055376
-0.159758
0.020488
-0.086244
0.044554
-0.025949
-0.208903
-0.162045
-0.278696
-0.022953
0.043116
-0.253607
0.141137
0.114008
-0.434559
0.479493
0.316139
0.272087
-0.328257
-0.113870
-0.226880
0.083161
-0.363331
