1
512
0.197994
-0.001770
-0.073886
-0.312408
0.025942
-0.348385
-0.329982
0.224049
-0.298569
-0.167364
-0.097655
-0.128356
0.049524
-0.079582
-0.252018
-0.036487
0.060570
0.200264
-0.217684
-0.254462
-0.376917
-0.062204
-0.211153
0.085141
-0.272443
0.030098
-0.065649
0.145043
-0.105916
-0.108760
-0.183653
-0.140236
-0.406437
-0.292470
-0.114327
-0.133528
0.041940
-0.498221
0.059528
-0.333438
-0.638562
-0.165320
0.085128
-0.366319
-0.260913
-0.103386
0.166740
-0.466921
-0.412939
-0.359487
-0.343765
-0.312252
0.019947
-0.472482
-0.181856
-0.494698
0.164731
-0.070305
-0.108976
-0.203687
0.099865
-0.200212
0.175260
-0.457414
-0.554854
-0.497329
-0.086512
-0.206172
0.135488
-0.073824
0.101970
-0.060732
-0.248985
0.347243
-0.263371
-0.119389
0.236331
-0.232564
0.094025
-0.420530
0.277878
0.095400
0.034995
-0.370738
-0.020144
-0.469718
-0.084058
-0.036335
0.238263
-0.332832
-0.009901
-0.499380
-0.228523
-0.282807
-0.007992
-0.112828
-0.523558
0.359152
0.058355
-0.086002
0.065943
-0.100084
-0.036280
-0.034064
-0.325746
-0.054598
-0.150554
-0.217469
0.198518
-0.733992
-0.070437
-0.244840
0.101141
0.351645
0.190068
-0.383910
-0.296910
-0.171336
-0.333762
0.133036
-0.376250
-0.034316
-0.174006
0.177716
-0.348203
0.119888
0.039405
-0.269062
0.042905
-0.058482
-0.032031
-0.025963
-0.011643
-0.094206
-0.231192
-0.278792
-0.029683
-0.280239
-0.804703
0.255547
0.237580
-0.340073
-0.242282
-0.153134
-0.391022
0.178389
-0.695465
-0.264908
-0.327586
0.038045
-0.058716
0.183322
-0.158054
-0.321751
-0.039513
0.279019
0.026093
-0.191164
-0.051377
0.193069
-0.135865
-0.080446
0.018732
-0.590527
-0.023906
0.081669
-0.570675
-0.363856
-0.155991
-0.044749
0.016746
-0.054710
0.324441
-0.090701
0.016418
-0.009339
-0.058108
0.169379
-0.151018
-0.570324
-0.040920
0.116752
0.094413
-0.236616
-0.263091
-0.302541
-0.010408
-0.171169
-0.243907
-0.243235
-0.222076
-0.566485
0.018183
0.000543
-0.022429
-0.391022
-0.063469
-0.030121
0.014832
-0.411119
0.012042
-0.575186
-0.059651
0.102637
-0.648065
-0.107958
-0.027274
-0.439370
-0.099479
0.052394
-0.212554
0.023839
-0.418980
0.131858
0.032519
-0.215428
-0.137672
-0.187339
-0.338729
-0.295579
0.134775
-0.413270
-0.403026
-0.095135
-0.270082
-0.272105
-0.257725
-0.478829
0.003123
-0.013224
-0.032033
-0.043029
0.211376
-0.110460
0.085032
-0.138614
-0.159951
-0.069927
0.121168
0.039811
0.241108
0.175295
-0.285003
-0.042969
0.234804
-0.668981
-0.124395
-0.274973
-0.146771
0.337757
0.229441
-0.542293
-0.333437
0.182384
-0.436739
-0.095048
-0.434973
-0.088423
-0.089021
0.075393
0.019680
0.168977
0.266041
-0.117275
-0.376636
-0.001808
-0.023105
-0.325467
-0.982271
-0.304871
-0.008675
-0.084033
-0.258916
-0.299302
-0.379219
-0.251052
0.079215
-0.025465
-0.005833
-0.339873
-0.040685
-0.267101
0.062131
0.004970
-0.393930
-0.091952
-0.511490
-0.027409
0.135898
0.183007
-0.183869
-0.322127
0.056487
-0.048623
0.031248
-0.219209
0.049418
0.002908
-0.048625
0.098615
-0.529324
-0.383587
-0.013054
0.207983
-0.085032
-0.004454
0.171676
-0.117298
-0.088718
-0.442319
-0.203027
0.171488
-0.483415
-0.263032
-0.698804
-0.669994
-0.009806
0.117870
-0.172127
-0.344437
0.132364
-0.102742
0.085916
0.011187
0.169736
-0.095924
0.014249
-0.477781
-0.008591
-0.259715
-0.206205
-0.200519
-0.188585
0.066698
-0.303091
-0.256771
-0.248570
0.145057
-0.475537
-0.016907
-0.395296
0.116925
-1.084559
0.149156
-0.050143
0.147451
-0.186587
-0.106807
-0.033380
-0.446436
-0.029425
-0.057285
0.053264
-0.335435
-0.340535
-0.381393
-0.298382
-0.310113
-0.374601
-0.139429
-0.321010
-0.242660
-0.515882
-0.096295
0.118036
-0.348270
0.004985
-0.129017
-0.292048
-0.231418
-0.071837
0.219827
-0.146002
-0.273385
0.039194
-0.247709
-0.409797
-0.266641
0.208615
-0.390157
-0.316760
-0.173613
-0.141970
-0.537423
-0.154373
-0.251951
-0.051200
-0.186297
0.107841
-0.403284
-0.148149
-0.251776
-0.027266
-0.441863
0.325095
-0.347726
-0.160415
-0.029554
-0.142421
-0.316907
0.021124
-0.491637
-0.546047
-0.104722
-0.082065
-0.189904
-0.076163
-0.158537
-0.310923
-0.422911
0.480554
0.004466
-0.301261
0.091500
-0.596547
0.020696
-0.384868
-0.322379
-0.012040
-0.314021
-0.313232
-0.175716
0.114722
-0.302960
-0.133767
-0.201894
0.067614
0.089530
-0.342078
-0.008202
-0.105365
0.005907
-0.779956
-0.221558
-0.019016
0.154828
-0.158744
-0.229026
0.040710
-0.385403
0.002532
0.125048
-0.359235
-0.140663
0.147948
-0.251026
-0.522283
-0.272413
-0.013609
-0.114756
-0.367390
-0.034508
-0.048011
-0.218998
-0.415638
-0.138594
-0.192221
-0.079892
-0.431857
0.010435
0.009567
0.049612
0.001266
0.106930
0.217231
-0.931516
-0.660648
0.335239
-0.262404
-0.062396
-0.015357
-0.280293
0.062401
0.076536
-0.149771
-0.170499
-0.561582
-0.211488
-0.178839
-0.184135
-0.202633
-0.135314
-0.396021
-0.464179
-0.055045
-0.496400
-0.075534
0.066342
-0.500478
-0.228906
-0.356810
-0.089730
-0.481039
0.172188
-0.386448
-0.051390
0.216366
-0.580541
-0.192890
-0.313827
0.257011
0.003833
-0.785730
-0.473050
-0.654657
-0.344671
-0.164713
0.044499
-0.255589
-0.278431
-0.077217
-0.141526
