1
512
-0.667675
-0.356712
-0.510852
-0.473602
-0.593341
-0.505958
-0.500786
-0.265982
-0.622974
-0.209560
-0.240484
-0.393824
-0.346666
-0.135212
-0.633481
-0.560217
-0.522879
-0.207607
-0.555086
-0.534996
-0.773248
-0.161945
-0.373531
-0.541454
-0.472971
-0.212147
-0.279665
-0.177280
-0.555120
-0.233552
-0.438702
-0.422232
-0.309727
-0.539102
-0.222381
-0.262039
-0.506550
-0.193843
-0.237267
-0.639162
-0.454367
-0.413233
-0.611377
-0.221565
-0.495779
-0.668610
-0.398822
-0.404928
-0.283248
-0.461032
-0.542485
-0.084853
-0.342136
-0.431412
-0.373582
-0.647247
-0.384624
-0.536485
-0.417644
-0.395883
-0.143816
-0.685914
-0.637754
-0.573297
-0.325893
-0.441726
-0.382072
-0.373694
-0.292913
-0.299569
-0.112325
-0.683429
-0.095443
-0.426942
-0.256833
-0.359942
-0.469497
-0.485790
-0.488154
-0.402562
-0.271504
-0.642943
-0.377293
-0.159587
-0.726801
-0.226737
-0.330331
-0.410685
-0.779902
-0.502804
-0.147398
-0.309782
-0.318006
-0.502885
-0.205430
-0.345995
-0.696181
-0.278642
-0.467331
-0.686643
-0.602651
-0.383033
-0.594378
-0.638585
-0.399761
-0.498327
-0.495473
-0.286083
-0.052441
-0.433950
-0.671849
-0.366842
-0.335086
-0.443213
-0.382895
-0.619010
-0.456172
-0.814723
-0.511183
-0.412716
-0.222555
-0.767261
-0.277025
-0.340773
-0.562054
-0.507917
-0.343291
-0.236835
-0.616660
-0.380622
-0.214217
-0.308220
-0.555849
-0.305010
-0.527832
-0.003886
-0.629458
-0.484126
-0.042361
-0.374246
-0.695384
-0.515883
-0.188889
-0.378835
-0.302650
-0.474679
-0.271237
-0.343293
-0.368174
-0.565374
-0.267198
-0.335762
-0.730860
-0.406318
-0.441046
-0.297323
-0.141796
-0.493155
-0.345620
-0.611001
-0.474916
-0.555071
-0.407137
-0.535875
-0.440566
-0.170684
-0.525414
-0.567552
-0.335554
-0.319495
-0.174182
-0.645453
-0.392084
-0.607027
-0.490949
-0.544924
-0.226191
-0.690897
-0.481206
-0.336975
-0.458361
-0.190680
-0.355357
-0.261629
-0.417449
-0.579883
-0.307700
-0.440975
-0.535671
-0.536255
-0.402719
-0.263799
-0.399144
-0.219004
-0.123250
-0.573136
-0.413372
-0.307898
-0.444265
-0.199649
-0.349775
-0.571663
-0.571376
-0.400873
-0.485089
-0.392088
-0.414108
-0.404149
-0.651320
-0.476823
-0.180635
-0.245709
-0.395559
-0.579372
-0.574544
-0.649733
-0.589640
-0.484615
0.020391
-0.360827
-0.336692
-0.244355
-0.270518
-0.220845
-0.461813
-0.258605
-0.200329
-0.459678
-0.488834
-0.607392
-0.181748
-0.113039
-0.586523
-0.333411
-0.451053
-0.625955
-0.518067
0.064235
-0.859499
-0.352777
-0.419875
-0.243813
-0.438903
-0.618218
-0.578765
-0.384159
-0.352183
-0.649146
-0.717132
-0.292220
-0.552884
-0.106076
-0.436212
-0.505514
-0.448273
-0.384262
-0.500472
-0.231897
-0.363494
-0.320067
-0.312970
-0.185288
-0.670839
-0.443863
-0.233631
-0.333325
-0.572039
-0.242280
-0.376306
-0.479127
-0.386957
-0.350182
-0.854533
-0.149270
-0.406799
-0.051742
-0.441734
-0.280744
-0.628136
-0.473307
-0.299558
-0.469616
-0.348519
-0.363691
-0.446378
-0.641005
-0.455207
-0.614557
-0.449219
-0.467327
-0.569654
-0.140475
-0.500905
-0.512437
-0.403724
-0.430904
-0.342647
-0.367014
-0.368393
-0.672390
-0.356247
-0.329081
-0.690362
-0.400934
-0.570796
-0.349791
-0.423526
-0.308190
-0.269894
-0.230574
-0.366705
-0.519531
-0.412847
-0.531397
-0.589197
-0.337161
-0.371265
-0.469312
-0.151867
-0.098752
-0.539118
-0.286108
-0.936387
-0.069315
-0.100946
-0.429367
-0.344427
-0.346177
-0.379894
-0.502601
-0.489468
-0.320927
-0.348622
-0.340037
-0.248600
-0.705524
-0.214287
-0.662324
-0.410482
-0.169842
-0.250170
-0.620584
-0.340256
-0.384124
-0.532284
-0.692804
-0.273749
-0.356497
-0.370904
-0.263149
-0.491706
-0.547376
-0.634468
-0.569283
-0.183156
-0.326585
-0.579138
-0.516889
-0.467735
-0.184730
-0.467245
-0.692767
-0.379351
-0.275809
-0.456688
-0.541976
-0.527145
-0.777071
-0.543123
-0.183004
-0.411047
-0.383572
-0.155615
-0.641595
-0.378137
-0.662713
-0.377816
-0.326075
-0.068131
-0.196747
-0.348010
-0.656465
-0.550975
-0.392490
-0.287003
-0.516103
-0.297865
-0.595957
-0.569853
-0.301821
-0.437162
-0.430575
-0.178700
-0.476022
-0.515668
-0.629038
-0.198504
-0.634731
-0.063760
-0.323434
-0.322754
-0.549963
-0.379024
-0.350206
-0.233241
-0.310286
-0.510896
-0.563774
-0.539660
-0.516203
-0.417500
-0.153753
-0.453307
-0.384204
-0.354779
-0.290132
-0.293302
-0.084089
-0.270364
-0.370269
-0.434182
-0.365504
-0.447450
-0.648007
-0.174181
-0.177135
-0.259473
-0.205977
-0.517549
-0.198111
-0.646810
-0.692782
-0.300573
-0.693581
-0.546821
-0.530338
-0.590308
-0.585278
-0.370734
-0.350861
-0.418036
-0.545517
-0.294814
-0.618318
-0.349407
-0.538664
-0.300921
-0.410029
-0.403339
-0.293172
-0.231139
-0.442084
-0.478548
-0.181721
-0.383110
-0.365448
-0.229620
-0.464514
-0.642718
-0.455301
-0.584605
-0.472133
-0.333211
-0.308297
-0.383196
-0.445674
-0.550259
-0.118613
-0.113475
-0.223440
-0.611387
-0.452454
-0.512424
-0.241818
-0.197759
-0.132856
-0.595003
-0.462879
-0.102717
-0.406302
-0.447310
-0.195570
-0.367947
-0.399579
-0.720371
-0.503855
-0.391774
-0.538483
-0.544432
-0.448001
-0.306535
-0.724474
-0.608227
-0.358658
-0.566389
-0.374086
-0.305904
-0.488553
-0.591952
-0.264447
-0.219883
-0.216299
-0.494716
-0.565441
-0.447492
-0.558911
-0.378588
-0.241012
-0.303381
-0.147564
-0.579694
-0.340600
