1
512
-1.316523
-1.467312
-0.467645
-1.565791
-0.026178
0.907829
-0.503776
-0.413412
-0.294785
0.086782
-0.592487
-1.324820
-0.649231
-0.706883
-0.794840
-0.944134
-1.184239
-0.561012
-0.291285
-0.212907
-0.867993
-0.844941
-0.477458
-0.198200
-0.480584
-1.205791
-0.097702
-0.178972
-0.954425
-0.571488
-1.338569
-0.834234
-0.302899
-0.274391
-0.775803
-0.059945
-0.767023
-1.188457
-0.865325
-1.262654
-1.447354
0.294434
-1.258580
-0.127705
-0.342082
-0.992473
-0.786492
-0.195175
0.194536
-0.892908
-0.862840
-0.370724
-1.006983
-0.331728
-0.743157
-0.565893
-0.513951
-0.053501
-0.509188
-0.100223
-0.397908
-1.109973
-0.441744
-1.342733
0.138272
-0.368864
-1.643611
-1.596448
-1.306914
-0.003338
-0.321417
-0.741367
-0.921029
-0.133563
-0.858328
-0.415523
-1.295763
0.327226
-0.504090
-1.780787
-0.217646
-0.829569
-0.553094
-0.876901
-0.831452
-1.373233
-0.892828
-1.081862
-0.849813
-0.967491
-0.834267
-0.463338
-1.169569
-0.336632
-0.614812
-0.071131
-0.944527
-1.384791
-0.531952
-0.640573
-0.614066
-0.773949
-0.993982
-0.891339
-0.671909
-0.914461
-0.829784
-0.255429
0.042919
0.419337
-0.656025
-0.061098
-0.431538
-0.120627
-0.200187
-1.195968
-0.905475
-0.726097
-0.069662
-1.296429
-1.199027
-0.665703
-0.577513
-0.137065
-0.689307
0.055591
-0.585247
-0.829527
-0.922510
-0.639862
-0.542566
-1.478321
-0.596007
-0.146308
-0.976416
-0.202932
-0.447474
-0.828521
-0.928877
-0.126882
-0.229993
0.058758
-0.192989
-0.586490
-0.690502
0.217627
-0.404085
-0.437349
-0.799892
-1.073338
0.084152
-0.080172
-0.343177
-0.927936
-1.081735
-0.520693
-1.021464
-0.502038
-0.185704
-0.405004
-0.365096
0.100347
-0.297366
0.420671
-0.509099
-0.258264
0.156048
-0.388380
-1.084153
-1.156752
-0.516780
-0.087115
-0.785309
0.102626
-0.726755
-0.437178
0.043306
-0.499630
-1.390477
-0.645507
-1.058800
-0.517177
-0.543326
-0.468968
-0.828853
-0.741443
-0.349637
0.082593
-1.564427
-0.904157
-0.520529
-0.610742
-1.180394
-0.047923
-0.729440
-0.479288
-0.456914
-1.494473
-0.840567
-0.778721
-0.535202
-1.290810
-0.778957
-1.174036
-1.167543
-1.532747
-0.723265
0.505660
-0.355982
-0.369813
-0.123979
-1.250104
-0.813388
-0.628708
-0.271924
-0.254011
-1.463913
-1.369828
-0.991230
-0.290024
-1.266427
-0.676488
-1.530207
-0.670697
-1.097597
-0.053796
-1.120924
-0.852649
-0.829244
-0.732026
-0.331525
-0.996549
-1.176133
0.431630
-0.126092
-0.594772
-0.754902
-0.791598
-0.986700
-0.584400
-0.468072
-0.613469
-0.336473
0.032466
-0.865353
-1.382202
-0.710740
-0.984980
-0.503123
-0.008282
-0.300042
0.360004
-0.383942
-0.988661
-0.753002
-0.720837
-1.187547
-0.954229
-0.408192
-0.617566
-0.652936
0.025308
-0.007058
-0.022632
-0.256447
-0.432912
-0.274425
-0.370199
-0.489815
-0.645495
-0.663374
-0.568675
-1.012820
-0.258833
0.333248
-1.291051
-0.289111
-0.975860
-0.263050
0.012743
-0.379605
-0.507828
-0.627860
-0.544182
-0.502509
0.100787
-0.690250
-0.503277
-0.868414
0.136306
-0.215717
-0.020928
-0.609843
-0.827883
-0.399777
-1.113772
-0.446223
-0.417117
-0.954847
-0.050237
-0.060346
-0.598168
-0.742573
-0.560241
-1.123451
-0.838721
-1.392650
-0.506043
-0.955391
-0.363513
-1.208233
-1.434221
-1.028085
-0.358432
-0.628505
-1.991397
-0.417643
-0.224976
-0.986079
-0.884322
0.123714
-0.751234
0.229120
-1.200091
-0.808871
-1.036193
-1.529352
-0.803535
-0.386810
-1.357265
-0.389410
-0.505128
-1.638307
-1.295636
-0.261251
-0.204471
-0.822883
-1.600441
-1.504226
-0.715271
-0.243430
-0.535945
0.149463
-1.364996
-1.086770
-1.303737
-0.480550
-0.681177
-0.952486
-0.716575
-0.169022
-0.465220
-2.040796
-0.405041
-0.292118
-0.797340
-0.145424
-0.821233
-0.329454
-1.183272
-1.601273
-0.561594
-0.571752
-0.898626
-0.745595
-0.909965
-0.559653
0.054979
-0.105124
-1.026597
-1.063203
-0.833294
-0.880411
0.025691
-0.922581
-1.155540
-0.496633
-0.023435
-0.138091
-0.701809
0.503687
-0.557972
-1.043758
-0.866543
-0.635186
0.063978
-0.094364
0.018508
-0.564296
-0.431700
-0.764402
-0.222440
-1.578976
-0.738828
-0.634258
-0.508168
-0.700663
-1.018147
-0.774336
-0.718757
-0.659245
-1.166424
-0.066860
-0.923570
-1.125644
-0.714380
-1.175564
-0.618842
0.314113
-0.201130
-0.571464
-0.868594
-0.687159
-0.295400
-0.236656
-0.743099
-0.642408
-0.805979
-1.097924
-0.855166
-0.384048
-0.475855
-1.158889
-0.000920
-0.634889
-0.246005
-0.761930
-0.490468
-0.934782
-0.121639
-1.089276
-1.377998
-0.329699
-0.498134
-0.603431
-0.425434
-0.382810
-0.259306
-0.271081
-1.451327
-0.341837
-0.119682
0.115932
-0.245019
-0.305910
-1.485509
-0.729360
-0.765716
-0.640934
-0.904273
-1.210134
-0.745395
-1.200509
-1.204361
-0.309643
-1.333234
-0.978292
-1.737785
-0.755971
-1.425608
-1.237591
-0.729531
-1.537897
-0.629806
-0.842613
-0.396280
-1.164950
-0.864496
0.013144
-1.298487
-0.080110
-0.317224
-1.783435
-0.821242
-0.261310
-0.089568
-0.897767
-0.336813
-0.586384
-0.776471
-0.753332
-0.846561
-0.406279
0.366554
-0.130426
-0.527669
-0.617876
-0.866301
-0.880190
-0.718058
-0.662196
-0.667459
0.147361
-0.256749
-0.089246
-0.002058
-1.407097
-0.433306
-0.755229
-0.581876
-0.629732
-0.555993
-0.397229
-0.227740
-1.077750
-1.658327
-0.146665
-0.811757
0.281907
-0.634837
-1.032696
-0.612920
