1
512
-0.877524
-1.622956
-0.726472
-0.511349
-1.503591
-0.073350
-0.875412
-1.273070
-0.164621
-1.208152
-0.637725
-0.162610
-0.409651
-1.205644
-0.561192
-0.526544
-1.011560
-1.302057
-0.530233
-1.258253
-0.762821
-0.401447
-0.404243
-0.887302
-0.054340
-1.187073
-0.649732
-0.715129
-0.949423
-0.528439
-0.233842
-0.189521
-0.463767
-1.073618
-0.302324
-0.455354
-1.062193
0.050907
-1.266390
-0.444950
-0.434288
-0.518867
-1.398278
-1.389983
-0.481634
-0.764067
-1.351306
-0.603012
-0.862203
-1.265047
-0.645229
-0.653692
-0.915859
-0.675028
-0.992205
-0.721461
-0.062508
-0.183686
-0.410981
-0.923062
-0.734756
-1.403183
-1.187560
-1.198707
-0.790435
-0.991583
-0.942922
-0.582893
-1.150582
-1.634793
-0.227069
-1.387724
-0.810466
-0.300206
-0.276889
-1.066529
-0.684310
-0.132876
-1.577080
-0.703999
-1.341552
-0.366725
-0.055593
-0.580668
0.137042
-0.781276
-0.732642
-0.924610
-1.236235
-0.804284
-1.293932
-0.788534
-0.553516
-0.430802
-1.329077
-0.877893
-1.324389
-1.084355
-0.544297
-0.070567
-1.256585
-0.646515
-1.560381
-1.433762
-0.309301
-1.281538
-2.010513
-1.115641
-0.714803
-0.582396
-1.023350
-0.994399
-1.320054
-1.265024
-0.961086
-0.601588
-1.108233
-1.518705
-0.952811
-1.455979
0.049549
-0.338117
-0.653532
-1.375504
-0.258381
-0.945978
-0.920978
-1.100189
-0.925388
-1.277325
-0.428584
-0.554983
-1.294380
-1.159597
-0.175051
-0.471960
-0.668401
-0.496609
-1.002589
-1.302601
-1.476120
-0.400394
-0.997844
-1.145931
-0.245981
-0.641552
-0.933030
-0.477701
-0.526164
-0.616820
-1.270286
-0.162549
-0.916353
-0.788902
-1.282689
-1.069573
-0.867998
-0.927395
-0.262285
-0.181480
-0.923693
-1.123789
-0.699329
-0.406674
-1.315957
-1.129813
-0.571354
-0.693909
-0.909500
-1.094177
-1.476322
-1.032268
-1.616127
-1.158358
-1.740434
-0.477331
-0.837955
-0.547653
-0.629913
-1.163243
-0.826995
-0.887978
-1.139662
-1.401459
-0.713886
-0.124116
-0.892540
-0.857635
-0.599114
-1.090672
-1.224206
-0.922294
-1.539729
-1.241822
-1.271448
-0.645664
-0.304887
-1.361695
-0.060542
0.139551
-0.740125
-0.580258
-0.684860
-0.679317
-0.623174
0.031026
-1.104472
-0.742584
-0.979251
-0.805788
-0.401626
-0.780620
-1.007599
-1.173888
-0.617808
-0.761356
-0.754090
-1.557181
0.015210
-0.015193
-0.610376
-0.384092
-0.921389
-1.101290
-0.603958
-0.524006
-0.411370
-0.731374
-1.153209
-0.691059
-0.874401
-1.270882
-1.142442
-0.994005
-0.533975
-1.293322
-0.506223
-0.628197
-1.031818
-0.821767
-1.019463
-0.676607
-0.178599
-0.955739
-1.489312
-0.602184
-1.220203
-0.891911
-0.672366
-1.285526
-0.348207
-0.596632
-0.739684
-1.478987
-0.419043
-0.434317
-0.565475
-0.491774
0.088360
-0.318292
-0.876804
-1.229441
-1.160632
-0.399689
-0.488111
-1.027649
-0.274020
-0.555306
-0.865673
-0.205758
-1.108915
-1.128163
-0.355109
-0.526112
-0.780719
-0.163227
-1.088887
-0.782714
-1.077369
-0.338677
-0.698218
-0.557873
-0.378636
-1.310695
-0.285310
-1.135912
-0.916361
-0.440080
-0.259407
-1.101884
-1.175813
-0.470873
-0.590912
-1.298479
-0.833832
-0.712038
-1.293450
-1.196184
-0.546816
-0.418354
-0.619298
-0.702633
-0.270444
-1.369039
-1.123842
-0.440417
-1.420394
-0.778831
-1.390177
-0.649022
-0.853589
-0.198875
-0.388382
-0.420695
-1.042423
-0.880111
-0.694755
-1.407836
-0.331808
-0.740337
-0.802017
-0.865497
-1.082165
-0.688005
-1.241260
-0.772282
-1.519808
-0.827354
-1.182412
-0.099813
-0.894331
-0.765473
-0.276774
-0.621759
-0.752998
-1.783054
-0.393475
-0.734086
-0.325719
-0.214858
-0.510048
-1.372619
-0.795435
-0.398504
-0.537454
-0.511808
-0.698221
-0.998094
-0.616115
-0.148233
-0.739464
-0.800376
-1.012030
-0.442727
-0.314525
-1.186766
-0.681111
-0.368813
-0.694910
-1.395227
-0.712364
-0.785533
-1.077982
-0.464418
-0.762204
-0.256453
-0.959757
-0.647775
-0.272694
-0.936988
-0.617154
-1.236548
-1.332103
-1.089720
-0.824962
-0.489644
-0.503671
-0.895427
-1.654469
-0.713931
-1.511968
-0.734136
-0.968125
-0.308151
-0.788847
-0.546326
-0.662851
-1.141156
-1.930598
-0.171418
-0.986252
-1.269475
-1.494371
-0.571779
-0.897450
-0.626387
-0.981611
-0.928503
-0.863716
-0.143864
-0.763550
-0.280212
-0.034499
-1.157995
-0.867670
-0.453412
-0.654729
-1.058698
-0.568756
-0.473147
-1.462048
-0.577488
-0.180929
-1.250233
-0.479691
-1.494290
-0.792350
-0.246353
-0.744044
-0.544409
-0.253526
-0.519402
-1.528953
-1.062182
-0.489555
-0.737377
-1.500307
-0.524126
-0.417190
0.380837
-0.478718
-0.372193
-0.482255
-0.776509
-1.214588
-1.169540
-1.306682
0.122683
-0.977259
-0.500786
-0.459257
-1.077923
-1.148743
-1.256571
-0.357872
-0.756246
-0.819887
-0.393907
-0.477781
-0.702730
-0.943636
-0.362159
-0.537885
-0.815243
-0.673981
-1.381768
-1.100791
-1.144354
-0.746365
-0.738249
-0.804832
-1.298006
-1.156085
-0.769556
-0.456172
-1.187171
-0.856225
-1.246061
-0.303511
-0.623887
-1.243207
0.036202
-1.006025
-1.279162
-0.620122
-0.513689
-0.330716
-0.209407
-0.860522
-1.511348
-0.802436
-0.093533
-0.497794
-0.551132
-1.315923
-0.774273
-0.945099
-0.963196
-0.716890
-0.561171
-0.227002
-0.842272
-0.449507
-0.451696
-0.072240
-0.226465
-1.481078
0.104282
-0.202088
-0.457234
-1.652349
-0.203769
-0.796946
-0.530394
-0.436915
-0.610463
-0.873623
-0.573337
-0.246479
-0.443184
-0.418971
-0.582230
