1
119
-0.971055
0.382588
-0.822657
-0.200178
-0.041344
-0.360303
-0.060228
-0.535699
-0.054745
-0.268345
-0.382219
0.168843
-0.109680
-0.281375
0.410397
-0.402906
0.017732
-1.455589
0.104797
0.153522
-0.507031
-1.022197
0.246510
-0.534977
-0.386765
-0.801440
0.217646
0.004261
0.169349
-0.216533
0.478636
-0.136301
-0.357770
-0.170609
0.295248
0.443017
0.854792
2.143586
-0.143798
-0.222102
0.480712
0.320982
0.280627
0.222757
0.299528
0.314100
0.618110
-0.356235
0.521039
0.210886
0.468765
0.005660
0.570963
0.173158
0.026111
0.593898
0.258828
0.543408
0.175061
0.458242
0.036871
-0.674929
-1.254251
0.059326
1.129310
0.609473
-0.169745
-1.282175
-1.305770
-0.120353
1.214418
-0.077573
0.596036
0.187212
1.043703
1.117687
0.686489
1.397753
0.022341
1.842523
-0.595674
-0.878032
-1.588887
-0.510503
-0.651774
-2.055411
-1.799469
-1.550620
-1.548636
-1.785002
-3.676607
-3.285023
-3.357428
-0.468725
-1.744857
0.995124
-0.531195
-0.187678
-3.794552
1.979588
-1.506863
-0.892749
0.767574
0.820687
-2.889944
-0.268836
-3.545456
-2.854227
-3.592548
-4.347135
-2.979143
-2.514960
-3.752400
-1.501096
-3.156011
-0.272499
-0.627983
-1.465738
-3.715151
