1
128
0.025965
0.022014
-0.094025
-0.013237
0.043167
-0.052626
-0.037053
-0.005608
0.169893
-0.049660
-0.120024
-0.135961
0.099763
-0.001084
0.154983
-0.052812
-0.046309
0.001737
-0.097277
-0.030089
-0.001814
-0.070605
-0.071268
-0.160426
0.019339
-0.140821
0.094922
-0.173531
-0.079880
0.047163
0.011754
-0.167685
0.094737
0.051063
0.056528
0.333980
-0.006520
0.080597
0.100403
0.067320
-0.094350
-0.159442
-0.067333
-0.149843
0.113580
0.149337
0.049556
-0.080006
-0.047496
0.026044
0.056632
0.088733
-0.003370
0.072355
0.025191
0.166697
-0.046114
0.048738
0.078877
0.045068
0.046695
0.143904
0.076226
0.032801
0.018836
-0.104799
0.033625
-0.136533
0.167520
0.202387
-0.015756
-0.144083
-0.040047
-0.043702
-0.003369
-0.079592
-0.100447
0.009320
0.179857
0.035072
0.008475
0.002836
-0.109019
-0.069845
-0.095021
0.071784
-0.106790
-0.094179
-0.146754
0.093707
0.045855
-0.016413
0.014789
-0.098783
0.001758
-0.012717
0.018177
-0.001295
-0.209120
-0.022348
-0.119000
0.010818
0.039355
0.055475
-0.064265
0.034491
-0.122223
0.006759
0.011213
0.115685
0.051863
0.073284
0.108497
-0.044430
-0.042625
-0.026230
0.152845
-0.044231
0.107775
0.194911
-0.103105
-0.079992
0.008731
0.061739
0.031345
-0.080075
-0.083935
-0.000969
