1
128
0.066378
0.045224
0.108386
-0.142328
-0.148249
0.465590
0.012781
-0.282380
-0.204625
0.092805
0.097153
-0.257316
0.032466
0.160257
-0.314804
-0.391716
0.075126
-0.275083
0.058135
-0.116113
-0.324890
-0.259774
0.055062
0.082807
0.048406
-0.160067
-0.135126
-0.109226
0.182463
0.131731
0.099949
-0.224071
0.455757
-0.122261
-0.321831
0.002237
-0.017571
-0.219346
0.011931
-0.080845
0.076183
-0.251000
-0.255861
0.283590
0.014340
-0.012285
0.192828
-0.181707
0.308148
0.003036
0.067182
-0.022363
0.069078
0.130617
0.146633
-0.127010
-0.002593
-0.237584
0.026980
-0.164981
0.673594
0.143010
0.194593
0.087825
0.092391
-0.065969
-0.055273
0.281148
0.263623
0.400947
0.223674
0.388178
-0.036542
-0.111694
0.119922
-0.044970
-0.255338
-0.544048
0.213380
0.195068
-0.037803
-0.449238
0.257025
-0.256650
-0.048815
0.104392
0.345733
-0.069941
0.076245
-0.046858
-0.212900
0.067462
-0.334660
-0.029303
-0.055431
0.310830
0.133838
-0.332833
0.112478
0.149887
0.085320
0.168657
0.104941
0.093098
0.170213
0.099272
0.173311
-0.137609
0.048937
-0.208674
0.163824
0.441884
0.038484
-0.228679
0.045838
0.003190
0.242815
-0.182197
0.345190
0.302020
0.059610
0.128785
-0.131297
-0.012118
0.116519
-0.374324
0.145410
-0.043447
