1
128
-0.037446
0.300859
-0.086898
0.115210
-0.023559
0.275433
-0.075992
0.153638
-0.005367
-0.089828
0.086233
-0.094725
0.046643
0.011804
-0.096983
-0.012058
-0.278370
-0.068692
-0.040127
0.094735
0.054786
0.083471
0.064673
0.110738
0.146415
0.021205
0.016101
-0.115625
0.028718
-0.015852
-0.077548
0.084634
-0.034142
0.075027
0.182578
-0.046487
-0.668158
0.070658
-0.043182
-0.103867
-0.135758
0.248768
-0.003229
0.081385
-0.024513
0.061381
0.160163
-0.436844
0.023680
-0.109992
-0.168563
0.021235
-0.186244
-0.079604
-0.231684
-0.149860
-0.090321
-0.146821
-0.011742
0.213148
0.015622
0.015354
-0.009354
0.232211
0.006110
-0.080689
-0.186740
0.038781
-0.097519
-0.103514
0.143060
0.062628
-0.049153
0.013722
-0.573132
-0.073615
-0.067492
0.101555
0.100621
0.133939
-0.077150
0.040079
-0.053171
-0.014206
0.133092
-0.003607
0.049687
-0.105470
-0.059347
-0.150209
-0.054621
0.176640
0.055724
0.303777
-0.291529
0.158450
-0.185774
-0.071586
0.266924
0.862210
-0.246785
0.043136
0.466443
0.026415
-0.192632
-0.052663
-0.057050
0.104391
-0.125516
-0.028010
-0.060654
0.063982
-0.103035
0.202661
-0.091855
0.016428
0.010536
-0.286179
-0.206748
0.075845
0.046768
-0.570796
-0.177389
-0.077903
0.009471
0.262545
0.012378
-0.148614
