1
128
-0.291365
-0.353126
-0.423459
-0.323884
-0.054458
-0.419672
0.593992
0.148683
-0.440814
0.166513
0.006030
-0.580767
0.701421
-0.330321
-0.090204
0.079495
0.289279
-0.240354
0.158639
0.028115
-0.211156
0.422461
0.480481
-0.120650
-0.457423
0.038866
0.306610
0.346581
0.043125
-0.609754
0.399031
-0.691831
0.282480
0.140256
-0.100173
-0.496306
0.284998
0.113049
0.526515
-0.257447
0.292679
0.264770
0.905874
-0.231687
-0.051494
0.275151
0.294159
0.600618
0.460088
-0.405703
0.033742
-0.282422
0.007238
0.080287
-0.039677
-0.184663
0.058430
-0.125222
-0.051728
0.285824
0.778262
-0.393643
0.243520
-0.254378
0.150144
0.041393
0.332296
-0.312548
-0.572709
-0.569855
-0.200264
0.165965
0.162169
0.200856
-0.795874
-0.207765
-0.558812
-0.523757
0.292297
0.237517
-0.020784
-0.056471
-0.017184
0.079663
-0.107271
-0.500497
-0.300209
-0.619296
0.298525
0.014677
-0.338512
0.336136
0.026418
-0.336254
0.324602
0.155615
0.009125
-0.103911
-0.408371
0.257094
0.195432
-0.366497
0.315637
0.568233
-0.053343
-0.257106
0.047354
0.312020
0.397589
-0.253465
0.193489
0.185735
0.393548
0.157418
-0.098499
0.031809
0.048619
-0.250109
0.107338
0.169235
0.184795
-0.003086
0.140177
0.037028
-0.510921
0.093039
0.085202
0.312743
