1
128
-0.820326
-0.866343
0.434007
-0.907443
-0.913599
0.014405
0.148228
1.167607
-0.008403
1.210649
-0.815244
1.348544
-1.955738
0.988585
1.246598
0.957363
0.589336
-0.359046
0.874175
0.953965
0.950229
-0.177410
0.918363
-0.790693
-0.184838
-0.740445
-0.782793
-0.447224
1.088792
-1.328944
-0.076590
1.047221
1.015974
0.997584
0.047693
-0.126091
-2.100453
-0.418278
-1.440457
0.553149
0.912316
0.012332
-0.300604
0.635781
-0.451679
1.074329
1.223186
1.001515
0.555545
-0.383447
-0.671052
0.160357
1.143182
-0.665703
-1.188351
1.098000
0.260981
0.401691
-0.309248
-0.515207
0.516775
-1.566189
-0.552434
-0.602153
0.211845
-0.730980
-0.129039
1.071258
0.307821
-0.681462
-0.428183
0.745555
-0.172077
-0.516763
1.070523
-0.785750
1.181586
-0.415464
0.988823
0.267233
-1.346183
0.069222
0.935766
0.779899
0.023343
-0.286877
0.955254
0.135440
0.748819
-0.764561
0.926028
0.155979
-0.539126
-1.347455
-1.444214
0.715671
-0.791451
1.261672
-0.956263
0.327583
0.586444
1.176833
-0.501938
-1.173574
-0.390828
0.828774
-0.434706
1.206069
-0.303230
-0.433575
1.233698
0.703938
0.672653
1.060428
-1.350508
-0.922857
-0.710657
0.522570
-0.382539
0.799206
-1.148860
-0.917873
1.258061
-0.630381
0.520519
-0.273430
0.061168
-1.943413
