1
128
1.033380
0.437817
0.343634
1.281637
0.588986
0.861673
0.813319
0.381852
0.386209
1.105094
0.636801
0.567050
0.111117
0.277123
-0.076595
0.493578
0.466511
0.362068
0.822761
0.128868
0.667496
0.131376
0.320332
0.906584
-0.028602
0.347321
0.493299
-0.159280
1.207603
-0.053817
0.643319
0.519369
0.488082
0.844238
0.000288
0.898547
0.059215
0.725003
0.364400
0.145032
0.165488
0.485615
0.395306
0.909922
0.455148
0.845696
0.558451
0.497855
0.727863
1.188172
0.138291
0.714521
0.235276
0.220751
0.174258
0.515379
1.016893
-0.879831
0.052029
-0.115325
0.310912
1.118994
0.553178
0.204263
0.714640
0.397861
0.737686
0.483071
0.917378
0.697152
0.599776
0.304122
0.624342
0.788127
0.887476
0.530264
0.797341
1.000314
0.719842
1.048198
0.528975
-0.022305
0.963981
0.239142
0.950565
1.013777
0.852520
0.033944
-0.179608
0.670172
1.105218
0.757034
0.733409
0.341151
0.495416
0.547430
0.000179
1.008406
0.190077
0.505912
0.703053
1.092170
0.061315
0.473765
0.537512
0.198044
0.518172
0.727823
0.717092
0.956440
0.368400
-0.039912
0.891963
0.223034
0.280916
1.310702
-0.068819
0.366751
0.028921
0.543711
0.378520
0.274981
0.291258
0.459484
-0.053263
-0.084726
0.623271
0.114525
