1
128
0.879186
0.618872
0.948561
0.770847
0.790181
0.622011
0.682382
0.667547
0.752662
0.515071
0.729898
0.997994
0.296433
0.798527
0.901009
0.904750
0.612467
0.648438
0.398436
0.598354
0.498198
0.077345
0.312762
0.947734
0.897707
0.152634
0.462607
0.324873
0.087297
1.437618
0.753516
0.843080
0.583335
0.495009
0.708155
0.906158
0.038862
0.494350
0.503040
1.007533
0.195425
0.632504
-0.084793
0.834906
0.948523
0.839517
0.325723
0.263237
0.582826
0.506957
0.724906
0.618608
0.644236
0.660529
1.013787
0.629757
0.847066
0.900609
0.972056
0.797331
0.270335
0.568005
0.627155
1.301693
0.753362
0.323436
0.479759
0.803710
0.822515
0.841172
0.655369
0.507160
-0.152355
0.532280
1.423334
1.104480
1.416847
0.778659
0.621120
0.729755
0.022779
0.339515
0.516420
0.562740
0.749003
0.933026
1.211804
1.508865
0.557608
0.739777
0.648406
0.571012
0.492527
1.148365
0.775066
0.861242
0.363451
0.411568
0.957275
0.182948
0.705014
0.898175
0.783120
0.500620
1.213874
1.248460
0.401630
0.755106
0.472116
0.719831
0.655254
0.563555
0.214141
0.583683
0.711072
0.301546
0.778313
0.918047
0.161699
0.192087
0.329981
0.982482
0.524508
1.020571
1.588172
0.539812
0.742684
0.320763
