1
128
0.141909
0.436244
0.423288
0.347864
1.161288
0.268919
0.519057
0.483669
0.109560
0.540698
0.792794
-0.104828
0.703309
0.477069
0.269890
0.420438
0.450578
0.273705
0.362287
0.689934
0.034400
0.504040
0.130721
0.788659
0.810343
0.197779
0.580017
0.495685
0.281331
0.344810
0.600194
0.684619
1.080815
0.247243
0.578558
-0.265075
0.473194
0.124875
0.481817
0.914466
0.550262
0.587816
0.398821
0.324238
0.275505
0.367970
0.150897
-0.024680
0.482940
0.722122
0.905834
0.231835
0.500079
0.769025
0.233655
0.613444
0.547961
0.417185
0.876361
0.618309
0.815961
0.934641
0.705661
0.649707
0.317594
0.330710
0.390504
0.113413
0.313437
0.111038
0.236560
0.095319
0.701439
0.465568
0.537546
1.317386
0.286631
0.126746
0.340558
0.707994
0.535750
0.671940
0.385326
0.362775
0.410182
0.552288
0.498878
0.651805
0.189763
-0.017325
0.352233
-0.173148
0.548690
0.263856
0.395719
0.643646
0.518205
0.680118
0.533288
0.466186
0.490364
0.149862
0.588373
0.396351
0.402880
0.641660
0.235429
0.316256
0.236197
0.951376
-0.013126
0.413414
0.124341
0.672868
0.374455
0.424260
0.085851
0.273800
0.406821
0.475402
0.604122
0.760768
-0.054296
0.760192
0.660551
0.296239
0.367716
0.173382
