1
128
0.109770
0.058888
0.177781
0.354003
-0.330262
0.084903
-0.035126
0.180775
-0.046460
0.236973
0.033893
-0.319981
0.023642
-0.453880
0.224370
-0.206513
0.429275
0.196725
0.510619
-0.037263
-0.274486
-0.678145
-0.045337
0.342361
0.474748
-0.375164
-0.087481
-0.490970
-0.554264
-0.340373
0.019732
0.261735
-0.285950
-0.078023
0.349868
-0.142239
-0.173799
0.064885
-0.126639
0.285624
-0.041683
-0.428050
-0.306129
-0.360030
0.130567
-0.281420
0.044744
-0.105984
-0.139520
0.036504
0.035806
-0.114518
-0.173115
0.059617
0.006797
0.109500
0.032850
-0.443789
-0.504860
0.067750
-0.476155
-0.467098
-0.325837
-0.234147
0.080076
0.055612
-0.279297
-0.260381
-0.070020
0.135896
-0.110646
-0.158950
-0.129385
0.159584
-0.503975
-0.201681
-0.255119
0.062638
-0.241987
0.323263
0.708196
-0.382653
-0.257582
-0.497991
0.013346
-0.104120
0.035936
0.115709
-0.348368
0.050951
-0.118140
-0.306091
0.198889
0.105288
0.142861
-0.030450
-0.874892
-0.188013
-0.458995
-0.332999
0.065698
-0.182265
0.340973
-0.502764
0.042513
-0.145125
0.827048
0.390435
0.221310
0.040602
0.189972
-0.370311
0.464553
0.125584
0.103446
-0.299747
-0.238594
0.452279
-0.320718
-0.316161
-0.083032
-0.582713
-0.016531
-0.179905
-0.186683
-0.108609
-0.091139
-0.154516
