1
128
0.031624
-0.358701
0.178504
-0.209347
0.643926
-0.342058
0.360624
-0.221643
-0.360188
-0.016555
0.214680
0.127128
-0.075679
-0.232452
0.080830
-0.214371
-0.039827
-0.303586
-0.100207
0.185957
-0.139481
-0.071458
-0.043034
-0.037434
-0.405097
0.243356
-0.279685
0.028690
-0.464377
0.335988
0.039085
-0.357591
-0.005016
-0.023365
0.172807
-0.278345
-0.001444
0.133317
0.124156
0.060251
-0.225223
0.396518
0.069750
-0.333891
0.109019
0.140300
0.314816
-0.058420
-0.053843
-0.480921
-0.133400
-0.176672
-0.291189
-0.182609
0.112868
-0.079270
-0.502062
0.129841
0.026399
0.508738
-0.250896
0.058808
0.173746
0.198295
0.021297
-0.043507
0.548426
0.248557
-0.049851
-0.067429
0.615208
-0.280021
-0.140759
-0.015089
-0.210619
-0.025369
0.031886
0.116159
0.457260
0.071805
-0.129568
-0.312654
0.200330
-0.091602
-0.030059
-0.440827
-0.360201
0.601013
0.238820
-0.241109
-0.439682
0.253702
-0.423191
-0.216137
-0.368063
0.086579
0.095091
0.115144
-0.132513
-0.339611
0.143881
-0.341115
0.072960
0.031204
0.294271
-0.098050
-0.311018
-0.283012
-0.293420
-0.156054
-0.100628
-0.058886
0.117442
-0.342210
0.401502
-0.347204
0.281403
-0.389062
0.070682
-0.200066
-0.089398
-0.039155
-0.029872
0.368535
0.055288
-0.092295
-0.050912
-0.080731
