1
128
0.222656
0.131373
0.225273
0.319907
0.071453
-0.220881
-0.429157
-1.327948
-0.246626
-1.188863
0.034710
-1.138867
0.229155
-0.882862
-0.832753
-0.867376
-0.030021
0.119922
-0.697006
-0.901813
0.349153
-0.191489
-0.511568
0.209114
-0.340714
-0.200103
-0.283917
-0.012563
-0.547217
-0.174851
-0.062925
-0.742544
-1.082735
-0.337655
-0.118555
-0.554885
-0.067070
-0.273478
0.136868
0.173338
-0.952669
0.055146
-0.331690
-0.154419
-0.657468
-1.312915
-0.384357
-0.663215
-0.299599
0.215872
0.317286
-0.214722
-0.477834
0.432523
0.343691
-0.355520
-0.162095
-0.725615
0.791934
-0.275263
-1.095129
0.666685
-0.096727
-0.037668
0.072932
0.411583
0.223037
-0.303193
-0.440782
-0.537751
-0.545357
-1.318420
-0.166245
0.403330
-1.125387
-0.150916
-1.330190
-0.481799
-0.893439
-0.468162
-0.172083
-0.319974
-0.775089
-1.086690
0.164450
-0.389142
-0.754851
0.002458
-0.981885
-0.177156
-1.231875
-0.407061
0.302201
0.449188
0.140056
-1.110529
-0.183304
-1.168682
-0.086769
0.099158
-0.799863
0.113720
-0.166902
0.255937
-0.407382
-0.938811
-0.358208
-1.031648
0.124644
-0.022586
-0.585705
-0.909197
-0.095274
-1.140767
0.099027
-0.040812
-0.481833
0.309416
-0.076792
-0.651197
-0.329504
0.083435
-0.830914
-0.444829
0.074407
-0.293369
0.076839
0.160572
