1
128
-1.015489
-0.707389
0.107767
-1.295395
-1.071313
-0.790769
-1.280090
-0.333261
-0.329231
-0.997767
-0.934193
-0.797793
0.315592
0.200891
0.077893
-0.548209
0.200240
-1.172296
-1.249966
-0.233360
-0.758689
-0.321315
-0.375012
-1.309889
0.136772
-0.151504
0.462155
-0.180293
0.346468
-0.262102
-0.898774
0.306902
0.321861
-1.442380
-0.235697
-0.760168
0.420866
-0.837839
-0.580427
-0.434725
-0.446342
-0.320426
-0.684076
-0.173335
-0.036845
-0.808957
-0.615866
0.158086
-1.010221
-0.812589
-0.326627
-0.435293
-0.002091
-0.210227
-0.753485
-0.050871
-1.437782
-0.336262
-0.146697
-0.578780
-0.473193
0.384538
-0.977582
0.298715
-0.587555
0.333111
0.220123
-0.243654
-0.246917
-1.144551
-0.479078
-0.735900
-0.065939
-1.422620
-0.591600
-0.840781
-1.052505
-1.577552
-0.664937
-1.014923
-0.008076
-0.283398
-0.384752
0.180924
-0.519490
-1.025991
-0.376924
-0.079725
0.538362
-1.225023
0.385412
-0.056088
-0.383430
0.548366
-0.561809
-0.785176
-0.164545
-0.699559
-0.563160
0.566454
-0.277752
-0.903483
-1.145107
-0.534970
-0.232431
-0.017298
0.564328
-1.576756
0.338310
-1.484042
-0.274130
-0.463544
-0.402021
-1.264713
0.270028
-0.159672
-0.105538
0.055978
-0.294378
-0.656783
-0.440638
-0.996320
0.319627
-0.217278
-0.017226
0.298855
-0.445697
0.234888
