1
119
-1.032156
-0.339858
-0.549174
0.159433
-0.058256
-0.467624
0.100423
-0.136442
0.733729
0.214045
-0.134906
-0.545394
0.449821
0.456565
0.162126
0.435530
0.962504
-2.292006
0.118894
-0.155667
-0.992369
-2.936420
-0.113226
-0.048803
-1.142643
-0.050494
0.281817
-0.696246
0.134168
0.329772
-0.137205
-0.228437
-0.375921
-1.022416
-0.927575
0.121813
-2.085037
-0.506775
-0.618935
-0.050153
-0.003261
0.090424
-1.303643
-0.341834
-0.031989
-1.133275
0.261752
-0.988190
-0.621352
-2.095730
0.352510
-0.143957
-1.836048
-1.427596
-1.296839
0.882837
-0.478740
-0.883751
-0.203334
-1.077221
-1.240291
-0.099095
-2.295177
-0.531575
-1.324354
-1.868205
-2.173037
-2.066656
-1.698225
-1.118050
-1.672486
-1.527307
-0.845997
-0.396488
-1.132790
-1.916556
-1.481451
-0.479353
-1.356441
-0.481726
-1.854704
-1.880048
-3.052439
-2.896093
-3.031590
-4.582925
-3.705523
-4.275793
-3.385683
-3.455403
-5.855170
-5.721773
-5.679239
-1.759072
-1.997585
-1.408938
-1.930771
-1.915305
-5.717865
-2.553281
-2.890067
-1.859480
-2.338758
-2.021945
-5.313437
-2.885532
-5.715263
-4.598537
-5.728635
-5.812676
-5.249832
-2.114769
-5.936769
-4.348341
-4.790875
-3.232873
-2.288160
-2.147592
-5.853492
