1
512
1702.920871
3530.611721
5050.699243
5296.901402
614.754924
-746.494403
1652.739345
2231.069136
799.431617
5970.842423
6146.901056
1446.364726
2101.731222
-2581.591231
3194.584194
-427.978158
450.843335
5340.813008
2225.273139
1987.017690
7415.612601
-1876.136714
-1760.930769
-2045.913179
3863.774593
1222.992364
-244.024409
3766.362523
-215.028477
5907.319784
-3287.904343
1502.826748
250.825600
-1179.758172
1760.592045
-156.020002
-270.921851
5825.142973
1883.348770
7910.542504
8044.368010
2782.711280
16939.901385
-2017.308367
2176.562585
5842.514859
18371.797588
9474.560351
211.141547
674.630602
1630.840634
359.874657
433.259765
1675.431470
10688.072740
-2132.098103
5510.310169
12211.862327
9002.186193
2473.545550
1075.242080
449.792081
699.427513
12401.826975
832.561696
3029.048431
-2884.236547
154.251636
2445.158625
717.045128
336.634366
759.016163
2479.985339
385.910272
8956.927923
6138.259890
1439.103412
4640.703914
3211.792712
-5654.168019
583.804618
2257.843807
-42.161536
5679.825561
-650.559969
-2063.446117
8052.378608
3920.474918
-852.313530
427.748897
10240.477511
4689.950664
-83.092154
822.067532
510.764179
1566.931900
5765.207801
-4724.317136
780.439986
-799.176332
2602.761306
2757.442537
2179.100840
9604.101032
1036.817378
12490.340740
2311.427268
5909.997493
6727.815681
8342.792848
2752.778621
2167.068785
737.143693
-2175.420362
1496.677683
15224.273606
-1811.827021
526.358932
10962.636622
1923.100743
8343.441437
-1428.061655
1033.533822
-880.752818
1281.368036
7160.688975
9340.517146
962.883790
532.836026
904.764300
-829.118182
2650.220643
200.206619
410.850422
6944.233651
11261.427181
2918.621577
3193.548988
3157.007549
8353.875016
6163.438563
-1466.562184
1201.121516
-2154.037649
5213.160294
1813.474479
-324.546533
3022.649085
13927.890366
6247.098974
2233.916033
8677.846068
-2789.776457
3880.974629
1326.608523
1685.214750
10486.718824
-2861.544710
2352.137907
6206.241319
206.325707
-309.909875
2841.339576
5463.994432
500.002881
5628.317165
2609.535354
4365.985185
-2801.799182
5160.223316
7055.950844
2367.394187
348.549843
-1276.519752
1419.740878
6755.680503
426.726956
437.466369
7923.203963
-2429.078883
2892.461037
-2996.950384
7982.873188
1331.664153
8662.358993
6155.868522
1940.362112
14216.651948
2276.375941
4351.391494
797.571298
727.035847
3319.305237
1028.710848
1383.628312
6566.679755
5047.317664
6874.907028
18243.820127
6583.089537
6257.901149
-4249.726900
9744.507830
12158.483252
2624.669485
6250.055945
2085.349394
2219.520305
368.685435
1571.398531
6127.785084
6151.483826
10997.847701
5421.853317
1122.901307
2602.115326
360.826209
-4853.545653
7178.371022
5264.367869
427.588125
2646.676398
2647.682854
7601.407724
-2118.153468
600.269411
5308.527594
430.309719
15993.586006
-3518.151432
7691.600661
13260.770183
7747.800072
1465.211171
4446.966728
7737.035640
4020.030457
11037.364423
1202.232635
-358.192991
1646.489079
-287.907485
10185.544661
4769.150362
5457.605368
4695.284688
4683.600290
14861.883074
224.002261
9845.918575
1468.546548
2854.575026
-1038.815834
1702.697623
16146.116400
-2739.952550
3813.055644
8363.927409
151.227585
-127.557056
1227.540265
5042.881290
928.541408
2386.632606
-3499.739360
3144.579697
2229.143878
-988.716046
-953.473102
7276.209621
-322.723154
-237.821450
8721.508875
1293.000427
540.949921
305.794277
2380.441855
13110.422322
461.069278
9338.414018
5375.813398
9636.544867
101.712246
6217.108113
8718.512222
700.790182
1511.606519
515.104887
1033.850171
-613.591597
1760.330703
864.110288
1636.939667
-1605.892852
6614.146448
12275.470585
5987.477628
5536.791844
1403.520613
225.015739
204.269835
2844.874822
3424.636979
2191.036535
709.140871
1666.988333
762.401279
2352.453529
737.734319
-1102.384070
4487.677470
345.564448
5458.288563
1517.034124
1259.458840
1717.573927
9963.673128
3015.074032
1535.108196
-1591.215797
10418.887990
3274.866981
11756.001041
9345.290810
923.639797
3890.718669
722.495721
1501.425390
-1760.720235
417.607657
10684.053693
13537.210314
8271.511848
4567.967263
951.104312
2307.120053
4781.220818
-4001.176119
1275.455855
8368.423578
1162.070829
2317.221918
4461.700919
2148.408863
1828.407929
-829.667558
15090.260188
1588.692893
1235.312545
414.080022
-861.520836
-880.328196
5031.558229
1497.232017
-706.934877
1826.090922
9723.770032
138.582955
14864.744416
1382.393466
-1366.768027
5620.749310
5062.699270
1933.565651
9253.468132
-1911.151483
5495.985945
1306.469810
6653.409286
3649.352364
2087.343011
8531.911847
5364.213705
-0.570092
15463.808047
2291.517568
3480.903117
1233.853720
5650.188014
2101.445610
-3898.896963
6160.380375
13384.035041
6352.171174
14568.143867
7348.353361
334.158761
12931.315231
-776.473333
7212.710731
4167.607706
8597.556232
-668.171741
516.543332
4186.344936
16466.919606
9506.941718
1615.025750
706.232012
7459.709228
2692.452743
6185.862207
-1006.644963
4348.791587
5739.753471
289.458190
-1773.529922
370.068952
1671.278228
2479.197059
7486.237346
-171.080801
4435.378053
4573.162038
10846.381032
1862.094696
1842.855211
5192.198789
8679.313787
2117.122569
7416.135556
-2871.900000
2143.752785
-1435.053646
3111.702264
3488.120152
7500.490342
1913.641358
-5373.325026
3217.014374
3624.997235
1867.390663
524.518242
8826.349031
1394.034142
9582.545627
1842.978148
-1351.236448
496.508192
4949.577726
2327.773362
1260.016593
1498.104419
-5383.892627
616.125603
4083.240716
-2950.493336
-426.617422
-512.929845
803.429969
-569.229671
-1339.576466
8766.255961
3133.864148
1012.765879
4907.469353
1431.266542
13798.504151
8760.911280
2828.568297
4004.161845
14052.239322
3836.407032
6976.870824
2168.689580
2521.732906
1377.530986
5364.561715
-1717.483577
-737.329548
444.254680
753.286847
-1560.443051
5608.824978
13196.873983
816.887522
6917.711293
92.769983
180.003714
-4019.933672
1800.672434
7026.005764
1082.972923
9341.530460
13638.476053
-811.760397
1103.798093
15.697985
12870.470419
1364.180868
194.509192
1282.860065
12475.894218
7882.181034
-2241.043391
-1965.851742
6694.911165
1401.279510
1387.413168
659.418941
4085.437222
1429.504044
362.584666
10848.918067
6501.309406
5806.659273
8178.572399
476.677204
5250.511260
3056.765298
8979.856617
7231.619435
