1
120
-39.612807
-43.435543
-37.793930
-39.627457
-46.575521
-36.496019
-26.860984
-31.515461
-32.534999
-60.278474
-43.417388
-55.248392
-41.315067
-54.557784
-55.749219
-45.968953
-51.412939
-51.348543
-54.905541
-19.686593
-40.896157
-40.992301
-35.797880
-63.978918
-39.626465
-41.062426
-22.097441
-55.754616
-29.372844
-68.199246
-48.975719
-26.492792
-24.398513
-58.001895
-41.434108
-36.015381
-43.900954
-28.700421
-56.094096
-23.908470
-21.081493
-47.498617
-34.295869
-27.711583
-22.418613
-33.491837
-49.195253
-33.728654
-60.885803
-49.479817
-55.678657
-21.256988
-38.942061
-24.839218
-46.861427
-56.694431
-27.594029
-52.160594
-48.548100
-27.374613
-31.202687
-37.092619
-42.549683
-32.308927
-27.029058
-49.648572
-36.356758
-36.618233
-30.761987
-51.391126
-19.564724
-61.385386
-26.210096
-39.275660
-24.817877
-25.921602
-23.645927
-46.861990
-50.828160
-41.351012
-50.455222
-37.002125
-33.711343
-54.900334
-41.857745
-40.458438
-32.336822
-49.911322
-24.600979
-66.127758
-28.336550
-56.416781
-33.523146
-31.907010
-59.110763
-38.189295
-26.173117
-45.468353
-36.255152
-38.880356
-43.296385
-48.665831
-32.663785
-61.011529
-27.895502
-54.765669
-43.344664
-51.713510
-26.686173
-26.177035
-47.018850
-25.541324
-24.796919
-23.468712
-22.116423
-36.032540
-47.529868
-24.408519
-50.951185
-50.898655
