1
512
1968.842260
570.166516
-87.247455
76.804744
4548.191100
650.109915
3.728601
66.171268
180.234497
-601.301080
-1589.283238
-876.373819
463.997243
1642.640414
1648.388968
403.521590
-236.182268
-670.799212
-39.179261
-2874.237370
-135.621774
-2319.175432
-460.813726
511.845229
-664.014028
3804.943845
131.272524
-330.926096
70.676203
-231.918192
204.232538
613.651315
385.696847
867.577626
-96.529762
-409.505972
1603.222819
-3917.024763
7105.320757
-230.758563
103.051426
-185.662714
396.148407
1119.243352
403.231281
-1146.876108
566.563757
-77.846753
2994.018160
-2485.951843
-227.390837
-1048.336663
1960.171365
38.711679
-561.366747
674.952131
-4957.623270
20.052016
-294.937425
1318.066688
-196.109321
-590.337757
520.756865
995.299077
1814.647222
-104.837940
1768.495155
780.213820
-57.347451
5117.997748
-3316.453509
-458.232486
-678.494363
213.771261
-1568.705573
563.719439
-3804.793619
-622.144799
839.180816
-1481.148918
408.723712
-1728.872830
441.556414
-650.210092
-4800.359030
-846.153108
72.524020
-1794.218660
21.225726
488.703832
-422.576052
203.880587
1819.860439
91.703789
1212.167093
-289.275567
-147.638506
709.507579
-303.340430
340.828879
-304.908267
-32.794041
819.949419
-12.756607
357.781892
-7.803516
1253.370949
137.927631
-2493.401782
7.901059
2267.821571
-3036.463583
3436.986764
541.380500
-287.165338
639.842855
90.775383
1020.998481
-1657.841308
3302.838623
667.948692
395.635506
2403.119121
23.012541
1421.637891
-300.205155
-1972.705814
1320.539678
1785.043534
1928.220707
414.949587
29.640912
110.461779
2814.184483
268.461207
546.042186
1926.969900
21.598208
-1695.659051
14.984156
-345.268984
-68.992678
2426.650592
567.787219
-1619.252917
-1441.618447
-7.346747
-3181.390425
-0.853581
-591.064814
1513.445992
-123.125977
259.323345
-20.890677
-1428.994122
1239.950855
-607.725016
243.572828
1213.151023
-138.171724
-7476.229195
56.723499
-538.749586
-457.790034
-344.932600
-437.472130
4616.949879
-1302.476259
886.579808
-131.809871
12.080358
-194.109058
557.561815
191.715808
299.006869
50.070683
-584.758863
810.871030
84.641008
1374.687680
1490.247570
1912.943049
156.662893
466.351977
-1215.543453
777.355644
718.404406
-28.559374
-391.698716
773.052666
-166.635948
-4765.866116
-952.023964
-1812.184388
556.174474
105.160446
-189.495883
413.640692
2565.901761
-6005.259222
-1566.822605
5833.514321
386.046696
-559.229394
-232.053998
-358.420192
492.115147
303.415955
574.112045
2570.837524
-230.267230
218.143225
-2113.294859
-831.087280
865.288769
1620.116394
2503.321530
817.594712
-76.068194
-855.641387
996.331644
3223.563555
-599.191756
-1235.523704
-69.775899
-348.746067
130.422273
-539.333185
-0.277662
4019.506392
223.384548
2260.671765
-536.818271
179.861921
-145.910588
-899.860051
-466.991547
-1727.440277
6764.345293
-1730.876637
-249.156911
335.134592
-2735.692239
19.280999
-997.742246
122.674016
77.646598
1529.363236
-375.499097
388.099323
-259.791509
1418.558226
-1296.769188
196.111494
-478.550253
-1158.486208
-113.395243
378.705236
1960.172169
307.986741
-35.497159
-20.281386
1038.760343
1469.184147
1110.418642
-335.721795
1539.191185
-3703.474058
247.922734
-455.082850
3049.400774
1190.002319
-1100.988627
-1369.883324
4454.621508
3079.034789
-1221.837478
676.813773
-1047.199882
-2518.781963
276.389177
157.414603
-6.366589
-266.781961
83.916486
2820.519295
654.517165
-331.797667
2353.947586
3224.820643
570.252192
1021.531141
506.269181
-2597.427089
50.388248
-373.699896
-2926.022716
-8024.423893
655.519619
1237.449453
255.636113
-2054.947864
16.681544
5786.853442
-662.466622
-424.271994
32.024442
-80.528369
545.037281
349.929266
151.260919
2681.908286
-806.418827
-2294.365999
932.539914
-927.639711
-137.361137
-408.903324
-5824.620189
132.074864
1171.496341
150.157582
-550.464318
10.320650
-306.775267
-712.871221
308.935974
-1691.322435
616.188676
199.909165
69.479308
-1341.681615
136.971688
-99.452800
1790.242816
1042.103241
163.602629
496.873413
450.838290
-4498.580237
1932.214920
1652.746297
-585.010542
-966.819276
-655.575700
204.835263
544.635798
3259.744702
911.442396
-404.024071
1586.844035
331.372443
-965.856124
1077.068733
-4941.231459
-1168.000685
417.265644
-2507.649704
-1124.024693
-724.369204
-33.751132
-8.510628
2934.848670
588.975714
-186.256041
1277.140793
-2354.059782
619.573031
-2116.852512
-2706.490153
1459.569359
-52.748410
-339.276452
1565.742387
678.919387
4265.846410
-3292.663233
528.476617
-212.804346
1257.826413
726.055401
-1248.716947
74.136223
-808.746629
846.028163
-5229.538001
223.675561
84.793946
314.558607
-2496.039337
16.176958
-123.529060
-2903.598428
-579.751313
-918.453214
-1998.773949
-27.331449
1622.282182
2006.933848
106.298906
263.603637
-368.368255
130.617136
-21.492771
22.980257
2536.631633
541.485543
779.161670
-214.033703
3003.040448
-169.811169
-2101.675547
2233.766812
-336.208082
404.650797
-944.470355
1295.907388
-10.822994
100.134921
50.514650
26.412462
-1013.568872
2825.408567
1026.033058
1002.868048
-155.733666
-2357.712098
-1406.310619
1997.468711
-5342.208207
1707.969546
-2550.172495
4119.574378
232.913318
555.472339
-219.429533
147.157101
135.942040
-3164.380649
166.166382
-380.540408
4088.365937
821.795994
383.919792
785.381142
-587.170287
1171.636678
-15.990946
1949.860830
425.149324
-1065.182777
19.821247
-1022.533525
-199.231141
-140.683110
-3757.050929
-1150.681606
401.283907
-708.988158
-1008.127667
-2601.243834
-2390.135700
55.339579
-851.188900
-3257.729598
-1462.965187
2435.102141
-589.017727
394.357701
905.861510
163.117882
867.260983
668.556683
179.021226
-1842.365853
1385.719982
-146.416959
227.965417
1275.933543
1328.151083
1595.600046
-574.853634
-328.573767
-57.920108
528.740559
412.517292
87.925276
-395.503742
-4096.491721
346.357351
68.561610
1075.801046
774.566565
-753.579121
31.263893
15.860350
166.541992
-56.741365
1136.469693
1355.300924
1474.965566
581.450122
147.780263
-589.392134
86.979201
58.842595
-35.176808
826.097431
-861.588703
-4.359783
84.989244
-1711.305991
