1
120
2.272770
1.130776
1.391352
0.812421
1.710981
1.342648
-0.366225
-0.591830
1.798418
0.938171
1.520367
1.512447
1.585191
0.986642
1.544875
1.324568
0.790643
1.588584
1.408977
0.838265
0.717118
0.992424
0.786850
0.923506
1.902951
1.501265
0.670538
0.676246
-0.027101
1.203209
0.627182
0.676766
0.393887
1.294544
1.067480
1.578122
1.120274
0.999571
0.830897
0.625773
0.610908
0.577265
0.223573
0.159508
0.213760
0.858838
1.008283
0.459222
0.970211
1.753506
1.542285
-0.093426
0.985808
0.281543
1.387507
2.149746
0.190466
1.169866
0.939813
-0.141223
1.351514
0.706637
1.301580
0.628252
0.570848
1.517599
1.652717
1.401672
1.585559
1.199796
2.155451
1.512520
0.227656
0.995900
0.807053
-0.102977
1.006961
1.351449
1.842599
1.385573
0.814281
1.345966
1.199803
0.921509
1.380258
0.802907
0.215971
0.835426
1.204599
1.264189
1.758536
0.946880
1.465494
0.615217
1.258065
0.921689
0.458119
0.735358
0.981187
0.256154
1.834030
0.976473
0.750178
1.177589
1.696106
1.126401
-0.237446
1.127100
-0.621880
-0.101633
1.273788
0.716146
0.588444
0.104208
0.239430
1.680773
0.751330
0.465148
1.016481
0.763522
