1
512
-1146.328159
-791.158645
925.398594
-214.710611
-2682.801060
-1145.431341
4923.720204
3223.067741
-1843.193109
1989.785672
393.411424
3296.412321
-994.877923
753.730918
-305.918671
-481.428674
802.114879
2047.351108
-148.029150
3637.535896
1020.193154
4013.543615
2916.984456
-1507.620789
3756.469728
-578.830648
-1416.021964
549.176322
-1124.317041
-1306.070419
-1339.193105
-1137.785490
-1702.759456
-1348.131406
752.051732
4150.031538
-745.454188
3269.103352
-925.794230
2569.759015
1392.948022
4806.879779
971.414895
-741.434801
-956.990366
3889.848447
2609.171140
244.218050
-2133.299931
2197.721101
482.340496
1304.740741
-1394.477229
-570.943724
1759.261758
-1106.975725
3236.142260
-513.091194
-1446.773153
-152.195809
314.298210
2628.755698
-607.867012
2753.913592
-2243.822087
-619.240188
1945.940772
-1632.474508
879.151413
1036.641949
2697.191361
3024.284868
4958.172301
-2340.587706
2392.774148
144.934911
3246.974185
-2101.598766
653.569302
2516.634130
-558.059106
4799.202531
-1633.111266
31.557719
2959.554923
2832.569087
4025.963115
1118.065544
-962.554587
-484.417174
1234.374825
-1726.815182
-383.997509
-2102.068228
-1388.307674
1433.228255
1142.529485
1955.099412
347.085439
-2181.831268
4023.185777
-315.738553
1851.087471
2760.974902
-815.038910
2462.246003
-316.300848
1250.299062
3028.918991
-801.861595
-2016.000580
3059.224387
-953.183947
-1266.232102
929.064268
961.122086
-644.297922
-1758.038341
712.679760
-1152.828591
2271.874528
-2101.040097
-2148.813657
-353.765613
78.646655
2878.857564
3794.324682
-490.800094
-1239.269506
-2106.826437
-1465.612818
-656.796773
-1082.121798
-1635.056703
-710.015378
1365.190261
1355.145179
1253.827125
2643.285178
-530.154680
4015.592609
-1892.586603
-2367.510098
-670.947962
1171.245327
1208.949596
-1954.420511
3906.571632
1725.543189
899.801681
1005.800322
1492.718640
-2100.674688
-1974.000949
3647.042248
2143.745385
2187.850218
-1480.975471
-1079.514594
3601.228158
2732.804398
-472.229557
1980.579198
935.563149
1745.493601
773.643987
480.780972
1732.622362
-2079.364763
-584.125589
-716.136863
3208.118686
-1534.668825
-499.109292
-1378.280456
351.202909
686.719193
-593.301127
-736.921681
-1635.690368
-496.927734
-1566.328815
-765.209986
-1568.804091
1783.998429
-15.434478
-2023.542491
260.607185
1754.654222
-534.451553
2334.627375
1127.359561
2640.981198
2357.584236
-2067.372759
464.209885
-90.467005
-650.687072
2833.320001
2516.189029
1459.928669
1956.938460
2224.502108
772.663289
356.460201
2963.224654
-496.367359
-1372.457072
-393.770918
-1634.718520
-653.047784
-1463.313335
2234.020910
2988.993606
-1164.376459
-753.613924
-2798.596241
-1372.004840
4388.874805
1591.180179
-317.933922
-1054.884126
1636.331833
2325.400935
-2376.237371
4564.870994
-269.625632
2419.575339
588.501690
1660.842059
3107.263048
2685.442601
2893.382863
-1169.191686
2121.834162
2456.341992
536.054183
3342.037709
-1651.381163
2042.898339
859.769724
-875.052916
2496.136122
-675.511979
-569.032588
-28.023523
352.852225
2173.403239
738.005825
645.685865
645.113042
-1417.871011
3030.954450
-1695.850622
861.484789
3909.350868
2636.150971
227.680590
-1894.329697
-1251.444526
3120.140513
441.713922
668.352055
794.826809
-1573.560956
-228.246988
-1160.011368
3159.121624
-1471.666189
3420.883199
12.904341
-2000.080881
2402.628324
3109.551544
-2148.182739
-896.786521
3626.230888
699.887164
2177.940363
926.377317
584.361502
357.666734
-526.559487
-615.698805
170.366742
-2550.990599
-1385.179282
2022.796325
-1826.474522
1207.180227
-1028.956064
-1953.177620
-2083.662551
3088.633479
-701.934706
1910.743263
3065.354148
3929.973191
938.728072
-1587.831753
-1398.426006
1330.603326
134.653330
-1386.804686
485.960038
1488.576306
-485.296852
-958.431414
-1594.685462
-1243.017737
-1159.993292
-2194.354125
2281.825566
2417.074478
-1372.434989
1025.752477
-197.945117
-101.061727
4356.653833
-2232.249853
2673.247970
-37.371979
3529.297688
2258.204884
-1701.533676
723.201434
-391.511230
3202.956545
-1011.119124
-218.360618
2070.197126
-340.053622
-1012.458347
3190.411167
1105.401659
765.337931
-1802.324142
-2125.858331
-1403.547555
2020.051905
-1788.076041
2068.638269
2650.734485
437.550375
2303.169862
-232.844421
3259.856680
-2299.994556
-1580.127533
654.337553
-1303.249864
-1338.867665
1629.990528
-1669.261760
4085.767915
4200.737279
34.717073
1737.880068
-266.827867
2027.147151
-694.135717
176.236006
1700.448787
-803.009519
3444.803001
464.247106
3712.255180
-1542.922196
2229.289853
3380.050774
-682.016008
2277.143351
1557.973778
-2099.953174
3093.625632
2627.999807
4687.326375
-1573.991861
3005.481566
-955.560379
-846.877314
3129.229618
104.669904
2470.997735
3413.355689
3943.706477
-1265.647913
35.976615
-1946.535847
4322.969380
2930.294163
-1809.533888
1427.264955
2707.463284
3345.154402
287.358040
3327.974657
-1563.050311
-1679.664213
4051.049562
-1575.645230
4458.627428
-967.822137
328.852925
-296.882851
-1565.848778
-133.450216
-1578.705782
98.243770
-1332.844137
1006.613236
2488.598254
-358.801668
809.551755
-1021.408432
2174.143107
-1232.459359
-1470.581284
3243.773506
-335.453084
-1017.896670
3314.726420
510.628338
-755.942788
-1319.129904
3282.193280
1469.184432
1955.434404
-263.488135
3710.068963
1248.995015
3813.809778
-2865.981405
-490.593516
-1017.857917
-1091.096418
-767.674720
-1681.870368
2101.169306
-1266.458784
234.923935
-864.414564
-921.151320
-1740.061449
-1070.923430
2565.186546
1940.543808
-1410.010176
-1364.588120
-2566.531177
2660.762678
-1714.937794
2273.965895
1124.205196
549.383796
2958.058672
2248.041772
478.393755
1950.305915
1403.231242
1514.281283
3195.475201
372.714331
1141.475318
1908.892783
3545.030629
-2223.199561
1881.308564
-1176.724081
-1776.236452
-1754.644139
-584.673266
991.283325
2470.451386
3062.437626
-1776.128453
536.529118
-1597.098805
-710.845336
2421.289506
-1034.924625
1919.553660
522.073711
121.620630
2142.574691
-1191.359150
-1916.653763
1818.598749
3519.240341
-1781.923379
-281.656758
1127.666904
691.881427
1879.193920
-1267.952635
-2009.639725
-1320.350554
522.750778
-1124.553144
-871.916699
2751.739933
-1447.697120
-2070.403741
-1057.311538
-926.555337
2887.155867
1316.929524
-993.056905
713.188572
-730.688580
2761.543333
3227.172255
