1
120
-3.033225
-5.952849
-5.367394
-5.771591
-4.886208
-4.950697
-2.944092
-3.904515
-1.040300
-9.503451
-6.090118
-5.585618
-5.353399
-8.320420
-7.781514
-5.618778
-6.595930
-7.904452
-7.440021
-3.245627
-6.082470
-5.942395
-7.878413
-9.285641
-2.743323
-4.558767
-3.257640
-9.387622
-7.804044
-8.665160
-6.842846
-6.114361
-6.443675
-7.380647
-5.290793
-4.742752
-5.301733
-2.766771
-8.292970
-7.857684
-5.500559
-12.052810
-6.106399
-7.563597
-4.872584
-5.060643
-9.848744
-2.957578
-9.057463
-6.172067
-8.512885
-5.101405
-5.857910
-7.234667
-4.467795
-2.950574
-6.387553
-3.611622
-7.518188
-7.198460
-4.171065
-10.471448
-5.983112
-5.000534
-1.542965
-4.967195
-5.607655
-5.195913
-5.452392
-7.222526
-8.852720
-8.145669
-4.310197
-4.725053
-4.745445
-4.730888
-4.450531
-5.876525
-4.941475
-5.200546
-8.263457
-6.868002
-4.206727
-8.108099
-3.655993
-5.290127
-5.722140
-8.992099
-4.464094
-8.732003
-3.210425
-7.969232
-3.861517
-4.981927
-7.549911
-4.864368
-4.697611
-8.363297
-6.340199
-5.920477
-3.531635
-5.267220
-6.919865
-8.822371
-7.155251
-8.018138
-5.772157
-6.932848
-4.942548
-6.472321
-6.355007
-4.281618
-5.012879
-7.232571
-6.422380
-4.249931
-9.015163
-5.659919
-10.500520
-8.028446
