1
512
-18494.438973
-13090.801780
979.327945
-152.200967
-14601.222220
-7741.854364
8612.335487
8840.158760
-5631.531041
3879.082705
4511.124954
10903.798902
-7617.006975
-12969.176990
-12473.843429
-5835.841067
3729.702994
9855.676148
1314.403857
17283.671023
3605.258225
21238.051357
14422.830766
-6525.813969
16056.906948
-20802.505450
-3914.109134
3699.536956
-1721.460677
103.164089
-4861.319286
-7001.397322
-5212.459378
-5572.673437
3663.052744
8383.946395
-16630.185180
16266.498178
-17505.776604
7189.913593
3704.422009
12599.953062
958.887296
-12119.399491
-9661.449966
17289.466929
-3168.373693
4543.769220
-15322.284186
10277.573066
1566.598579
7403.367318
-12876.743749
-3165.961953
5536.554960
-12568.014857
15856.235916
-3977.648397
304.901997
-10762.636768
2851.139311
9537.509103
-4053.115832
-1926.835654
-11527.170785
-571.654360
-16041.387053
-7932.062399
5254.889478
-21723.602532
19187.694474
12431.757492
5863.724731
-8970.000582
11765.410158
-9526.145889
10915.735129
-1991.061348
-5990.441043
20302.848772
-4205.794344
14207.559212
-7921.062914
4041.161064
23175.462908
10493.509326
3281.498227
7961.359672
-1648.514957
-2688.586866
8603.423406
-2808.159947
-3786.705848
-4559.730540
-9229.284773
4794.214854
3679.873070
-8791.108233
1211.831156
-7371.527042
18714.312641
1274.486072
-6797.158476
9095.932021
-4876.573035
8945.914372
-14879.765456
5584.615540
12993.995374
1163.827321
-14768.647034
11462.973430
-18799.478715
-8699.833457
5372.215179
-600.322157
-1974.335997
-12173.175222
6170.072835
-13570.265276
-564.002853
-8190.856152
-12936.891665
-739.723604
-12939.892078
5741.765676
4252.750296
-20038.046383
-16342.974273
-10458.799570
-6310.701075
-2317.814718
-5269.494174
-11154.764788
-663.697738
-1226.144854
-18087.585522
4036.267825
4092.104292
2609.575865
15961.427183
-670.395538
-13271.263121
-5573.960395
6938.700862
8017.636538
-857.329387
16760.249957
7641.847409
4532.286124
-14397.469327
239.057750
-9012.388316
-3884.322288
7401.351657
-13209.175773
12962.130799
-5436.756744
-5047.968799
12945.747715
21669.166323
-1842.466793
9166.282497
5465.087587
6032.151935
4595.417529
-20603.153523
11532.392609
-7655.184204
2056.355428
-47.705247
12482.719644
-6299.161552
-3072.435205
-7413.795456
2934.206656
3254.274576
-4047.383608
67.310911
-8968.631542
-8729.222035
-14282.898867
-1277.684603
-7225.561998
10413.642615
-5206.965120
-11965.068884
284.356142
8863.684739
-4949.263677
7383.763090
22850.317665
8212.499102
9391.209935
-5621.439390
1420.038528
3007.622755
-2202.885646
-11238.940654
15231.482572
4838.931037
-13589.526793
3436.383708
1217.982241
3336.949135
8831.775846
-8602.926489
-8575.871607
-4164.475190
-11197.059956
-362.851055
-4758.704255
8475.394198
9309.481817
-13767.857045
-5891.818885
-17499.213033
-11971.810828
18461.372976
10079.686659
-7882.425040
-18216.006494
7025.431918
9857.133555
-3362.462017
9147.011853
159.742100
12252.667286
-434.842693
-21461.337699
10004.257091
-6115.568205
9417.535797
-3888.078452
8789.616228
8393.900675
5385.755265
12860.296539
-20556.017680
8189.057235
4299.564370
-6660.794935
7884.747358
2677.944106
1956.504707
-3767.959125
697.163358
219.245827
4286.000861
-2637.652823
5336.552989
-10300.319797
3763.322162
-6157.232511
5145.548181
11893.487924
9218.387590
-1440.344734
-11518.795716
-4768.070302
11000.918915
4686.060805
-17329.950914
-17621.161261
-6437.556979
2166.899367
-9809.126643
13873.575686
-6174.972901
13534.217393
-16874.170950
-3932.726785
9083.625841
10794.799160
-18649.430781
-16924.666233
9326.189274
-2119.312736
9784.994380
5690.502588
713.527819
2678.099085
70.553531
2529.395892
887.836926
-12728.980266
-8082.008430
7076.082876
-18663.763235
-18866.788493
-9462.079679
-14140.373167
-12468.746899
12946.345512
476.356874
8075.598418
12317.416583
19384.839342
-6437.538544
-8429.100943
-5356.147327
9605.918603
1824.290238
-8968.852823
3478.715155
6319.751931
-1406.764622
-3684.239731
-8184.153419
-8229.323258
-2857.968551
-10491.113991
11584.241266
11539.532318
-15600.081555
6564.290874
-1474.988071
1797.544315
20946.770777
-6217.984802
-5955.797397
418.188125
-67.815309
6355.271452
-428.815584
6134.890644
-6309.223205
12018.567605
-6619.441662
-1325.076442
8604.480490
3161.641632
-6397.403099
13967.952619
-15776.447167
-5558.611769
-4076.701870
-8586.099060
-8325.777154
14262.308193
-14789.444097
-14342.733040
13035.922507
4457.864534
7507.727828
-8110.216926
2814.815849
-14893.936110
-6714.572253
3403.979883
-9602.976840
-6187.628588
10144.606471
-6558.156942
14048.003522
8053.404679
-4415.649246
9150.144606
682.628444
7409.512736
-694.576517
3717.455306
-13071.541637
-6808.497772
14487.860341
-12809.238986
16000.782808
-9942.510494
1613.125112
13514.560025
-10082.423219
209.779156
6713.803826
-15825.051971
3196.213679
-22600.461871
20669.600891
-9188.190709
8993.439092
-5486.506143
-7125.619870
5484.434572
1700.937175
13640.282709
2505.737624
21180.424948
-5961.828871
-2141.107702
-10691.721806
16004.290607
4336.599138
-5049.212567
16586.326150
6818.296244
19537.984651
4726.412332
1002.508924
-11586.979387
-15725.029192
11422.828762
-11755.808163
15609.359620
-4010.052858
3259.649226
-1272.875375
-11879.310838
-6579.819119
-11230.527662
2144.076272
-14239.364061
3614.751088
15369.845737
-16337.760058
5113.885896
-3673.545303
10282.271759
-8599.786818
-640.621355
10962.491232
429.800452
-417.068276
8652.049045
-18865.000153
-11226.324056
-14928.929358
6945.323618
8929.898312
7766.010447
-10882.609136
15705.281408
-15763.915567
18497.938112
-17995.401489
-4427.364224
-9199.166464
1669.863885
-18.772540
-3274.475399
11174.583390
-2917.114769
3292.635962
-16808.195806
-8568.628020
-535.527167
-6453.481034
9243.104674
-12733.843980
-2839.490939
-11085.862595
-11114.573781
9428.470017
-2999.055647
11708.046067
6753.812014
1583.663621
13996.711205
10336.236188
-2285.825774
7502.895850
6648.155455
9774.395382
13088.797427
813.569717
6661.529821
12023.113543
14217.586695
-14263.278696
3650.383132
-7445.554289
-7225.564067
-6646.100133
-3646.752346
-6410.168853
6655.150231
9014.328735
-13732.853774
2711.407770
-5050.959291
-6021.942127
-17414.645931
-10933.519156
5904.486124
2084.525449
1474.775303
-6906.300464
-3911.268928
-11106.583914
6584.436824
15213.695006
-13875.713598
-3506.990095
-14141.970310
-6640.031148
214.976017
-3258.785329
-4029.951732
-1397.358420
2761.303998
-15206.650893
-14043.269560
-2924.796429
-12579.432722
-5611.380846
2794.591340
-13.239680
10626.261270
5096.206419
-5035.063866
6983.411481
-2919.475768
10148.547241
7419.505292
