1
120
-6.948204
-6.554752
-9.089957
-8.076719
-7.713736
-8.747989
-5.913852
-8.788226
-9.923011
-7.945734
-6.587784
-6.855383
-8.170414
-8.276536
-10.024563
-8.237831
-8.781315
-7.444780
-8.812845
-7.137461
-7.048555
-7.600692
-6.583178
-8.035817
-8.842335
-7.241163
-5.971327
-5.975670
-6.466243
-8.619361
-6.012333
-6.318518
-4.695820
-7.845335
-7.317120
-7.490434
-8.999596
-8.001637
-8.681527
-5.768474
-7.056698
-7.793015
-5.958593
-4.655208
-7.227974
-8.479947
-7.845248
-7.342332
-9.413530
-6.949546
-10.072960
-5.004533
-6.191671
-6.447883
-9.317977
-11.384978
-5.091527
-8.704728
-8.345766
-3.668413
-6.873850
-11.014772
-7.240164
-6.038933
-9.268200
-7.099991
-10.160479
-6.886813
-5.397735
-7.248241
-8.792529
-7.416106
-8.198020
-7.100557
-6.090350
-7.797226
-5.854092
-7.559993
-8.426368
-9.083428
-6.715364
-6.654728
-5.313737
-8.353577
-7.804308
-7.293634
-7.647964
-6.900642
-6.121542
-8.474592
-6.185186
-7.761748
-7.306096
-7.389613
-8.958755
-8.574142
-7.259834
-6.674347
-6.511639
-8.540338
-7.682013
-7.418763
-5.313684
-9.108069
-8.353340
-6.938482
-7.129844
-7.632501
-5.622377
-8.055387
-5.946881
-2.795412
-6.735047
-4.956386
-7.435844
-6.820663
-8.923171
-6.450995
-8.187389
-8.317167
