1
120
0.672679
0.288663
0.347621
0.393427
0.688268
0.253025
0.350465
0.495670
0.498442
-0.031651
0.283864
0.430822
0.327895
0.497633
0.577117
0.276875
-0.223018
0.438518
0.466609
0.612790
0.369938
0.244564
0.326945
-0.128019
0.385563
-0.095994
0.036814
0.097408
0.063821
-0.076853
-0.225802
-0.018621
0.034092
0.063720
0.216888
-0.066223
0.136830
-0.009122
-0.002874
-0.099424
-0.097687
-0.094994
-0.227422
-0.093187
0.086768
0.192336
-0.231086
-0.075242
0.177864
-0.239581
-0.000838
-0.223134
-0.178200
-0.141931
-0.185927
-0.232603
-0.197554
-0.279564
-0.282534
-0.214265
-0.244962
-0.238594
0.281397
-0.111420
0.133185
0.068734
-0.098045
-0.083587
0.346914
0.441857
1.131322
-0.211358
-0.192562
-0.253656
-0.267632
-0.248734
-0.227789
-0.247823
-0.264685
-0.261613
-0.262477
-0.230390
-0.272619
-0.260363
-0.203599
-0.268048
-0.277115
-0.242266
-0.161752
0.146649
0.108911
0.095273
-0.176157
-0.053953
-0.206570
-0.256806
-0.258549
-0.182026
-0.253846
-0.253685
-0.264965
-0.288845
-0.250573
-0.293715
-0.263017
-0.232217
-0.269755
-0.233111
-0.262756
-0.236831
-0.262413
-0.266391
-0.234430
-0.242693
-0.234337
-0.220004
-0.203360
-0.256979
-0.238069
2.412316
